15	1	40000
15	40001	80000
15	80001	120000
15	120001	160000
15	160001	200000
15	200001	240000
15	240001	280000
15	280001	320000
15	320001	360000
15	360001	400000
15	400001	440000
15	440001	480000
15	480001	520000
15	520001	560000
15	560001	600000
15	600001	640000
15	640001	680000
15	680001	720000
15	720001	760000
15	760001	800000
15	800001	840000
15	840001	880000
15	880001	920000
15	920001	960000
15	960001	1000000
15	1000001	1040000
15	1040001	1080000
15	1080001	1120000
15	1120001	1160000
15	1160001	1200000
15	1200001	1240000
15	1240001	1280000
15	1280001	1320000
15	1320001	1360000
15	1360001	1400000
15	1400001	1440000
15	1440001	1480000
15	1480001	1520000
15	1520001	1560000
15	1560001	1600000
15	1600001	1640000
15	1640001	1680000
15	1680001	1720000
15	1720001	1760000
15	1760001	1800000
15	1800001	1840000
15	1840001	1880000
15	1880001	1920000
15	1920001	1960000
15	1960001	2000000
15	2000001	2040000
15	2040001	2080000
15	2080001	2120000
15	2120001	2160000
15	2160001	2200000
15	2200001	2240000
15	2240001	2280000
15	2280001	2320000
15	2320001	2360000
15	2360001	2400000
15	2400001	2440000
15	2440001	2480000
15	2480001	2520000
15	2520001	2560000
15	2560001	2600000
15	2600001	2640000
15	2640001	2680000
15	2680001	2720000
15	2720001	2760000
15	2760001	2800000
15	2800001	2840000
15	2840001	2880000
15	2880001	2920000
15	2920001	2960000
15	2960001	3000000
15	3000001	3040000
15	3040001	3080000
15	3080001	3120000
15	3120001	3160000
15	3160001	3200000
15	3200001	3240000
15	3240001	3280000
15	3280001	3320000
15	3320001	3360000
15	3360001	3400000
15	3400001	3440000
15	3440001	3480000
15	3480001	3520000
15	3520001	3560000
15	3560001	3600000
15	3600001	3640000
15	3640001	3680000
15	3680001	3720000
15	3720001	3760000
15	3760001	3800000
15	3800001	3840000
15	3840001	3880000
15	3880001	3920000
15	3920001	3960000
15	3960001	4000000
15	4000001	4040000
15	4040001	4080000
15	4080001	4120000
15	4120001	4160000
15	4160001	4200000
15	4200001	4240000
15	4240001	4280000
15	4280001	4320000
15	4320001	4360000
15	4360001	4400000
15	4400001	4440000
15	4440001	4480000
15	4480001	4520000
15	4520001	4560000
15	4560001	4600000
15	4600001	4640000
15	4640001	4680000
15	4680001	4720000
15	4720001	4760000
15	4760001	4800000
15	4800001	4840000
15	4840001	4880000
15	4880001	4920000
15	4920001	4960000
15	4960001	5000000
15	5000001	5040000
15	5040001	5080000
15	5080001	5120000
15	5120001	5160000
15	5160001	5200000
15	5200001	5240000
15	5240001	5280000
15	5280001	5320000
15	5320001	5360000
15	5360001	5400000
15	5400001	5440000
15	5440001	5480000
15	5480001	5520000
15	5520001	5560000
15	5560001	5600000
15	5600001	5640000
15	5640001	5680000
15	5680001	5720000
15	5720001	5760000
15	5760001	5800000
15	5800001	5840000
15	5840001	5880000
15	5880001	5920000
15	5920001	5960000
15	5960001	6000000
15	6000001	6040000
15	6040001	6080000
15	6080001	6120000
15	6120001	6160000
15	6160001	6200000
15	6200001	6240000
15	6240001	6280000
15	6280001	6320000
15	6320001	6360000
15	6360001	6400000
15	6400001	6440000
15	6440001	6480000
15	6480001	6520000
15	6520001	6560000
15	6560001	6600000
15	6600001	6640000
15	6640001	6680000
15	6680001	6720000
15	6720001	6760000
15	6760001	6800000
15	6800001	6840000
15	6840001	6880000
15	6880001	6920000
15	6920001	6960000
15	6960001	7000000
15	7000001	7040000
15	7040001	7080000
15	7080001	7120000
15	7120001	7160000
15	7160001	7200000
15	7200001	7240000
15	7240001	7280000
15	7280001	7320000
15	7320001	7360000
15	7360001	7400000
15	7400001	7440000
15	7440001	7480000
15	7480001	7520000
15	7520001	7560000
15	7560001	7600000
15	7600001	7640000
15	7640001	7680000
15	7680001	7720000
15	7720001	7760000
15	7760001	7800000
15	7800001	7840000
15	7840001	7880000
15	7880001	7920000
15	7920001	7960000
15	7960001	8000000
15	8000001	8040000
15	8040001	8080000
15	8080001	8120000
15	8120001	8160000
15	8160001	8200000
15	8200001	8240000
15	8240001	8280000
15	8280001	8320000
15	8320001	8360000
15	8360001	8400000
15	8400001	8440000
15	8440001	8480000
15	8480001	8520000
15	8520001	8560000
15	8560001	8600000
15	8600001	8640000
15	8640001	8680000
15	8680001	8720000
15	8720001	8760000
15	8760001	8800000
15	8800001	8840000
15	8840001	8880000
15	8880001	8920000
15	8920001	8960000
15	8960001	9000000
15	9000001	9040000
15	9040001	9080000
15	9080001	9120000
15	9120001	9160000
15	9160001	9200000
15	9200001	9240000
15	9240001	9280000
15	9280001	9320000
15	9320001	9360000
15	9360001	9400000
15	9400001	9440000
15	9440001	9480000
15	9480001	9520000
15	9520001	9560000
15	9560001	9600000
15	9600001	9640000
15	9640001	9680000
15	9680001	9720000
15	9720001	9760000
15	9760001	9800000
15	9800001	9840000
15	9840001	9880000
15	9880001	9920000
15	9920001	9960000
15	9960001	10000000
15	10000001	10040000
15	10040001	10080000
15	10080001	10120000
15	10120001	10160000
15	10160001	10200000
15	10200001	10240000
15	10240001	10280000
15	10280001	10320000
15	10320001	10360000
15	10360001	10400000
15	10400001	10440000
15	10440001	10480000
15	10480001	10520000
15	10520001	10560000
15	10560001	10600000
15	10600001	10640000
15	10640001	10680000
15	10680001	10720000
15	10720001	10760000
15	10760001	10800000
15	10800001	10840000
15	10840001	10880000
15	10880001	10920000
15	10920001	10960000
15	10960001	11000000
15	11000001	11040000
15	11040001	11080000
15	11080001	11120000
15	11120001	11160000
15	11160001	11200000
15	11200001	11240000
15	11240001	11280000
15	11280001	11320000
15	11320001	11360000
15	11360001	11400000
15	11400001	11440000
15	11440001	11480000
15	11480001	11520000
15	11520001	11560000
15	11560001	11600000
15	11600001	11640000
15	11640001	11680000
15	11680001	11720000
15	11720001	11760000
15	11760001	11800000
15	11800001	11840000
15	11840001	11880000
15	11880001	11920000
15	11920001	11960000
15	11960001	12000000
15	12000001	12040000
15	12040001	12080000
15	12080001	12120000
15	12120001	12160000
15	12160001	12200000
15	12200001	12240000
15	12240001	12280000
15	12280001	12320000
15	12320001	12360000
15	12360001	12400000
15	12400001	12440000
15	12440001	12480000
15	12480001	12520000
15	12520001	12560000
15	12560001	12600000
15	12600001	12640000
15	12640001	12680000
15	12680001	12720000
15	12720001	12760000
15	12760001	12800000
15	12800001	12840000
15	12840001	12880000
15	12880001	12920000
15	12920001	12960000
15	12960001	13000000
15	13000001	13040000
15	13040001	13080000
15	13080001	13120000
15	13120001	13160000
15	13160001	13200000
15	13200001	13240000
15	13240001	13280000
15	13280001	13320000
15	13320001	13360000
15	13360001	13400000
15	13400001	13440000
15	13440001	13480000
15	13480001	13520000
15	13520001	13560000
15	13560001	13600000
15	13600001	13640000
15	13640001	13680000
15	13680001	13720000
15	13720001	13760000
15	13760001	13800000
15	13800001	13840000
15	13840001	13880000
15	13880001	13920000
15	13920001	13960000
15	13960001	14000000
15	14000001	14040000
15	14040001	14080000
15	14080001	14120000
15	14120001	14160000
15	14160001	14200000
15	14200001	14240000
15	14240001	14280000
15	14280001	14320000
15	14320001	14360000
15	14360001	14400000
15	14400001	14440000
15	14440001	14480000
15	14480001	14520000
15	14520001	14560000
15	14560001	14600000
15	14600001	14640000
15	14640001	14680000
15	14680001	14720000
15	14720001	14760000
15	14760001	14800000
15	14800001	14840000
15	14840001	14880000
15	14880001	14920000
15	14920001	14960000
15	14960001	15000000
15	15000001	15040000
15	15040001	15080000
15	15080001	15120000
15	15120001	15160000
15	15160001	15200000
15	15200001	15240000
15	15240001	15280000
15	15280001	15320000
15	15320001	15360000
15	15360001	15400000
15	15400001	15440000
15	15440001	15480000
15	15480001	15520000
15	15520001	15560000
15	15560001	15600000
15	15600001	15640000
15	15640001	15680000
15	15680001	15720000
15	15720001	15760000
15	15760001	15800000
15	15800001	15840000
15	15840001	15880000
15	15880001	15920000
15	15920001	15960000
15	15960001	16000000
15	16000001	16040000
15	16040001	16080000
15	16080001	16120000
15	16120001	16160000
15	16160001	16200000
15	16200001	16240000
15	16240001	16280000
15	16280001	16320000
15	16320001	16360000
15	16360001	16400000
15	16400001	16440000
15	16440001	16480000
15	16480001	16520000
15	16520001	16560000
15	16560001	16600000
15	16600001	16640000
15	16640001	16680000
15	16680001	16720000
15	16720001	16760000
15	16760001	16800000
15	16800001	16840000
15	16840001	16880000
15	16880001	16920000
15	16920001	16960000
15	16960001	17000000
15	17000001	17040000
15	17040001	17080000
15	17080001	17120000
15	17120001	17160000
15	17160001	17200000
15	17200001	17240000
15	17240001	17280000
15	17280001	17320000
15	17320001	17360000
15	17360001	17400000
15	17400001	17440000
15	17440001	17480000
15	17480001	17520000
15	17520001	17560000
15	17560001	17600000
15	17600001	17640000
15	17640001	17680000
15	17680001	17720000
15	17720001	17760000
15	17760001	17800000
15	17800001	17840000
15	17840001	17880000
15	17880001	17920000
15	17920001	17960000
15	17960001	18000000
15	18000001	18040000
15	18040001	18080000
15	18080001	18120000
15	18120001	18160000
15	18160001	18200000
15	18200001	18240000
15	18240001	18280000
15	18280001	18320000
15	18320001	18360000
15	18360001	18400000
15	18400001	18440000
15	18440001	18480000
15	18480001	18520000
15	18520001	18560000
15	18560001	18600000
15	18600001	18640000
15	18640001	18680000
15	18680001	18720000
15	18720001	18760000
15	18760001	18800000
15	18800001	18840000
15	18840001	18880000
15	18880001	18920000
15	18920001	18960000
15	18960001	19000000
15	19000001	19040000
15	19040001	19080000
15	19080001	19120000
15	19120001	19160000
15	19160001	19200000
15	19200001	19240000
15	19240001	19280000
15	19280001	19320000
15	19320001	19360000
15	19360001	19400000
15	19400001	19440000
15	19440001	19480000
15	19480001	19520000
15	19520001	19560000
15	19560001	19600000
15	19600001	19640000
15	19640001	19680000
15	19680001	19720000
15	19720001	19760000
15	19760001	19800000
15	19800001	19840000
15	19840001	19880000
15	19880001	19920000
15	19920001	19960000
15	19960001	20000000
15	20000001	20040000
15	20040001	20080000
15	20080001	20120000
15	20120001	20160000
15	20160001	20200000
15	20200001	20240000
15	20240001	20280000
15	20280001	20320000
15	20320001	20360000
15	20360001	20400000
15	20400001	20440000
15	20440001	20480000
15	20480001	20520000
15	20520001	20560000
15	20560001	20600000
15	20600001	20640000
15	20640001	20680000
15	20680001	20720000
15	20720001	20760000
15	20760001	20800000
15	20800001	20840000
15	20840001	20880000
15	20880001	20920000
15	20920001	20960000
15	20960001	21000000
15	21000001	21040000
15	21040001	21080000
15	21080001	21120000
15	21120001	21160000
15	21160001	21200000
15	21200001	21240000
15	21240001	21280000
15	21280001	21320000
15	21320001	21360000
15	21360001	21400000
15	21400001	21440000
15	21440001	21480000
15	21480001	21520000
15	21520001	21560000
15	21560001	21600000
15	21600001	21640000
15	21640001	21680000
15	21680001	21720000
15	21720001	21760000
15	21760001	21800000
15	21800001	21840000
15	21840001	21880000
15	21880001	21920000
15	21920001	21960000
15	21960001	22000000
15	22000001	22040000
15	22040001	22080000
15	22080001	22120000
15	22120001	22160000
15	22160001	22200000
15	22200001	22240000
15	22240001	22280000
15	22280001	22320000
15	22320001	22360000
15	22360001	22400000
15	22400001	22440000
15	22440001	22480000
15	22480001	22520000
15	22520001	22560000
15	22560001	22600000
15	22600001	22640000
15	22640001	22680000
15	22680001	22720000
15	22720001	22760000
15	22760001	22800000
15	22800001	22840000
15	22840001	22880000
15	22880001	22920000
15	22920001	22960000
15	22960001	23000000
15	23000001	23040000
15	23040001	23080000
15	23080001	23120000
15	23120001	23160000
15	23160001	23200000
15	23200001	23240000
15	23240001	23280000
15	23280001	23320000
15	23320001	23360000
15	23360001	23400000
15	23400001	23440000
15	23440001	23480000
15	23480001	23520000
15	23520001	23560000
15	23560001	23600000
15	23600001	23640000
15	23640001	23680000
15	23680001	23720000
15	23720001	23760000
15	23760001	23800000
15	23800001	23840000
15	23840001	23880000
15	23880001	23920000
15	23920001	23960000
15	23960001	24000000
15	24000001	24040000
15	24040001	24080000
15	24080001	24120000
15	24120001	24160000
15	24160001	24200000
15	24200001	24240000
15	24240001	24280000
15	24280001	24320000
15	24320001	24360000
15	24360001	24400000
15	24400001	24440000
15	24440001	24480000
15	24480001	24520000
15	24520001	24560000
15	24560001	24600000
15	24600001	24640000
15	24640001	24680000
15	24680001	24720000
15	24720001	24760000
15	24760001	24800000
15	24800001	24840000
15	24840001	24880000
15	24880001	24920000
15	24920001	24960000
15	24960001	25000000
15	25000001	25040000
15	25040001	25080000
15	25080001	25120000
15	25120001	25160000
15	25160001	25200000
15	25200001	25240000
15	25240001	25280000
15	25280001	25320000
15	25320001	25360000
15	25360001	25400000
15	25400001	25440000
15	25440001	25480000
15	25480001	25520000
15	25520001	25560000
15	25560001	25600000
15	25600001	25640000
15	25640001	25680000
15	25680001	25720000
15	25720001	25760000
15	25760001	25800000
15	25800001	25840000
15	25840001	25880000
15	25880001	25920000
15	25920001	25960000
15	25960001	26000000
15	26000001	26040000
15	26040001	26080000
15	26080001	26120000
15	26120001	26160000
15	26160001	26200000
15	26200001	26240000
15	26240001	26280000
15	26280001	26320000
15	26320001	26360000
15	26360001	26400000
15	26400001	26440000
15	26440001	26480000
15	26480001	26520000
15	26520001	26560000
15	26560001	26600000
15	26600001	26640000
15	26640001	26680000
15	26680001	26720000
15	26720001	26760000
15	26760001	26800000
15	26800001	26840000
15	26840001	26880000
15	26880001	26920000
15	26920001	26960000
15	26960001	27000000
15	27000001	27040000
15	27040001	27080000
15	27080001	27120000
15	27120001	27160000
15	27160001	27200000
15	27200001	27240000
15	27240001	27280000
15	27280001	27320000
15	27320001	27360000
15	27360001	27400000
15	27400001	27440000
15	27440001	27480000
15	27480001	27520000
15	27520001	27560000
15	27560001	27600000
15	27600001	27640000
15	27640001	27680000
15	27680001	27720000
15	27720001	27760000
15	27760001	27800000
15	27800001	27840000
15	27840001	27880000
15	27880001	27920000
15	27920001	27960000
15	27960001	28000000
15	28000001	28040000
15	28040001	28080000
15	28080001	28120000
15	28120001	28160000
15	28160001	28200000
15	28200001	28240000
15	28240001	28280000
15	28280001	28320000
15	28320001	28360000
15	28360001	28400000
15	28400001	28440000
15	28440001	28480000
15	28480001	28520000
15	28520001	28560000
15	28560001	28600000
15	28600001	28640000
15	28640001	28680000
15	28680001	28720000
15	28720001	28760000
15	28760001	28800000
15	28800001	28840000
15	28840001	28880000
15	28880001	28920000
15	28920001	28960000
15	28960001	29000000
15	29000001	29040000
15	29040001	29080000
15	29080001	29120000
15	29120001	29160000
15	29160001	29200000
15	29200001	29240000
15	29240001	29280000
15	29280001	29320000
15	29320001	29360000
15	29360001	29400000
15	29400001	29440000
15	29440001	29480000
15	29480001	29520000
15	29520001	29560000
15	29560001	29600000
15	29600001	29640000
15	29640001	29680000
15	29680001	29720000
15	29720001	29760000
15	29760001	29800000
15	29800001	29840000
15	29840001	29880000
15	29880001	29920000
15	29920001	29960000
15	29960001	30000000
15	30000001	30040000
15	30040001	30080000
15	30080001	30120000
15	30120001	30160000
15	30160001	30200000
15	30200001	30240000
15	30240001	30280000
15	30280001	30320000
15	30320001	30360000
15	30360001	30400000
15	30400001	30440000
15	30440001	30480000
15	30480001	30520000
15	30520001	30560000
15	30560001	30600000
15	30600001	30640000
15	30640001	30680000
15	30680001	30720000
15	30720001	30760000
15	30760001	30800000
15	30800001	30840000
15	30840001	30880000
15	30880001	30920000
15	30920001	30960000
15	30960001	31000000
15	31000001	31040000
15	31040001	31080000
15	31080001	31120000
15	31120001	31160000
15	31160001	31200000
15	31200001	31240000
15	31240001	31280000
15	31280001	31320000
15	31320001	31360000
15	31360001	31400000
15	31400001	31440000
15	31440001	31480000
15	31480001	31520000
15	31520001	31560000
15	31560001	31600000
15	31600001	31640000
15	31640001	31680000
15	31680001	31720000
15	31720001	31760000
15	31760001	31800000
15	31800001	31840000
15	31840001	31880000
15	31880001	31920000
15	31920001	31960000
15	31960001	32000000
15	32000001	32040000
15	32040001	32080000
15	32080001	32120000
15	32120001	32160000
15	32160001	32200000
15	32200001	32240000
15	32240001	32280000
15	32280001	32320000
15	32320001	32360000
15	32360001	32400000
15	32400001	32440000
15	32440001	32480000
15	32480001	32520000
15	32520001	32560000
15	32560001	32600000
15	32600001	32640000
15	32640001	32680000
15	32680001	32720000
15	32720001	32760000
15	32760001	32800000
15	32800001	32840000
15	32840001	32880000
15	32880001	32920000
15	32920001	32960000
15	32960001	33000000
15	33000001	33040000
15	33040001	33080000
15	33080001	33120000
15	33120001	33160000
15	33160001	33200000
15	33200001	33240000
15	33240001	33280000
15	33280001	33320000
15	33320001	33360000
15	33360001	33400000
15	33400001	33440000
15	33440001	33480000
15	33480001	33520000
15	33520001	33560000
15	33560001	33600000
15	33600001	33640000
15	33640001	33680000
15	33680001	33720000
15	33720001	33760000
15	33760001	33800000
15	33800001	33840000
15	33840001	33880000
15	33880001	33920000
15	33920001	33960000
15	33960001	34000000
15	34000001	34040000
15	34040001	34080000
15	34080001	34120000
15	34120001	34160000
15	34160001	34200000
15	34200001	34240000
15	34240001	34280000
15	34280001	34320000
15	34320001	34360000
15	34360001	34400000
15	34400001	34440000
15	34440001	34480000
15	34480001	34520000
15	34520001	34560000
15	34560001	34600000
15	34600001	34640000
15	34640001	34680000
15	34680001	34720000
15	34720001	34760000
15	34760001	34800000
15	34800001	34840000
15	34840001	34880000
15	34880001	34920000
15	34920001	34960000
15	34960001	35000000
15	35000001	35040000
15	35040001	35080000
15	35080001	35120000
15	35120001	35160000
15	35160001	35200000
15	35200001	35240000
15	35240001	35280000
15	35280001	35320000
15	35320001	35360000
15	35360001	35400000
15	35400001	35440000
15	35440001	35480000
15	35480001	35520000
15	35520001	35560000
15	35560001	35600000
15	35600001	35640000
15	35640001	35680000
15	35680001	35720000
15	35720001	35760000
15	35760001	35800000
15	35800001	35840000
15	35840001	35880000
15	35880001	35920000
15	35920001	35960000
15	35960001	36000000
15	36000001	36040000
15	36040001	36080000
15	36080001	36120000
15	36120001	36160000
15	36160001	36200000
15	36200001	36240000
15	36240001	36280000
15	36280001	36320000
15	36320001	36360000
15	36360001	36400000
15	36400001	36440000
15	36440001	36480000
15	36480001	36520000
15	36520001	36560000
15	36560001	36600000
15	36600001	36640000
15	36640001	36680000
15	36680001	36720000
15	36720001	36760000
15	36760001	36800000
15	36800001	36840000
15	36840001	36880000
15	36880001	36920000
15	36920001	36960000
15	36960001	37000000
15	37000001	37040000
15	37040001	37080000
15	37080001	37120000
15	37120001	37160000
15	37160001	37200000
15	37200001	37240000
15	37240001	37280000
15	37280001	37320000
15	37320001	37360000
15	37360001	37400000
15	37400001	37440000
15	37440001	37480000
15	37480001	37520000
15	37520001	37560000
15	37560001	37600000
15	37600001	37640000
15	37640001	37680000
15	37680001	37720000
15	37720001	37760000
15	37760001	37800000
15	37800001	37840000
15	37840001	37880000
15	37880001	37920000
15	37920001	37960000
15	37960001	38000000
15	38000001	38040000
15	38040001	38080000
15	38080001	38120000
15	38120001	38160000
15	38160001	38200000
15	38200001	38240000
15	38240001	38280000
15	38280001	38320000
15	38320001	38360000
15	38360001	38400000
15	38400001	38440000
15	38440001	38480000
15	38480001	38520000
15	38520001	38560000
15	38560001	38600000
15	38600001	38640000
15	38640001	38680000
15	38680001	38720000
15	38720001	38760000
15	38760001	38800000
15	38800001	38840000
15	38840001	38880000
15	38880001	38920000
15	38920001	38960000
15	38960001	39000000
15	39000001	39040000
15	39040001	39080000
15	39080001	39120000
15	39120001	39160000
15	39160001	39200000
15	39200001	39240000
15	39240001	39280000
15	39280001	39320000
15	39320001	39360000
15	39360001	39400000
15	39400001	39440000
15	39440001	39480000
15	39480001	39520000
15	39520001	39560000
15	39560001	39600000
15	39600001	39640000
15	39640001	39680000
15	39680001	39720000
15	39720001	39760000
15	39760001	39800000
15	39800001	39840000
15	39840001	39880000
15	39880001	39920000
15	39920001	39960000
15	39960001	40000000
15	40000001	40040000
15	40040001	40080000
15	40080001	40120000
15	40120001	40160000
15	40160001	40200000
15	40200001	40240000
15	40240001	40280000
15	40280001	40320000
15	40320001	40360000
15	40360001	40400000
15	40400001	40440000
15	40440001	40480000
15	40480001	40520000
15	40520001	40560000
15	40560001	40600000
15	40600001	40640000
15	40640001	40680000
15	40680001	40720000
15	40720001	40760000
15	40760001	40800000
15	40800001	40840000
15	40840001	40880000
15	40880001	40920000
15	40920001	40960000
15	40960001	41000000
15	41000001	41040000
15	41040001	41080000
15	41080001	41120000
15	41120001	41160000
15	41160001	41200000
15	41200001	41240000
15	41240001	41280000
15	41280001	41320000
15	41320001	41360000
15	41360001	41400000
15	41400001	41440000
15	41440001	41480000
15	41480001	41520000
15	41520001	41560000
15	41560001	41600000
15	41600001	41640000
15	41640001	41680000
15	41680001	41720000
15	41720001	41760000
15	41760001	41800000
15	41800001	41840000
15	41840001	41880000
15	41880001	41920000
15	41920001	41960000
15	41960001	42000000
15	42000001	42040000
15	42040001	42080000
15	42080001	42120000
15	42120001	42160000
15	42160001	42200000
15	42200001	42240000
15	42240001	42280000
15	42280001	42320000
15	42320001	42360000
15	42360001	42400000
15	42400001	42440000
15	42440001	42480000
15	42480001	42520000
15	42520001	42560000
15	42560001	42600000
15	42600001	42640000
15	42640001	42680000
15	42680001	42720000
15	42720001	42760000
15	42760001	42800000
15	42800001	42840000
15	42840001	42880000
15	42880001	42920000
15	42920001	42960000
15	42960001	43000000
15	43000001	43040000
15	43040001	43080000
15	43080001	43120000
15	43120001	43160000
15	43160001	43200000
15	43200001	43240000
15	43240001	43280000
15	43280001	43320000
15	43320001	43360000
15	43360001	43400000
15	43400001	43440000
15	43440001	43480000
15	43480001	43520000
15	43520001	43560000
15	43560001	43600000
15	43600001	43640000
15	43640001	43680000
15	43680001	43720000
15	43720001	43760000
15	43760001	43800000
15	43800001	43840000
15	43840001	43880000
15	43880001	43920000
15	43920001	43960000
15	43960001	44000000
15	44000001	44040000
15	44040001	44080000
15	44080001	44120000
15	44120001	44160000
15	44160001	44200000
15	44200001	44240000
15	44240001	44280000
15	44280001	44320000
15	44320001	44360000
15	44360001	44400000
15	44400001	44440000
15	44440001	44480000
15	44480001	44520000
15	44520001	44560000
15	44560001	44600000
15	44600001	44640000
15	44640001	44680000
15	44680001	44720000
15	44720001	44760000
15	44760001	44800000
15	44800001	44840000
15	44840001	44880000
15	44880001	44920000
15	44920001	44960000
15	44960001	45000000
15	45000001	45040000
15	45040001	45080000
15	45080001	45120000
15	45120001	45160000
15	45160001	45200000
15	45200001	45240000
15	45240001	45280000
15	45280001	45320000
15	45320001	45360000
15	45360001	45400000
15	45400001	45440000
15	45440001	45480000
15	45480001	45520000
15	45520001	45560000
15	45560001	45600000
15	45600001	45640000
15	45640001	45680000
15	45680001	45720000
15	45720001	45760000
15	45760001	45800000
15	45800001	45840000
15	45840001	45880000
15	45880001	45920000
15	45920001	45960000
15	45960001	46000000
15	46000001	46040000
15	46040001	46080000
15	46080001	46120000
15	46120001	46160000
15	46160001	46200000
15	46200001	46240000
15	46240001	46280000
15	46280001	46320000
15	46320001	46360000
15	46360001	46400000
15	46400001	46440000
15	46440001	46480000
15	46480001	46520000
15	46520001	46560000
15	46560001	46600000
15	46600001	46640000
15	46640001	46680000
15	46680001	46720000
15	46720001	46760000
15	46760001	46800000
15	46800001	46840000
15	46840001	46880000
15	46880001	46920000
15	46920001	46960000
15	46960001	47000000
15	47000001	47040000
15	47040001	47080000
15	47080001	47120000
15	47120001	47160000
15	47160001	47200000
15	47200001	47240000
15	47240001	47280000
15	47280001	47320000
15	47320001	47360000
15	47360001	47400000
15	47400001	47440000
15	47440001	47480000
15	47480001	47520000
15	47520001	47560000
15	47560001	47600000
15	47600001	47640000
15	47640001	47680000
15	47680001	47720000
15	47720001	47760000
15	47760001	47800000
15	47800001	47840000
15	47840001	47880000
15	47880001	47920000
15	47920001	47960000
15	47960001	48000000
15	48000001	48040000
15	48040001	48080000
15	48080001	48120000
15	48120001	48160000
15	48160001	48200000
15	48200001	48240000
15	48240001	48280000
15	48280001	48320000
15	48320001	48360000
15	48360001	48400000
15	48400001	48440000
15	48440001	48480000
15	48480001	48520000
15	48520001	48560000
15	48560001	48600000
15	48600001	48640000
15	48640001	48680000
15	48680001	48720000
15	48720001	48760000
15	48760001	48800000
15	48800001	48840000
15	48840001	48880000
15	48880001	48920000
15	48920001	48960000
15	48960001	49000000
15	49000001	49040000
15	49040001	49080000
15	49080001	49120000
15	49120001	49160000
15	49160001	49200000
15	49200001	49240000
15	49240001	49280000
15	49280001	49320000
15	49320001	49360000
15	49360001	49400000
15	49400001	49440000
15	49440001	49480000
15	49480001	49520000
15	49520001	49560000
15	49560001	49600000
15	49600001	49640000
15	49640001	49680000
15	49680001	49720000
15	49720001	49760000
15	49760001	49800000
15	49800001	49840000
15	49840001	49880000
15	49880001	49920000
15	49920001	49960000
15	49960001	50000000
15	50000001	50040000
15	50040001	50080000
15	50080001	50120000
15	50120001	50160000
15	50160001	50200000
15	50200001	50240000
15	50240001	50280000
15	50280001	50320000
15	50320001	50360000
15	50360001	50400000
15	50400001	50440000
15	50440001	50480000
15	50480001	50520000
15	50520001	50560000
15	50560001	50600000
15	50600001	50640000
15	50640001	50680000
15	50680001	50720000
15	50720001	50760000
15	50760001	50800000
15	50800001	50840000
15	50840001	50880000
15	50880001	50920000
15	50920001	50960000
15	50960001	51000000
15	51000001	51040000
15	51040001	51080000
15	51080001	51120000
15	51120001	51160000
15	51160001	51200000
15	51200001	51240000
15	51240001	51280000
15	51280001	51320000
15	51320001	51360000
15	51360001	51400000
15	51400001	51440000
15	51440001	51480000
15	51480001	51520000
15	51520001	51560000
15	51560001	51600000
15	51600001	51640000
15	51640001	51680000
15	51680001	51720000
15	51720001	51760000
15	51760001	51800000
15	51800001	51840000
15	51840001	51880000
15	51880001	51920000
15	51920001	51960000
15	51960001	52000000
15	52000001	52040000
15	52040001	52080000
15	52080001	52120000
15	52120001	52160000
15	52160001	52200000
15	52200001	52240000
15	52240001	52280000
15	52280001	52320000
15	52320001	52360000
15	52360001	52400000
15	52400001	52440000
15	52440001	52480000
15	52480001	52520000
15	52520001	52560000
15	52560001	52600000
15	52600001	52640000
15	52640001	52680000
15	52680001	52720000
15	52720001	52760000
15	52760001	52800000
15	52800001	52840000
15	52840001	52880000
15	52880001	52920000
15	52920001	52960000
15	52960001	53000000
15	53000001	53040000
15	53040001	53080000
15	53080001	53120000
15	53120001	53160000
15	53160001	53200000
15	53200001	53240000
15	53240001	53280000
15	53280001	53320000
15	53320001	53360000
15	53360001	53400000
15	53400001	53440000
15	53440001	53480000
15	53480001	53520000
15	53520001	53560000
15	53560001	53600000
15	53600001	53640000
15	53640001	53680000
15	53680001	53720000
15	53720001	53760000
15	53760001	53800000
15	53800001	53840000
15	53840001	53880000
15	53880001	53920000
15	53920001	53960000
15	53960001	54000000
15	54000001	54040000
15	54040001	54080000
15	54080001	54120000
15	54120001	54160000
15	54160001	54200000
15	54200001	54240000
15	54240001	54280000
15	54280001	54320000
15	54320001	54360000
15	54360001	54400000
15	54400001	54440000
15	54440001	54480000
15	54480001	54520000
15	54520001	54560000
15	54560001	54600000
15	54600001	54640000
15	54640001	54680000
15	54680001	54720000
15	54720001	54760000
15	54760001	54800000
15	54800001	54840000
15	54840001	54880000
15	54880001	54920000
15	54920001	54960000
15	54960001	55000000
15	55000001	55040000
15	55040001	55080000
15	55080001	55120000
15	55120001	55160000
15	55160001	55200000
15	55200001	55240000
15	55240001	55280000
15	55280001	55320000
15	55320001	55360000
15	55360001	55400000
15	55400001	55440000
15	55440001	55480000
15	55480001	55520000
15	55520001	55560000
15	55560001	55600000
15	55600001	55640000
15	55640001	55680000
15	55680001	55720000
15	55720001	55760000
15	55760001	55800000
15	55800001	55840000
15	55840001	55880000
15	55880001	55920000
15	55920001	55960000
15	55960001	56000000
15	56000001	56040000
15	56040001	56080000
15	56080001	56120000
15	56120001	56160000
15	56160001	56200000
15	56200001	56240000
15	56240001	56280000
15	56280001	56320000
15	56320001	56360000
15	56360001	56400000
15	56400001	56440000
15	56440001	56480000
15	56480001	56520000
15	56520001	56560000
15	56560001	56600000
15	56600001	56640000
15	56640001	56680000
15	56680001	56720000
15	56720001	56760000
15	56760001	56800000
15	56800001	56840000
15	56840001	56880000
15	56880001	56920000
15	56920001	56960000
15	56960001	57000000
15	57000001	57040000
15	57040001	57080000
15	57080001	57120000
15	57120001	57160000
15	57160001	57200000
15	57200001	57240000
15	57240001	57280000
15	57280001	57320000
15	57320001	57360000
15	57360001	57400000
15	57400001	57440000
15	57440001	57480000
15	57480001	57520000
15	57520001	57560000
15	57560001	57600000
15	57600001	57640000
15	57640001	57680000
15	57680001	57720000
15	57720001	57760000
15	57760001	57800000
15	57800001	57840000
15	57840001	57880000
15	57880001	57920000
15	57920001	57960000
15	57960001	58000000
15	58000001	58040000
15	58040001	58080000
15	58080001	58120000
15	58120001	58160000
15	58160001	58200000
15	58200001	58240000
15	58240001	58280000
15	58280001	58320000
15	58320001	58360000
15	58360001	58400000
15	58400001	58440000
15	58440001	58480000
15	58480001	58520000
15	58520001	58560000
15	58560001	58600000
15	58600001	58640000
15	58640001	58680000
15	58680001	58720000
15	58720001	58760000
15	58760001	58800000
15	58800001	58840000
15	58840001	58880000
15	58880001	58920000
15	58920001	58960000
15	58960001	59000000
15	59000001	59040000
15	59040001	59080000
15	59080001	59120000
15	59120001	59160000
15	59160001	59200000
15	59200001	59240000
15	59240001	59280000
15	59280001	59320000
15	59320001	59360000
15	59360001	59400000
15	59400001	59440000
15	59440001	59480000
15	59480001	59520000
15	59520001	59560000
15	59560001	59600000
15	59600001	59640000
15	59640001	59680000
15	59680001	59720000
15	59720001	59760000
15	59760001	59800000
15	59800001	59840000
15	59840001	59880000
15	59880001	59920000
15	59920001	59960000
15	59960001	60000000
15	60000001	60040000
15	60040001	60080000
15	60080001	60120000
15	60120001	60160000
15	60160001	60200000
15	60200001	60240000
15	60240001	60280000
15	60280001	60320000
15	60320001	60360000
15	60360001	60400000
15	60400001	60440000
15	60440001	60480000
15	60480001	60520000
15	60520001	60560000
15	60560001	60600000
15	60600001	60640000
15	60640001	60680000
15	60680001	60720000
15	60720001	60760000
15	60760001	60800000
15	60800001	60840000
15	60840001	60880000
15	60880001	60920000
15	60920001	60960000
15	60960001	61000000
15	61000001	61040000
15	61040001	61080000
15	61080001	61120000
15	61120001	61160000
15	61160001	61200000
15	61200001	61240000
15	61240001	61280000
15	61280001	61320000
15	61320001	61360000
15	61360001	61400000
15	61400001	61440000
15	61440001	61480000
15	61480001	61520000
15	61520001	61560000
15	61560001	61600000
15	61600001	61640000
15	61640001	61680000
15	61680001	61720000
15	61720001	61760000
15	61760001	61800000
15	61800001	61840000
15	61840001	61880000
15	61880001	61920000
15	61920001	61960000
15	61960001	62000000
15	62000001	62040000
15	62040001	62080000
15	62080001	62120000
15	62120001	62160000
15	62160001	62200000
15	62200001	62240000
15	62240001	62280000
15	62280001	62320000
15	62320001	62360000
15	62360001	62400000
15	62400001	62440000
15	62440001	62480000
15	62480001	62520000
15	62520001	62560000
15	62560001	62600000
15	62600001	62640000
15	62640001	62680000
15	62680001	62720000
15	62720001	62760000
15	62760001	62800000
15	62800001	62840000
15	62840001	62880000
15	62880001	62920000
15	62920001	62960000
15	62960001	63000000
15	63000001	63040000
15	63040001	63080000
15	63080001	63120000
15	63120001	63160000
15	63160001	63200000
15	63200001	63240000
15	63240001	63280000
15	63280001	63320000
15	63320001	63360000
15	63360001	63400000
15	63400001	63440000
15	63440001	63480000
15	63480001	63520000
15	63520001	63560000
15	63560001	63600000
15	63600001	63640000
15	63640001	63680000
15	63680001	63720000
15	63720001	63760000
15	63760001	63800000
15	63800001	63840000
15	63840001	63880000
15	63880001	63920000
15	63920001	63960000
15	63960001	64000000
15	64000001	64040000
15	64040001	64080000
15	64080001	64120000
15	64120001	64160000
15	64160001	64200000
15	64200001	64240000
15	64240001	64280000
15	64280001	64320000
15	64320001	64360000
15	64360001	64400000
15	64400001	64440000
15	64440001	64480000
15	64480001	64520000
15	64520001	64560000
15	64560001	64600000
15	64600001	64640000
15	64640001	64680000
15	64680001	64720000
15	64720001	64760000
15	64760001	64800000
15	64800001	64840000
15	64840001	64880000
15	64880001	64920000
15	64920001	64960000
15	64960001	65000000
15	65000001	65040000
15	65040001	65080000
15	65080001	65120000
15	65120001	65160000
15	65160001	65200000
15	65200001	65240000
15	65240001	65280000
15	65280001	65320000
15	65320001	65360000
15	65360001	65400000
15	65400001	65440000
15	65440001	65480000
15	65480001	65520000
15	65520001	65560000
15	65560001	65600000
15	65600001	65640000
15	65640001	65680000
15	65680001	65720000
15	65720001	65760000
15	65760001	65800000
15	65800001	65840000
15	65840001	65880000
15	65880001	65920000
15	65920001	65960000
15	65960001	66000000
15	66000001	66040000
15	66040001	66080000
15	66080001	66120000
15	66120001	66160000
15	66160001	66200000
15	66200001	66240000
15	66240001	66280000
15	66280001	66320000
15	66320001	66360000
15	66360001	66400000
15	66400001	66440000
15	66440001	66480000
15	66480001	66520000
15	66520001	66560000
15	66560001	66600000
15	66600001	66640000
15	66640001	66680000
15	66680001	66720000
15	66720001	66760000
15	66760001	66800000
15	66800001	66840000
15	66840001	66880000
15	66880001	66920000
15	66920001	66960000
15	66960001	67000000
15	67000001	67040000
15	67040001	67080000
15	67080001	67120000
15	67120001	67160000
15	67160001	67200000
15	67200001	67240000
15	67240001	67280000
15	67280001	67320000
15	67320001	67360000
15	67360001	67400000
15	67400001	67440000
15	67440001	67480000
15	67480001	67520000
15	67520001	67560000
15	67560001	67600000
15	67600001	67640000
15	67640001	67680000
15	67680001	67720000
15	67720001	67760000
15	67760001	67800000
15	67800001	67840000
15	67840001	67880000
15	67880001	67920000
15	67920001	67960000
15	67960001	68000000
15	68000001	68040000
15	68040001	68080000
15	68080001	68120000
15	68120001	68160000
15	68160001	68200000
15	68200001	68240000
15	68240001	68280000
15	68280001	68320000
15	68320001	68360000
15	68360001	68400000
15	68400001	68440000
15	68440001	68480000
15	68480001	68520000
15	68520001	68560000
15	68560001	68600000
15	68600001	68640000
15	68640001	68680000
15	68680001	68720000
15	68720001	68760000
15	68760001	68800000
15	68800001	68840000
15	68840001	68880000
15	68880001	68920000
15	68920001	68960000
15	68960001	69000000
15	69000001	69040000
15	69040001	69080000
15	69080001	69120000
15	69120001	69160000
15	69160001	69200000
15	69200001	69240000
15	69240001	69280000
15	69280001	69320000
15	69320001	69360000
15	69360001	69400000
15	69400001	69440000
15	69440001	69480000
15	69480001	69520000
15	69520001	69560000
15	69560001	69600000
15	69600001	69640000
15	69640001	69680000
15	69680001	69720000
15	69720001	69760000
15	69760001	69800000
15	69800001	69840000
15	69840001	69880000
15	69880001	69920000
15	69920001	69960000
15	69960001	70000000
15	70000001	70040000
15	70040001	70080000
15	70080001	70120000
15	70120001	70160000
15	70160001	70200000
15	70200001	70240000
15	70240001	70280000
15	70280001	70320000
15	70320001	70360000
15	70360001	70400000
15	70400001	70440000
15	70440001	70480000
15	70480001	70520000
15	70520001	70560000
15	70560001	70600000
15	70600001	70640000
15	70640001	70680000
15	70680001	70720000
15	70720001	70760000
15	70760001	70800000
15	70800001	70840000
15	70840001	70880000
15	70880001	70920000
15	70920001	70960000
15	70960001	71000000
15	71000001	71040000
15	71040001	71080000
15	71080001	71120000
15	71120001	71160000
15	71160001	71200000
15	71200001	71240000
15	71240001	71280000
15	71280001	71320000
15	71320001	71360000
15	71360001	71400000
15	71400001	71440000
15	71440001	71480000
15	71480001	71520000
15	71520001	71560000
15	71560001	71600000
15	71600001	71640000
15	71640001	71680000
15	71680001	71720000
15	71720001	71760000
15	71760001	71800000
15	71800001	71840000
15	71840001	71880000
15	71880001	71920000
15	71920001	71960000
15	71960001	72000000
15	72000001	72040000
15	72040001	72080000
15	72080001	72120000
15	72120001	72160000
15	72160001	72200000
15	72200001	72240000
15	72240001	72280000
15	72280001	72320000
15	72320001	72360000
15	72360001	72400000
15	72400001	72440000
15	72440001	72480000
15	72480001	72520000
15	72520001	72560000
15	72560001	72600000
15	72600001	72640000
15	72640001	72680000
15	72680001	72720000
15	72720001	72760000
15	72760001	72800000
15	72800001	72840000
15	72840001	72880000
15	72880001	72920000
15	72920001	72960000
15	72960001	73000000
15	73000001	73040000
15	73040001	73080000
15	73080001	73120000
15	73120001	73160000
15	73160001	73200000
15	73200001	73240000
15	73240001	73280000
15	73280001	73320000
15	73320001	73360000
15	73360001	73400000
15	73400001	73440000
15	73440001	73480000
15	73480001	73520000
15	73520001	73560000
15	73560001	73600000
15	73600001	73640000
15	73640001	73680000
15	73680001	73720000
15	73720001	73760000
15	73760001	73800000
15	73800001	73840000
15	73840001	73880000
15	73880001	73920000
15	73920001	73960000
15	73960001	74000000
15	74000001	74040000
15	74040001	74080000
15	74080001	74120000
15	74120001	74160000
15	74160001	74200000
15	74200001	74240000
15	74240001	74280000
15	74280001	74320000
15	74320001	74360000
15	74360001	74400000
15	74400001	74440000
15	74440001	74480000
15	74480001	74520000
15	74520001	74560000
15	74560001	74600000
15	74600001	74640000
15	74640001	74680000
15	74680001	74720000
15	74720001	74760000
15	74760001	74800000
15	74800001	74840000
15	74840001	74880000
15	74880001	74920000
15	74920001	74960000
15	74960001	75000000
15	75000001	75040000
15	75040001	75080000
15	75080001	75120000
15	75120001	75160000
15	75160001	75200000
15	75200001	75240000
15	75240001	75280000
15	75280001	75320000
15	75320001	75360000
15	75360001	75400000
15	75400001	75440000
15	75440001	75480000
15	75480001	75520000
15	75520001	75560000
15	75560001	75600000
15	75600001	75640000
15	75640001	75680000
15	75680001	75720000
15	75720001	75760000
15	75760001	75800000
15	75800001	75840000
15	75840001	75880000
15	75880001	75920000
15	75920001	75960000
15	75960001	76000000
15	76000001	76040000
15	76040001	76080000
15	76080001	76120000
15	76120001	76160000
15	76160001	76200000
15	76200001	76240000
15	76240001	76280000
15	76280001	76320000
15	76320001	76360000
15	76360001	76400000
15	76400001	76440000
15	76440001	76480000
15	76480001	76520000
15	76520001	76560000
15	76560001	76600000
15	76600001	76640000
15	76640001	76680000
15	76680001	76720000
15	76720001	76760000
15	76760001	76800000
15	76800001	76840000
15	76840001	76880000
15	76880001	76920000
15	76920001	76960000
15	76960001	77000000
15	77000001	77040000
15	77040001	77080000
15	77080001	77120000
15	77120001	77160000
15	77160001	77200000
15	77200001	77240000
15	77240001	77280000
15	77280001	77320000
15	77320001	77360000
15	77360001	77400000
15	77400001	77440000
15	77440001	77480000
15	77480001	77520000
15	77520001	77560000
15	77560001	77600000
15	77600001	77640000
15	77640001	77680000
15	77680001	77720000
15	77720001	77760000
15	77760001	77800000
15	77800001	77840000
15	77840001	77880000
15	77880001	77920000
15	77920001	77960000
15	77960001	78000000
15	78000001	78040000
15	78040001	78080000
15	78080001	78120000
15	78120001	78160000
15	78160001	78200000
15	78200001	78240000
15	78240001	78280000
15	78280001	78320000
15	78320001	78360000
15	78360001	78400000
15	78400001	78440000
15	78440001	78480000
15	78480001	78520000
15	78520001	78560000
15	78560001	78600000
15	78600001	78640000
15	78640001	78680000
15	78680001	78720000
15	78720001	78760000
15	78760001	78800000
15	78800001	78840000
15	78840001	78880000
15	78880001	78920000
15	78920001	78960000
15	78960001	79000000
15	79000001	79040000
15	79040001	79080000
15	79080001	79120000
15	79120001	79160000
15	79160001	79200000
15	79200001	79240000
15	79240001	79280000
15	79280001	79320000
15	79320001	79360000
15	79360001	79400000
15	79400001	79440000
15	79440001	79480000
15	79480001	79520000
15	79520001	79560000
15	79560001	79600000
15	79600001	79640000
15	79640001	79680000
15	79680001	79720000
15	79720001	79760000
15	79760001	79800000
15	79800001	79840000
15	79840001	79880000
15	79880001	79920000
15	79920001	79960000
15	79960001	80000000
15	80000001	80040000
15	80040001	80080000
15	80080001	80120000
15	80120001	80160000
15	80160001	80200000
15	80200001	80240000
15	80240001	80280000
15	80280001	80320000
15	80320001	80360000
15	80360001	80400000
15	80400001	80440000
15	80440001	80480000
15	80480001	80520000
15	80520001	80560000
15	80560001	80600000
15	80600001	80640000
15	80640001	80680000
15	80680001	80720000
15	80720001	80760000
15	80760001	80800000
15	80800001	80840000
15	80840001	80880000
15	80880001	80920000
15	80920001	80960000
15	80960001	81000000
15	81000001	81040000
15	81040001	81080000
15	81080001	81120000
15	81120001	81160000
15	81160001	81200000
15	81200001	81240000
15	81240001	81280000
15	81280001	81320000
15	81320001	81360000
15	81360001	81400000
15	81400001	81440000
15	81440001	81480000
15	81480001	81520000
15	81520001	81560000
15	81560001	81600000
15	81600001	81640000
15	81640001	81680000
15	81680001	81720000
15	81720001	81760000
15	81760001	81800000
15	81800001	81840000
15	81840001	81880000
15	81880001	81920000
15	81920001	81960000
15	81960001	82000000
15	82000001	82040000
15	82040001	82080000
15	82080001	82120000
15	82120001	82160000
15	82160001	82200000
15	82200001	82240000
15	82240001	82280000
15	82280001	82320000
15	82320001	82360000
15	82360001	82400000
15	82400001	82440000
15	82440001	82480000
15	82480001	82520000
15	82520001	82560000
15	82560001	82600000
15	82600001	82640000
15	82640001	82680000
15	82680001	82720000
15	82720001	82760000
15	82760001	82800000
15	82800001	82840000
15	82840001	82880000
15	82880001	82920000
15	82920001	82960000
15	82960001	83000000
15	83000001	83040000
15	83040001	83080000
15	83080001	83120000
15	83120001	83160000
15	83160001	83200000
15	83200001	83240000
15	83240001	83280000
15	83280001	83320000
15	83320001	83360000
15	83360001	83400000
15	83400001	83440000
15	83440001	83480000
15	83480001	83520000
15	83520001	83560000
15	83560001	83600000
15	83600001	83640000
15	83640001	83680000
15	83680001	83720000
15	83720001	83760000
15	83760001	83800000
15	83800001	83840000
15	83840001	83880000
15	83880001	83920000
15	83920001	83960000
15	83960001	84000000
15	84000001	84040000
15	84040001	84080000
15	84080001	84120000
15	84120001	84160000
15	84160001	84200000
15	84200001	84240000
15	84240001	84280000
15	84280001	84320000
15	84320001	84360000
15	84360001	84400000
15	84400001	84440000
15	84440001	84480000
15	84480001	84520000
15	84520001	84560000
15	84560001	84600000
15	84600001	84640000
15	84640001	84680000
15	84680001	84720000
15	84720001	84760000
15	84760001	84800000
15	84800001	84840000
15	84840001	84880000
15	84880001	84920000
15	84920001	84960000
15	84960001	85000000
15	85000001	85040000
15	85040001	85080000
15	85080001	85120000
15	85120001	85160000
15	85160001	85200000
15	85200001	85240000
15	85240001	85280000
15	85280001	85320000
15	85320001	85360000
15	85360001	85400000
15	85400001	85440000
15	85440001	85480000
15	85480001	85520000
15	85520001	85560000
15	85560001	85600000
15	85600001	85640000
15	85640001	85680000
15	85680001	85720000
15	85720001	85760000
15	85760001	85800000
15	85800001	85840000
15	85840001	85880000
15	85880001	85920000
15	85920001	85960000
15	85960001	86000000
15	86000001	86040000
15	86040001	86080000
15	86080001	86120000
15	86120001	86160000
15	86160001	86200000
15	86200001	86240000
15	86240001	86280000
15	86280001	86320000
15	86320001	86360000
15	86360001	86400000
15	86400001	86440000
15	86440001	86480000
15	86480001	86520000
15	86520001	86560000
15	86560001	86600000
15	86600001	86640000
15	86640001	86680000
15	86680001	86720000
15	86720001	86760000
15	86760001	86800000
15	86800001	86840000
15	86840001	86880000
15	86880001	86920000
15	86920001	86960000
15	86960001	87000000
15	87000001	87040000
15	87040001	87080000
15	87080001	87120000
15	87120001	87160000
15	87160001	87200000
15	87200001	87240000
15	87240001	87280000
15	87280001	87320000
15	87320001	87360000
15	87360001	87400000
15	87400001	87440000
15	87440001	87480000
15	87480001	87520000
15	87520001	87560000
15	87560001	87600000
15	87600001	87640000
15	87640001	87680000
15	87680001	87720000
15	87720001	87760000
15	87760001	87800000
15	87800001	87840000
15	87840001	87880000
15	87880001	87920000
15	87920001	87960000
15	87960001	88000000
15	88000001	88040000
15	88040001	88080000
15	88080001	88120000
15	88120001	88160000
15	88160001	88200000
15	88200001	88240000
15	88240001	88280000
15	88280001	88320000
15	88320001	88360000
15	88360001	88400000
15	88400001	88440000
15	88440001	88480000
15	88480001	88520000
15	88520001	88560000
15	88560001	88600000
15	88600001	88640000
15	88640001	88680000
15	88680001	88720000
15	88720001	88760000
15	88760001	88800000
15	88800001	88840000
15	88840001	88880000
15	88880001	88920000
15	88920001	88960000
15	88960001	89000000
15	89000001	89040000
15	89040001	89080000
15	89080001	89120000
15	89120001	89160000
15	89160001	89200000
15	89200001	89240000
15	89240001	89280000
15	89280001	89320000
15	89320001	89360000
15	89360001	89400000
15	89400001	89440000
15	89440001	89480000
15	89480001	89520000
15	89520001	89560000
15	89560001	89600000
15	89600001	89640000
15	89640001	89680000
15	89680001	89720000
15	89720001	89760000
15	89760001	89800000
15	89800001	89840000
15	89840001	89880000
15	89880001	89920000
15	89920001	89960000
15	89960001	90000000
15	90000001	90040000
15	90040001	90080000
15	90080001	90120000
15	90120001	90160000
15	90160001	90200000
15	90200001	90240000
15	90240001	90280000
15	90280001	90320000
15	90320001	90354753
