16	1	40000
16	40001	80000
16	80001	120000
16	120001	160000
16	160001	200000
16	200001	240000
16	240001	280000
16	280001	320000
16	320001	360000
16	360001	400000
16	400001	440000
16	440001	480000
16	480001	520000
16	520001	560000
16	560001	600000
16	600001	640000
16	640001	680000
16	680001	720000
16	720001	760000
16	760001	800000
16	800001	840000
16	840001	880000
16	880001	920000
16	920001	960000
16	960001	1000000
16	1000001	1040000
16	1040001	1080000
16	1080001	1120000
16	1120001	1160000
16	1160001	1200000
16	1200001	1240000
16	1240001	1280000
16	1280001	1320000
16	1320001	1360000
16	1360001	1400000
16	1400001	1440000
16	1440001	1480000
16	1480001	1520000
16	1520001	1560000
16	1560001	1600000
16	1600001	1640000
16	1640001	1680000
16	1680001	1720000
16	1720001	1760000
16	1760001	1800000
16	1800001	1840000
16	1840001	1880000
16	1880001	1920000
16	1920001	1960000
16	1960001	2000000
16	2000001	2040000
16	2040001	2080000
16	2080001	2120000
16	2120001	2160000
16	2160001	2200000
16	2200001	2240000
16	2240001	2280000
16	2280001	2320000
16	2320001	2360000
16	2360001	2400000
16	2400001	2440000
16	2440001	2480000
16	2480001	2520000
16	2520001	2560000
16	2560001	2600000
16	2600001	2640000
16	2640001	2680000
16	2680001	2720000
16	2720001	2760000
16	2760001	2800000
16	2800001	2840000
16	2840001	2880000
16	2880001	2920000
16	2920001	2960000
16	2960001	3000000
16	3000001	3040000
16	3040001	3080000
16	3080001	3120000
16	3120001	3160000
16	3160001	3200000
16	3200001	3240000
16	3240001	3280000
16	3280001	3320000
16	3320001	3360000
16	3360001	3400000
16	3400001	3440000
16	3440001	3480000
16	3480001	3520000
16	3520001	3560000
16	3560001	3600000
16	3600001	3640000
16	3640001	3680000
16	3680001	3720000
16	3720001	3760000
16	3760001	3800000
16	3800001	3840000
16	3840001	3880000
16	3880001	3920000
16	3920001	3960000
16	3960001	4000000
16	4000001	4040000
16	4040001	4080000
16	4080001	4120000
16	4120001	4160000
16	4160001	4200000
16	4200001	4240000
16	4240001	4280000
16	4280001	4320000
16	4320001	4360000
16	4360001	4400000
16	4400001	4440000
16	4440001	4480000
16	4480001	4520000
16	4520001	4560000
16	4560001	4600000
16	4600001	4640000
16	4640001	4680000
16	4680001	4720000
16	4720001	4760000
16	4760001	4800000
16	4800001	4840000
16	4840001	4880000
16	4880001	4920000
16	4920001	4960000
16	4960001	5000000
16	5000001	5040000
16	5040001	5080000
16	5080001	5120000
16	5120001	5160000
16	5160001	5200000
16	5200001	5240000
16	5240001	5280000
16	5280001	5320000
16	5320001	5360000
16	5360001	5400000
16	5400001	5440000
16	5440001	5480000
16	5480001	5520000
16	5520001	5560000
16	5560001	5600000
16	5600001	5640000
16	5640001	5680000
16	5680001	5720000
16	5720001	5760000
16	5760001	5800000
16	5800001	5840000
16	5840001	5880000
16	5880001	5920000
16	5920001	5960000
16	5960001	6000000
16	6000001	6040000
16	6040001	6080000
16	6080001	6120000
16	6120001	6160000
16	6160001	6200000
16	6200001	6240000
16	6240001	6280000
16	6280001	6320000
16	6320001	6360000
16	6360001	6400000
16	6400001	6440000
16	6440001	6480000
16	6480001	6520000
16	6520001	6560000
16	6560001	6600000
16	6600001	6640000
16	6640001	6680000
16	6680001	6720000
16	6720001	6760000
16	6760001	6800000
16	6800001	6840000
16	6840001	6880000
16	6880001	6920000
16	6920001	6960000
16	6960001	7000000
16	7000001	7040000
16	7040001	7080000
16	7080001	7120000
16	7120001	7160000
16	7160001	7200000
16	7200001	7240000
16	7240001	7280000
16	7280001	7320000
16	7320001	7360000
16	7360001	7400000
16	7400001	7440000
16	7440001	7480000
16	7480001	7520000
16	7520001	7560000
16	7560001	7600000
16	7600001	7640000
16	7640001	7680000
16	7680001	7720000
16	7720001	7760000
16	7760001	7800000
16	7800001	7840000
16	7840001	7880000
16	7880001	7920000
16	7920001	7960000
16	7960001	8000000
16	8000001	8040000
16	8040001	8080000
16	8080001	8120000
16	8120001	8160000
16	8160001	8200000
16	8200001	8240000
16	8240001	8280000
16	8280001	8320000
16	8320001	8360000
16	8360001	8400000
16	8400001	8440000
16	8440001	8480000
16	8480001	8520000
16	8520001	8560000
16	8560001	8600000
16	8600001	8640000
16	8640001	8680000
16	8680001	8720000
16	8720001	8760000
16	8760001	8800000
16	8800001	8840000
16	8840001	8880000
16	8880001	8920000
16	8920001	8960000
16	8960001	9000000
16	9000001	9040000
16	9040001	9080000
16	9080001	9120000
16	9120001	9160000
16	9160001	9200000
16	9200001	9240000
16	9240001	9280000
16	9280001	9320000
16	9320001	9360000
16	9360001	9400000
16	9400001	9440000
16	9440001	9480000
16	9480001	9520000
16	9520001	9560000
16	9560001	9600000
16	9600001	9640000
16	9640001	9680000
16	9680001	9720000
16	9720001	9760000
16	9760001	9800000
16	9800001	9840000
16	9840001	9880000
16	9880001	9920000
16	9920001	9960000
16	9960001	10000000
16	10000001	10040000
16	10040001	10080000
16	10080001	10120000
16	10120001	10160000
16	10160001	10200000
16	10200001	10240000
16	10240001	10280000
16	10280001	10320000
16	10320001	10360000
16	10360001	10400000
16	10400001	10440000
16	10440001	10480000
16	10480001	10520000
16	10520001	10560000
16	10560001	10600000
16	10600001	10640000
16	10640001	10680000
16	10680001	10720000
16	10720001	10760000
16	10760001	10800000
16	10800001	10840000
16	10840001	10880000
16	10880001	10920000
16	10920001	10960000
16	10960001	11000000
16	11000001	11040000
16	11040001	11080000
16	11080001	11120000
16	11120001	11160000
16	11160001	11200000
16	11200001	11240000
16	11240001	11280000
16	11280001	11320000
16	11320001	11360000
16	11360001	11400000
16	11400001	11440000
16	11440001	11480000
16	11480001	11520000
16	11520001	11560000
16	11560001	11600000
16	11600001	11640000
16	11640001	11680000
16	11680001	11720000
16	11720001	11760000
16	11760001	11800000
16	11800001	11840000
16	11840001	11880000
16	11880001	11920000
16	11920001	11960000
16	11960001	12000000
16	12000001	12040000
16	12040001	12080000
16	12080001	12120000
16	12120001	12160000
16	12160001	12200000
16	12200001	12240000
16	12240001	12280000
16	12280001	12320000
16	12320001	12360000
16	12360001	12400000
16	12400001	12440000
16	12440001	12480000
16	12480001	12520000
16	12520001	12560000
16	12560001	12600000
16	12600001	12640000
16	12640001	12680000
16	12680001	12720000
16	12720001	12760000
16	12760001	12800000
16	12800001	12840000
16	12840001	12880000
16	12880001	12920000
16	12920001	12960000
16	12960001	13000000
16	13000001	13040000
16	13040001	13080000
16	13080001	13120000
16	13120001	13160000
16	13160001	13200000
16	13200001	13240000
16	13240001	13280000
16	13280001	13320000
16	13320001	13360000
16	13360001	13400000
16	13400001	13440000
16	13440001	13480000
16	13480001	13520000
16	13520001	13560000
16	13560001	13600000
16	13600001	13640000
16	13640001	13680000
16	13680001	13720000
16	13720001	13760000
16	13760001	13800000
16	13800001	13840000
16	13840001	13880000
16	13880001	13920000
16	13920001	13960000
16	13960001	14000000
16	14000001	14040000
16	14040001	14080000
16	14080001	14120000
16	14120001	14160000
16	14160001	14200000
16	14200001	14240000
16	14240001	14280000
16	14280001	14320000
16	14320001	14360000
16	14360001	14400000
16	14400001	14440000
16	14440001	14480000
16	14480001	14520000
16	14520001	14560000
16	14560001	14600000
16	14600001	14640000
16	14640001	14680000
16	14680001	14720000
16	14720001	14760000
16	14760001	14800000
16	14800001	14840000
16	14840001	14880000
16	14880001	14920000
16	14920001	14960000
16	14960001	15000000
16	15000001	15040000
16	15040001	15080000
16	15080001	15120000
16	15120001	15160000
16	15160001	15200000
16	15200001	15240000
16	15240001	15280000
16	15280001	15320000
16	15320001	15360000
16	15360001	15400000
16	15400001	15440000
16	15440001	15480000
16	15480001	15520000
16	15520001	15560000
16	15560001	15600000
16	15600001	15640000
16	15640001	15680000
16	15680001	15720000
16	15720001	15760000
16	15760001	15800000
16	15800001	15840000
16	15840001	15880000
16	15880001	15920000
16	15920001	15960000
16	15960001	16000000
16	16000001	16040000
16	16040001	16080000
16	16080001	16120000
16	16120001	16160000
16	16160001	16200000
16	16200001	16240000
16	16240001	16280000
16	16280001	16320000
16	16320001	16360000
16	16360001	16400000
16	16400001	16440000
16	16440001	16480000
16	16480001	16520000
16	16520001	16560000
16	16560001	16600000
16	16600001	16640000
16	16640001	16680000
16	16680001	16720000
16	16720001	16760000
16	16760001	16800000
16	16800001	16840000
16	16840001	16880000
16	16880001	16920000
16	16920001	16960000
16	16960001	17000000
16	17000001	17040000
16	17040001	17080000
16	17080001	17120000
16	17120001	17160000
16	17160001	17200000
16	17200001	17240000
16	17240001	17280000
16	17280001	17320000
16	17320001	17360000
16	17360001	17400000
16	17400001	17440000
16	17440001	17480000
16	17480001	17520000
16	17520001	17560000
16	17560001	17600000
16	17600001	17640000
16	17640001	17680000
16	17680001	17720000
16	17720001	17760000
16	17760001	17800000
16	17800001	17840000
16	17840001	17880000
16	17880001	17920000
16	17920001	17960000
16	17960001	18000000
16	18000001	18040000
16	18040001	18080000
16	18080001	18120000
16	18120001	18160000
16	18160001	18200000
16	18200001	18240000
16	18240001	18280000
16	18280001	18320000
16	18320001	18360000
16	18360001	18400000
16	18400001	18440000
16	18440001	18480000
16	18480001	18520000
16	18520001	18560000
16	18560001	18600000
16	18600001	18640000
16	18640001	18680000
16	18680001	18720000
16	18720001	18760000
16	18760001	18800000
16	18800001	18840000
16	18840001	18880000
16	18880001	18920000
16	18920001	18960000
16	18960001	19000000
16	19000001	19040000
16	19040001	19080000
16	19080001	19120000
16	19120001	19160000
16	19160001	19200000
16	19200001	19240000
16	19240001	19280000
16	19280001	19320000
16	19320001	19360000
16	19360001	19400000
16	19400001	19440000
16	19440001	19480000
16	19480001	19520000
16	19520001	19560000
16	19560001	19600000
16	19600001	19640000
16	19640001	19680000
16	19680001	19720000
16	19720001	19760000
16	19760001	19800000
16	19800001	19840000
16	19840001	19880000
16	19880001	19920000
16	19920001	19960000
16	19960001	20000000
16	20000001	20040000
16	20040001	20080000
16	20080001	20120000
16	20120001	20160000
16	20160001	20200000
16	20200001	20240000
16	20240001	20280000
16	20280001	20320000
16	20320001	20360000
16	20360001	20400000
16	20400001	20440000
16	20440001	20480000
16	20480001	20520000
16	20520001	20560000
16	20560001	20600000
16	20600001	20640000
16	20640001	20680000
16	20680001	20720000
16	20720001	20760000
16	20760001	20800000
16	20800001	20840000
16	20840001	20880000
16	20880001	20920000
16	20920001	20960000
16	20960001	21000000
16	21000001	21040000
16	21040001	21080000
16	21080001	21120000
16	21120001	21160000
16	21160001	21200000
16	21200001	21240000
16	21240001	21280000
16	21280001	21320000
16	21320001	21360000
16	21360001	21400000
16	21400001	21440000
16	21440001	21480000
16	21480001	21520000
16	21520001	21560000
16	21560001	21600000
16	21600001	21640000
16	21640001	21680000
16	21680001	21720000
16	21720001	21760000
16	21760001	21800000
16	21800001	21840000
16	21840001	21880000
16	21880001	21920000
16	21920001	21960000
16	21960001	22000000
16	22000001	22040000
16	22040001	22080000
16	22080001	22120000
16	22120001	22160000
16	22160001	22200000
16	22200001	22240000
16	22240001	22280000
16	22280001	22320000
16	22320001	22360000
16	22360001	22400000
16	22400001	22440000
16	22440001	22480000
16	22480001	22520000
16	22520001	22560000
16	22560001	22600000
16	22600001	22640000
16	22640001	22680000
16	22680001	22720000
16	22720001	22760000
16	22760001	22800000
16	22800001	22840000
16	22840001	22880000
16	22880001	22920000
16	22920001	22960000
16	22960001	23000000
16	23000001	23040000
16	23040001	23080000
16	23080001	23120000
16	23120001	23160000
16	23160001	23200000
16	23200001	23240000
16	23240001	23280000
16	23280001	23320000
16	23320001	23360000
16	23360001	23400000
16	23400001	23440000
16	23440001	23480000
16	23480001	23520000
16	23520001	23560000
16	23560001	23600000
16	23600001	23640000
16	23640001	23680000
16	23680001	23720000
16	23720001	23760000
16	23760001	23800000
16	23800001	23840000
16	23840001	23880000
16	23880001	23920000
16	23920001	23960000
16	23960001	24000000
16	24000001	24040000
16	24040001	24080000
16	24080001	24120000
16	24120001	24160000
16	24160001	24200000
16	24200001	24240000
16	24240001	24280000
16	24280001	24320000
16	24320001	24360000
16	24360001	24400000
16	24400001	24440000
16	24440001	24480000
16	24480001	24520000
16	24520001	24560000
16	24560001	24600000
16	24600001	24640000
16	24640001	24680000
16	24680001	24720000
16	24720001	24760000
16	24760001	24800000
16	24800001	24840000
16	24840001	24880000
16	24880001	24920000
16	24920001	24960000
16	24960001	25000000
16	25000001	25040000
16	25040001	25080000
16	25080001	25120000
16	25120001	25160000
16	25160001	25200000
16	25200001	25240000
16	25240001	25280000
16	25280001	25320000
16	25320001	25360000
16	25360001	25400000
16	25400001	25440000
16	25440001	25480000
16	25480001	25520000
16	25520001	25560000
16	25560001	25600000
16	25600001	25640000
16	25640001	25680000
16	25680001	25720000
16	25720001	25760000
16	25760001	25800000
16	25800001	25840000
16	25840001	25880000
16	25880001	25920000
16	25920001	25960000
16	25960001	26000000
16	26000001	26040000
16	26040001	26080000
16	26080001	26120000
16	26120001	26160000
16	26160001	26200000
16	26200001	26240000
16	26240001	26280000
16	26280001	26320000
16	26320001	26360000
16	26360001	26400000
16	26400001	26440000
16	26440001	26480000
16	26480001	26520000
16	26520001	26560000
16	26560001	26600000
16	26600001	26640000
16	26640001	26680000
16	26680001	26720000
16	26720001	26760000
16	26760001	26800000
16	26800001	26840000
16	26840001	26880000
16	26880001	26920000
16	26920001	26960000
16	26960001	27000000
16	27000001	27040000
16	27040001	27080000
16	27080001	27120000
16	27120001	27160000
16	27160001	27200000
16	27200001	27240000
16	27240001	27280000
16	27280001	27320000
16	27320001	27360000
16	27360001	27400000
16	27400001	27440000
16	27440001	27480000
16	27480001	27520000
16	27520001	27560000
16	27560001	27600000
16	27600001	27640000
16	27640001	27680000
16	27680001	27720000
16	27720001	27760000
16	27760001	27800000
16	27800001	27840000
16	27840001	27880000
16	27880001	27920000
16	27920001	27960000
16	27960001	28000000
16	28000001	28040000
16	28040001	28080000
16	28080001	28120000
16	28120001	28160000
16	28160001	28200000
16	28200001	28240000
16	28240001	28280000
16	28280001	28320000
16	28320001	28360000
16	28360001	28400000
16	28400001	28440000
16	28440001	28480000
16	28480001	28520000
16	28520001	28560000
16	28560001	28600000
16	28600001	28640000
16	28640001	28680000
16	28680001	28720000
16	28720001	28760000
16	28760001	28800000
16	28800001	28840000
16	28840001	28880000
16	28880001	28920000
16	28920001	28960000
16	28960001	29000000
16	29000001	29040000
16	29040001	29080000
16	29080001	29120000
16	29120001	29160000
16	29160001	29200000
16	29200001	29240000
16	29240001	29280000
16	29280001	29320000
16	29320001	29360000
16	29360001	29400000
16	29400001	29440000
16	29440001	29480000
16	29480001	29520000
16	29520001	29560000
16	29560001	29600000
16	29600001	29640000
16	29640001	29680000
16	29680001	29720000
16	29720001	29760000
16	29760001	29800000
16	29800001	29840000
16	29840001	29880000
16	29880001	29920000
16	29920001	29960000
16	29960001	30000000
16	30000001	30040000
16	30040001	30080000
16	30080001	30120000
16	30120001	30160000
16	30160001	30200000
16	30200001	30240000
16	30240001	30280000
16	30280001	30320000
16	30320001	30360000
16	30360001	30400000
16	30400001	30440000
16	30440001	30480000
16	30480001	30520000
16	30520001	30560000
16	30560001	30600000
16	30600001	30640000
16	30640001	30680000
16	30680001	30720000
16	30720001	30760000
16	30760001	30800000
16	30800001	30840000
16	30840001	30880000
16	30880001	30920000
16	30920001	30960000
16	30960001	31000000
16	31000001	31040000
16	31040001	31080000
16	31080001	31120000
16	31120001	31160000
16	31160001	31200000
16	31200001	31240000
16	31240001	31280000
16	31280001	31320000
16	31320001	31360000
16	31360001	31400000
16	31400001	31440000
16	31440001	31480000
16	31480001	31520000
16	31520001	31560000
16	31560001	31600000
16	31600001	31640000
16	31640001	31680000
16	31680001	31720000
16	31720001	31760000
16	31760001	31800000
16	31800001	31840000
16	31840001	31880000
16	31880001	31920000
16	31920001	31960000
16	31960001	32000000
16	32000001	32040000
16	32040001	32080000
16	32080001	32120000
16	32120001	32160000
16	32160001	32200000
16	32200001	32240000
16	32240001	32280000
16	32280001	32320000
16	32320001	32360000
16	32360001	32400000
16	32400001	32440000
16	32440001	32480000
16	32480001	32520000
16	32520001	32560000
16	32560001	32600000
16	32600001	32640000
16	32640001	32680000
16	32680001	32720000
16	32720001	32760000
16	32760001	32800000
16	32800001	32840000
16	32840001	32880000
16	32880001	32920000
16	32920001	32960000
16	32960001	33000000
16	33000001	33040000
16	33040001	33080000
16	33080001	33120000
16	33120001	33160000
16	33160001	33200000
16	33200001	33240000
16	33240001	33280000
16	33280001	33320000
16	33320001	33360000
16	33360001	33400000
16	33400001	33440000
16	33440001	33480000
16	33480001	33520000
16	33520001	33560000
16	33560001	33600000
16	33600001	33640000
16	33640001	33680000
16	33680001	33720000
16	33720001	33760000
16	33760001	33800000
16	33800001	33840000
16	33840001	33880000
16	33880001	33920000
16	33920001	33960000
16	33960001	34000000
16	34000001	34040000
16	34040001	34080000
16	34080001	34120000
16	34120001	34160000
16	34160001	34200000
16	34200001	34240000
16	34240001	34280000
16	34280001	34320000
16	34320001	34360000
16	34360001	34400000
16	34400001	34440000
16	34440001	34480000
16	34480001	34520000
16	34520001	34560000
16	34560001	34600000
16	34600001	34640000
16	34640001	34680000
16	34680001	34720000
16	34720001	34760000
16	34760001	34800000
16	34800001	34840000
16	34840001	34880000
16	34880001	34920000
16	34920001	34960000
16	34960001	35000000
16	35000001	35040000
16	35040001	35080000
16	35080001	35120000
16	35120001	35160000
16	35160001	35200000
16	35200001	35240000
16	35240001	35280000
16	35280001	35320000
16	35320001	35360000
16	35360001	35400000
16	35400001	35440000
16	35440001	35480000
16	35480001	35520000
16	35520001	35560000
16	35560001	35600000
16	35600001	35640000
16	35640001	35680000
16	35680001	35720000
16	35720001	35760000
16	35760001	35800000
16	35800001	35840000
16	35840001	35880000
16	35880001	35920000
16	35920001	35960000
16	35960001	36000000
16	36000001	36040000
16	36040001	36080000
16	36080001	36120000
16	36120001	36160000
16	36160001	36200000
16	36200001	36240000
16	36240001	36280000
16	36280001	36320000
16	36320001	36360000
16	36360001	36400000
16	36400001	36440000
16	36440001	36480000
16	36480001	36520000
16	36520001	36560000
16	36560001	36600000
16	36600001	36640000
16	36640001	36680000
16	36680001	36720000
16	36720001	36760000
16	36760001	36800000
16	36800001	36840000
16	36840001	36880000
16	36880001	36920000
16	36920001	36960000
16	36960001	37000000
16	37000001	37040000
16	37040001	37080000
16	37080001	37120000
16	37120001	37160000
16	37160001	37200000
16	37200001	37240000
16	37240001	37280000
16	37280001	37320000
16	37320001	37360000
16	37360001	37400000
16	37400001	37440000
16	37440001	37480000
16	37480001	37520000
16	37520001	37560000
16	37560001	37600000
16	37600001	37640000
16	37640001	37680000
16	37680001	37720000
16	37720001	37760000
16	37760001	37800000
16	37800001	37840000
16	37840001	37880000
16	37880001	37920000
16	37920001	37960000
16	37960001	38000000
16	38000001	38040000
16	38040001	38080000
16	38080001	38120000
16	38120001	38160000
16	38160001	38200000
16	38200001	38240000
16	38240001	38280000
16	38280001	38320000
16	38320001	38360000
16	38360001	38400000
16	38400001	38440000
16	38440001	38480000
16	38480001	38520000
16	38520001	38560000
16	38560001	38600000
16	38600001	38640000
16	38640001	38680000
16	38680001	38720000
16	38720001	38760000
16	38760001	38800000
16	38800001	38840000
16	38840001	38880000
16	38880001	38920000
16	38920001	38960000
16	38960001	39000000
16	39000001	39040000
16	39040001	39080000
16	39080001	39120000
16	39120001	39160000
16	39160001	39200000
16	39200001	39240000
16	39240001	39280000
16	39280001	39320000
16	39320001	39360000
16	39360001	39400000
16	39400001	39440000
16	39440001	39480000
16	39480001	39520000
16	39520001	39560000
16	39560001	39600000
16	39600001	39640000
16	39640001	39680000
16	39680001	39720000
16	39720001	39760000
16	39760001	39800000
16	39800001	39840000
16	39840001	39880000
16	39880001	39920000
16	39920001	39960000
16	39960001	40000000
16	40000001	40040000
16	40040001	40080000
16	40080001	40120000
16	40120001	40160000
16	40160001	40200000
16	40200001	40240000
16	40240001	40280000
16	40280001	40320000
16	40320001	40360000
16	40360001	40400000
16	40400001	40440000
16	40440001	40480000
16	40480001	40520000
16	40520001	40560000
16	40560001	40600000
16	40600001	40640000
16	40640001	40680000
16	40680001	40720000
16	40720001	40760000
16	40760001	40800000
16	40800001	40840000
16	40840001	40880000
16	40880001	40920000
16	40920001	40960000
16	40960001	41000000
16	41000001	41040000
16	41040001	41080000
16	41080001	41120000
16	41120001	41160000
16	41160001	41200000
16	41200001	41240000
16	41240001	41280000
16	41280001	41320000
16	41320001	41360000
16	41360001	41400000
16	41400001	41440000
16	41440001	41480000
16	41480001	41520000
16	41520001	41560000
16	41560001	41600000
16	41600001	41640000
16	41640001	41680000
16	41680001	41720000
16	41720001	41760000
16	41760001	41800000
16	41800001	41840000
16	41840001	41880000
16	41880001	41920000
16	41920001	41960000
16	41960001	42000000
16	42000001	42040000
16	42040001	42080000
16	42080001	42120000
16	42120001	42160000
16	42160001	42200000
16	42200001	42240000
16	42240001	42280000
16	42280001	42320000
16	42320001	42360000
16	42360001	42400000
16	42400001	42440000
16	42440001	42480000
16	42480001	42520000
16	42520001	42560000
16	42560001	42600000
16	42600001	42640000
16	42640001	42680000
16	42680001	42720000
16	42720001	42760000
16	42760001	42800000
16	42800001	42840000
16	42840001	42880000
16	42880001	42920000
16	42920001	42960000
16	42960001	43000000
16	43000001	43040000
16	43040001	43080000
16	43080001	43120000
16	43120001	43160000
16	43160001	43200000
16	43200001	43240000
16	43240001	43280000
16	43280001	43320000
16	43320001	43360000
16	43360001	43400000
16	43400001	43440000
16	43440001	43480000
16	43480001	43520000
16	43520001	43560000
16	43560001	43600000
16	43600001	43640000
16	43640001	43680000
16	43680001	43720000
16	43720001	43760000
16	43760001	43800000
16	43800001	43840000
16	43840001	43880000
16	43880001	43920000
16	43920001	43960000
16	43960001	44000000
16	44000001	44040000
16	44040001	44080000
16	44080001	44120000
16	44120001	44160000
16	44160001	44200000
16	44200001	44240000
16	44240001	44280000
16	44280001	44320000
16	44320001	44360000
16	44360001	44400000
16	44400001	44440000
16	44440001	44480000
16	44480001	44520000
16	44520001	44560000
16	44560001	44600000
16	44600001	44640000
16	44640001	44680000
16	44680001	44720000
16	44720001	44760000
16	44760001	44800000
16	44800001	44840000
16	44840001	44880000
16	44880001	44920000
16	44920001	44960000
16	44960001	45000000
16	45000001	45040000
16	45040001	45080000
16	45080001	45120000
16	45120001	45160000
16	45160001	45200000
16	45200001	45240000
16	45240001	45280000
16	45280001	45320000
16	45320001	45360000
16	45360001	45400000
16	45400001	45440000
16	45440001	45480000
16	45480001	45520000
16	45520001	45560000
16	45560001	45600000
16	45600001	45640000
16	45640001	45680000
16	45680001	45720000
16	45720001	45760000
16	45760001	45800000
16	45800001	45840000
16	45840001	45880000
16	45880001	45920000
16	45920001	45960000
16	45960001	46000000
16	46000001	46040000
16	46040001	46080000
16	46080001	46120000
16	46120001	46160000
16	46160001	46200000
16	46200001	46240000
16	46240001	46280000
16	46280001	46320000
16	46320001	46360000
16	46360001	46400000
16	46400001	46440000
16	46440001	46480000
16	46480001	46520000
16	46520001	46560000
16	46560001	46600000
16	46600001	46640000
16	46640001	46680000
16	46680001	46720000
16	46720001	46760000
16	46760001	46800000
16	46800001	46840000
16	46840001	46880000
16	46880001	46920000
16	46920001	46960000
16	46960001	47000000
16	47000001	47040000
16	47040001	47080000
16	47080001	47120000
16	47120001	47160000
16	47160001	47200000
16	47200001	47240000
16	47240001	47280000
16	47280001	47320000
16	47320001	47360000
16	47360001	47400000
16	47400001	47440000
16	47440001	47480000
16	47480001	47520000
16	47520001	47560000
16	47560001	47600000
16	47600001	47640000
16	47640001	47680000
16	47680001	47720000
16	47720001	47760000
16	47760001	47800000
16	47800001	47840000
16	47840001	47880000
16	47880001	47920000
16	47920001	47960000
16	47960001	48000000
16	48000001	48040000
16	48040001	48080000
16	48080001	48120000
16	48120001	48160000
16	48160001	48200000
16	48200001	48240000
16	48240001	48280000
16	48280001	48320000
16	48320001	48360000
16	48360001	48400000
16	48400001	48440000
16	48440001	48480000
16	48480001	48520000
16	48520001	48560000
16	48560001	48600000
16	48600001	48640000
16	48640001	48680000
16	48680001	48720000
16	48720001	48760000
16	48760001	48800000
16	48800001	48840000
16	48840001	48880000
16	48880001	48920000
16	48920001	48960000
16	48960001	49000000
16	49000001	49040000
16	49040001	49080000
16	49080001	49120000
16	49120001	49160000
16	49160001	49200000
16	49200001	49240000
16	49240001	49280000
16	49280001	49320000
16	49320001	49360000
16	49360001	49400000
16	49400001	49440000
16	49440001	49480000
16	49480001	49520000
16	49520001	49560000
16	49560001	49600000
16	49600001	49640000
16	49640001	49680000
16	49680001	49720000
16	49720001	49760000
16	49760001	49800000
16	49800001	49840000
16	49840001	49880000
16	49880001	49920000
16	49920001	49960000
16	49960001	50000000
16	50000001	50040000
16	50040001	50080000
16	50080001	50120000
16	50120001	50160000
16	50160001	50200000
16	50200001	50240000
16	50240001	50280000
16	50280001	50320000
16	50320001	50360000
16	50360001	50400000
16	50400001	50440000
16	50440001	50480000
16	50480001	50520000
16	50520001	50560000
16	50560001	50600000
16	50600001	50640000
16	50640001	50680000
16	50680001	50720000
16	50720001	50760000
16	50760001	50800000
16	50800001	50840000
16	50840001	50880000
16	50880001	50920000
16	50920001	50960000
16	50960001	51000000
16	51000001	51040000
16	51040001	51080000
16	51080001	51120000
16	51120001	51160000
16	51160001	51200000
16	51200001	51240000
16	51240001	51280000
16	51280001	51320000
16	51320001	51360000
16	51360001	51400000
16	51400001	51440000
16	51440001	51480000
16	51480001	51520000
16	51520001	51560000
16	51560001	51600000
16	51600001	51640000
16	51640001	51680000
16	51680001	51720000
16	51720001	51760000
16	51760001	51800000
16	51800001	51840000
16	51840001	51880000
16	51880001	51920000
16	51920001	51960000
16	51960001	52000000
16	52000001	52040000
16	52040001	52080000
16	52080001	52120000
16	52120001	52160000
16	52160001	52200000
16	52200001	52240000
16	52240001	52280000
16	52280001	52320000
16	52320001	52360000
16	52360001	52400000
16	52400001	52440000
16	52440001	52480000
16	52480001	52520000
16	52520001	52560000
16	52560001	52600000
16	52600001	52640000
16	52640001	52680000
16	52680001	52720000
16	52720001	52760000
16	52760001	52800000
16	52800001	52840000
16	52840001	52880000
16	52880001	52920000
16	52920001	52960000
16	52960001	53000000
16	53000001	53040000
16	53040001	53080000
16	53080001	53120000
16	53120001	53160000
16	53160001	53200000
16	53200001	53240000
16	53240001	53280000
16	53280001	53320000
16	53320001	53360000
16	53360001	53400000
16	53400001	53440000
16	53440001	53480000
16	53480001	53520000
16	53520001	53560000
16	53560001	53600000
16	53600001	53640000
16	53640001	53680000
16	53680001	53720000
16	53720001	53760000
16	53760001	53800000
16	53800001	53840000
16	53840001	53880000
16	53880001	53920000
16	53920001	53960000
16	53960001	54000000
16	54000001	54040000
16	54040001	54080000
16	54080001	54120000
16	54120001	54160000
16	54160001	54200000
16	54200001	54240000
16	54240001	54280000
16	54280001	54320000
16	54320001	54360000
16	54360001	54400000
16	54400001	54440000
16	54440001	54480000
16	54480001	54520000
16	54520001	54560000
16	54560001	54600000
16	54600001	54640000
16	54640001	54680000
16	54680001	54720000
16	54720001	54760000
16	54760001	54800000
16	54800001	54840000
16	54840001	54880000
16	54880001	54920000
16	54920001	54960000
16	54960001	55000000
16	55000001	55040000
16	55040001	55080000
16	55080001	55120000
16	55120001	55160000
16	55160001	55200000
16	55200001	55240000
16	55240001	55280000
16	55280001	55320000
16	55320001	55360000
16	55360001	55400000
16	55400001	55440000
16	55440001	55480000
16	55480001	55520000
16	55520001	55560000
16	55560001	55600000
16	55600001	55640000
16	55640001	55680000
16	55680001	55720000
16	55720001	55760000
16	55760001	55800000
16	55800001	55840000
16	55840001	55880000
16	55880001	55920000
16	55920001	55960000
16	55960001	56000000
16	56000001	56040000
16	56040001	56080000
16	56080001	56120000
16	56120001	56160000
16	56160001	56200000
16	56200001	56240000
16	56240001	56280000
16	56280001	56320000
16	56320001	56360000
16	56360001	56400000
16	56400001	56440000
16	56440001	56480000
16	56480001	56520000
16	56520001	56560000
16	56560001	56600000
16	56600001	56640000
16	56640001	56680000
16	56680001	56720000
16	56720001	56760000
16	56760001	56800000
16	56800001	56840000
16	56840001	56880000
16	56880001	56920000
16	56920001	56960000
16	56960001	57000000
16	57000001	57040000
16	57040001	57080000
16	57080001	57120000
16	57120001	57160000
16	57160001	57200000
16	57200001	57240000
16	57240001	57280000
16	57280001	57320000
16	57320001	57360000
16	57360001	57400000
16	57400001	57440000
16	57440001	57480000
16	57480001	57520000
16	57520001	57560000
16	57560001	57600000
16	57600001	57640000
16	57640001	57680000
16	57680001	57720000
16	57720001	57760000
16	57760001	57800000
16	57800001	57840000
16	57840001	57880000
16	57880001	57920000
16	57920001	57960000
16	57960001	58000000
16	58000001	58040000
16	58040001	58080000
16	58080001	58120000
16	58120001	58160000
16	58160001	58200000
16	58200001	58240000
16	58240001	58280000
16	58280001	58320000
16	58320001	58360000
16	58360001	58400000
16	58400001	58440000
16	58440001	58480000
16	58480001	58520000
16	58520001	58560000
16	58560001	58600000
16	58600001	58640000
16	58640001	58680000
16	58680001	58720000
16	58720001	58760000
16	58760001	58800000
16	58800001	58840000
16	58840001	58880000
16	58880001	58920000
16	58920001	58960000
16	58960001	59000000
16	59000001	59040000
16	59040001	59080000
16	59080001	59120000
16	59120001	59160000
16	59160001	59200000
16	59200001	59240000
16	59240001	59280000
16	59280001	59320000
16	59320001	59360000
16	59360001	59400000
16	59400001	59440000
16	59440001	59480000
16	59480001	59520000
16	59520001	59560000
16	59560001	59600000
16	59600001	59640000
16	59640001	59680000
16	59680001	59720000
16	59720001	59760000
16	59760001	59800000
16	59800001	59840000
16	59840001	59880000
16	59880001	59920000
16	59920001	59960000
16	59960001	60000000
16	60000001	60040000
16	60040001	60080000
16	60080001	60120000
16	60120001	60160000
16	60160001	60200000
16	60200001	60240000
16	60240001	60280000
16	60280001	60320000
16	60320001	60360000
16	60360001	60400000
16	60400001	60440000
16	60440001	60480000
16	60480001	60520000
16	60520001	60560000
16	60560001	60600000
16	60600001	60640000
16	60640001	60680000
16	60680001	60720000
16	60720001	60760000
16	60760001	60800000
16	60800001	60840000
16	60840001	60880000
16	60880001	60920000
16	60920001	60960000
16	60960001	61000000
16	61000001	61040000
16	61040001	61080000
16	61080001	61120000
16	61120001	61160000
16	61160001	61200000
16	61200001	61240000
16	61240001	61280000
16	61280001	61320000
16	61320001	61360000
16	61360001	61400000
16	61400001	61440000
16	61440001	61480000
16	61480001	61520000
16	61520001	61560000
16	61560001	61600000
16	61600001	61640000
16	61640001	61680000
16	61680001	61720000
16	61720001	61760000
16	61760001	61800000
16	61800001	61840000
16	61840001	61880000
16	61880001	61920000
16	61920001	61960000
16	61960001	62000000
16	62000001	62040000
16	62040001	62080000
16	62080001	62120000
16	62120001	62160000
16	62160001	62200000
16	62200001	62240000
16	62240001	62280000
16	62280001	62320000
16	62320001	62360000
16	62360001	62400000
16	62400001	62440000
16	62440001	62480000
16	62480001	62520000
16	62520001	62560000
16	62560001	62600000
16	62600001	62640000
16	62640001	62680000
16	62680001	62720000
16	62720001	62760000
16	62760001	62800000
16	62800001	62840000
16	62840001	62880000
16	62880001	62920000
16	62920001	62960000
16	62960001	63000000
16	63000001	63040000
16	63040001	63080000
16	63080001	63120000
16	63120001	63160000
16	63160001	63200000
16	63200001	63240000
16	63240001	63280000
16	63280001	63320000
16	63320001	63360000
16	63360001	63400000
16	63400001	63440000
16	63440001	63480000
16	63480001	63520000
16	63520001	63560000
16	63560001	63600000
16	63600001	63640000
16	63640001	63680000
16	63680001	63720000
16	63720001	63760000
16	63760001	63800000
16	63800001	63840000
16	63840001	63880000
16	63880001	63920000
16	63920001	63960000
16	63960001	64000000
16	64000001	64040000
16	64040001	64080000
16	64080001	64120000
16	64120001	64160000
16	64160001	64200000
16	64200001	64240000
16	64240001	64280000
16	64280001	64320000
16	64320001	64360000
16	64360001	64400000
16	64400001	64440000
16	64440001	64480000
16	64480001	64520000
16	64520001	64560000
16	64560001	64600000
16	64600001	64640000
16	64640001	64680000
16	64680001	64720000
16	64720001	64760000
16	64760001	64800000
16	64800001	64840000
16	64840001	64880000
16	64880001	64920000
16	64920001	64960000
16	64960001	65000000
16	65000001	65040000
16	65040001	65080000
16	65080001	65120000
16	65120001	65160000
16	65160001	65200000
16	65200001	65240000
16	65240001	65280000
16	65280001	65320000
16	65320001	65360000
16	65360001	65400000
16	65400001	65440000
16	65440001	65480000
16	65480001	65520000
16	65520001	65560000
16	65560001	65600000
16	65600001	65640000
16	65640001	65680000
16	65680001	65720000
16	65720001	65760000
16	65760001	65800000
16	65800001	65840000
16	65840001	65880000
16	65880001	65920000
16	65920001	65960000
16	65960001	66000000
16	66000001	66040000
16	66040001	66080000
16	66080001	66120000
16	66120001	66160000
16	66160001	66200000
16	66200001	66240000
16	66240001	66280000
16	66280001	66320000
16	66320001	66360000
16	66360001	66400000
16	66400001	66440000
16	66440001	66480000
16	66480001	66520000
16	66520001	66560000
16	66560001	66600000
16	66600001	66640000
16	66640001	66680000
16	66680001	66720000
16	66720001	66760000
16	66760001	66800000
16	66800001	66840000
16	66840001	66880000
16	66880001	66920000
16	66920001	66960000
16	66960001	67000000
16	67000001	67040000
16	67040001	67080000
16	67080001	67120000
16	67120001	67160000
16	67160001	67200000
16	67200001	67240000
16	67240001	67280000
16	67280001	67320000
16	67320001	67360000
16	67360001	67400000
16	67400001	67440000
16	67440001	67480000
16	67480001	67520000
16	67520001	67560000
16	67560001	67600000
16	67600001	67640000
16	67640001	67680000
16	67680001	67720000
16	67720001	67760000
16	67760001	67800000
16	67800001	67840000
16	67840001	67880000
16	67880001	67920000
16	67920001	67960000
16	67960001	68000000
16	68000001	68040000
16	68040001	68080000
16	68080001	68120000
16	68120001	68160000
16	68160001	68200000
16	68200001	68240000
16	68240001	68280000
16	68280001	68320000
16	68320001	68360000
16	68360001	68400000
16	68400001	68440000
16	68440001	68480000
16	68480001	68520000
16	68520001	68560000
16	68560001	68600000
16	68600001	68640000
16	68640001	68680000
16	68680001	68720000
16	68720001	68760000
16	68760001	68800000
16	68800001	68840000
16	68840001	68880000
16	68880001	68920000
16	68920001	68960000
16	68960001	69000000
16	69000001	69040000
16	69040001	69080000
16	69080001	69120000
16	69120001	69160000
16	69160001	69200000
16	69200001	69240000
16	69240001	69280000
16	69280001	69320000
16	69320001	69360000
16	69360001	69400000
16	69400001	69440000
16	69440001	69480000
16	69480001	69520000
16	69520001	69560000
16	69560001	69600000
16	69600001	69640000
16	69640001	69680000
16	69680001	69720000
16	69720001	69760000
16	69760001	69800000
16	69800001	69840000
16	69840001	69880000
16	69880001	69920000
16	69920001	69960000
16	69960001	70000000
16	70000001	70040000
16	70040001	70080000
16	70080001	70120000
16	70120001	70160000
16	70160001	70200000
16	70200001	70240000
16	70240001	70280000
16	70280001	70320000
16	70320001	70360000
16	70360001	70400000
16	70400001	70440000
16	70440001	70480000
16	70480001	70520000
16	70520001	70560000
16	70560001	70600000
16	70600001	70640000
16	70640001	70680000
16	70680001	70720000
16	70720001	70760000
16	70760001	70800000
16	70800001	70840000
16	70840001	70880000
16	70880001	70920000
16	70920001	70960000
16	70960001	71000000
16	71000001	71040000
16	71040001	71080000
16	71080001	71120000
16	71120001	71160000
16	71160001	71200000
16	71200001	71240000
16	71240001	71280000
16	71280001	71320000
16	71320001	71360000
16	71360001	71400000
16	71400001	71440000
16	71440001	71480000
16	71480001	71520000
16	71520001	71560000
16	71560001	71600000
16	71600001	71640000
16	71640001	71680000
16	71680001	71720000
16	71720001	71760000
16	71760001	71800000
16	71800001	71840000
16	71840001	71880000
16	71880001	71920000
16	71920001	71960000
16	71960001	72000000
16	72000001	72040000
16	72040001	72080000
16	72080001	72120000
16	72120001	72160000
16	72160001	72200000
16	72200001	72240000
16	72240001	72280000
16	72280001	72320000
16	72320001	72360000
16	72360001	72400000
16	72400001	72440000
16	72440001	72480000
16	72480001	72520000
16	72520001	72560000
16	72560001	72600000
16	72600001	72640000
16	72640001	72680000
16	72680001	72720000
16	72720001	72760000
16	72760001	72800000
16	72800001	72840000
16	72840001	72880000
16	72880001	72920000
16	72920001	72960000
16	72960001	73000000
16	73000001	73040000
16	73040001	73080000
16	73080001	73120000
16	73120001	73160000
16	73160001	73200000
16	73200001	73240000
16	73240001	73280000
16	73280001	73320000
16	73320001	73360000
16	73360001	73400000
16	73400001	73440000
16	73440001	73480000
16	73480001	73520000
16	73520001	73560000
16	73560001	73600000
16	73600001	73640000
16	73640001	73680000
16	73680001	73720000
16	73720001	73760000
16	73760001	73800000
16	73800001	73840000
16	73840001	73880000
16	73880001	73920000
16	73920001	73960000
16	73960001	74000000
16	74000001	74040000
16	74040001	74080000
16	74080001	74120000
16	74120001	74160000
16	74160001	74200000
16	74200001	74240000
16	74240001	74280000
16	74280001	74320000
16	74320001	74360000
16	74360001	74400000
16	74400001	74440000
16	74440001	74480000
16	74480001	74520000
16	74520001	74560000
16	74560001	74600000
16	74600001	74640000
16	74640001	74680000
16	74680001	74720000
16	74720001	74760000
16	74760001	74800000
16	74800001	74840000
16	74840001	74880000
16	74880001	74920000
16	74920001	74960000
16	74960001	75000000
16	75000001	75040000
16	75040001	75080000
16	75080001	75120000
16	75120001	75160000
16	75160001	75200000
16	75200001	75240000
16	75240001	75280000
16	75280001	75320000
16	75320001	75360000
16	75360001	75400000
16	75400001	75440000
16	75440001	75480000
16	75480001	75520000
16	75520001	75560000
16	75560001	75600000
16	75600001	75640000
16	75640001	75680000
16	75680001	75720000
16	75720001	75760000
16	75760001	75800000
16	75800001	75840000
16	75840001	75880000
16	75880001	75920000
16	75920001	75960000
16	75960001	76000000
16	76000001	76040000
16	76040001	76080000
16	76080001	76120000
16	76120001	76160000
16	76160001	76200000
16	76200001	76240000
16	76240001	76280000
16	76280001	76320000
16	76320001	76360000
16	76360001	76400000
16	76400001	76440000
16	76440001	76480000
16	76480001	76520000
16	76520001	76560000
16	76560001	76600000
16	76600001	76640000
16	76640001	76680000
16	76680001	76720000
16	76720001	76760000
16	76760001	76800000
16	76800001	76840000
16	76840001	76880000
16	76880001	76920000
16	76920001	76960000
16	76960001	77000000
16	77000001	77040000
16	77040001	77080000
16	77080001	77120000
16	77120001	77160000
16	77160001	77200000
16	77200001	77240000
16	77240001	77280000
16	77280001	77320000
16	77320001	77360000
16	77360001	77400000
16	77400001	77440000
16	77440001	77480000
16	77480001	77520000
16	77520001	77560000
16	77560001	77600000
16	77600001	77640000
16	77640001	77680000
16	77680001	77720000
16	77720001	77760000
16	77760001	77800000
16	77800001	77840000
16	77840001	77880000
16	77880001	77920000
16	77920001	77960000
16	77960001	78000000
16	78000001	78040000
16	78040001	78080000
16	78080001	78120000
16	78120001	78160000
16	78160001	78200000
16	78200001	78240000
16	78240001	78280000
16	78280001	78320000
16	78320001	78360000
16	78360001	78400000
16	78400001	78440000
16	78440001	78480000
16	78480001	78520000
16	78520001	78560000
16	78560001	78600000
16	78600001	78640000
16	78640001	78680000
16	78680001	78720000
16	78720001	78760000
16	78760001	78800000
16	78800001	78840000
16	78840001	78880000
16	78880001	78920000
16	78920001	78960000
16	78960001	79000000
16	79000001	79040000
16	79040001	79080000
16	79080001	79120000
16	79120001	79160000
16	79160001	79200000
16	79200001	79240000
16	79240001	79280000
16	79280001	79320000
16	79320001	79360000
16	79360001	79400000
16	79400001	79440000
16	79440001	79480000
16	79480001	79520000
16	79520001	79560000
16	79560001	79600000
16	79600001	79640000
16	79640001	79680000
16	79680001	79720000
16	79720001	79760000
16	79760001	79800000
16	79800001	79840000
16	79840001	79880000
16	79880001	79920000
16	79920001	79960000
16	79960001	80000000
16	80000001	80040000
16	80040001	80080000
16	80080001	80120000
16	80120001	80160000
16	80160001	80200000
16	80200001	80240000
16	80240001	80280000
16	80280001	80320000
16	80320001	80360000
16	80360001	80400000
16	80400001	80440000
16	80440001	80480000
16	80480001	80520000
16	80520001	80560000
16	80560001	80600000
16	80600001	80640000
16	80640001	80680000
16	80680001	80720000
16	80720001	80760000
16	80760001	80800000
16	80800001	80840000
16	80840001	80880000
16	80880001	80920000
16	80920001	80960000
16	80960001	81000000
16	81000001	81040000
16	81040001	81080000
16	81080001	81120000
16	81120001	81160000
16	81160001	81195210
