14	1	40000
14	40001	80000
14	80001	120000
14	120001	160000
14	160001	200000
14	200001	240000
14	240001	280000
14	280001	320000
14	320001	360000
14	360001	400000
14	400001	440000
14	440001	480000
14	480001	520000
14	520001	560000
14	560001	600000
14	600001	640000
14	640001	680000
14	680001	720000
14	720001	760000
14	760001	800000
14	800001	840000
14	840001	880000
14	880001	920000
14	920001	960000
14	960001	1000000
14	1000001	1040000
14	1040001	1080000
14	1080001	1120000
14	1120001	1160000
14	1160001	1200000
14	1200001	1240000
14	1240001	1280000
14	1280001	1320000
14	1320001	1360000
14	1360001	1400000
14	1400001	1440000
14	1440001	1480000
14	1480001	1520000
14	1520001	1560000
14	1560001	1600000
14	1600001	1640000
14	1640001	1680000
14	1680001	1720000
14	1720001	1760000
14	1760001	1800000
14	1800001	1840000
14	1840001	1880000
14	1880001	1920000
14	1920001	1960000
14	1960001	2000000
14	2000001	2040000
14	2040001	2080000
14	2080001	2120000
14	2120001	2160000
14	2160001	2200000
14	2200001	2240000
14	2240001	2280000
14	2280001	2320000
14	2320001	2360000
14	2360001	2400000
14	2400001	2440000
14	2440001	2480000
14	2480001	2520000
14	2520001	2560000
14	2560001	2600000
14	2600001	2640000
14	2640001	2680000
14	2680001	2720000
14	2720001	2760000
14	2760001	2800000
14	2800001	2840000
14	2840001	2880000
14	2880001	2920000
14	2920001	2960000
14	2960001	3000000
14	3000001	3040000
14	3040001	3080000
14	3080001	3120000
14	3120001	3160000
14	3160001	3200000
14	3200001	3240000
14	3240001	3280000
14	3280001	3320000
14	3320001	3360000
14	3360001	3400000
14	3400001	3440000
14	3440001	3480000
14	3480001	3520000
14	3520001	3560000
14	3560001	3600000
14	3600001	3640000
14	3640001	3680000
14	3680001	3720000
14	3720001	3760000
14	3760001	3800000
14	3800001	3840000
14	3840001	3880000
14	3880001	3920000
14	3920001	3960000
14	3960001	4000000
14	4000001	4040000
14	4040001	4080000
14	4080001	4120000
14	4120001	4160000
14	4160001	4200000
14	4200001	4240000
14	4240001	4280000
14	4280001	4320000
14	4320001	4360000
14	4360001	4400000
14	4400001	4440000
14	4440001	4480000
14	4480001	4520000
14	4520001	4560000
14	4560001	4600000
14	4600001	4640000
14	4640001	4680000
14	4680001	4720000
14	4720001	4760000
14	4760001	4800000
14	4800001	4840000
14	4840001	4880000
14	4880001	4920000
14	4920001	4960000
14	4960001	5000000
14	5000001	5040000
14	5040001	5080000
14	5080001	5120000
14	5120001	5160000
14	5160001	5200000
14	5200001	5240000
14	5240001	5280000
14	5280001	5320000
14	5320001	5360000
14	5360001	5400000
14	5400001	5440000
14	5440001	5480000
14	5480001	5520000
14	5520001	5560000
14	5560001	5600000
14	5600001	5640000
14	5640001	5680000
14	5680001	5720000
14	5720001	5760000
14	5760001	5800000
14	5800001	5840000
14	5840001	5880000
14	5880001	5920000
14	5920001	5960000
14	5960001	6000000
14	6000001	6040000
14	6040001	6080000
14	6080001	6120000
14	6120001	6160000
14	6160001	6200000
14	6200001	6240000
14	6240001	6280000
14	6280001	6320000
14	6320001	6360000
14	6360001	6400000
14	6400001	6440000
14	6440001	6480000
14	6480001	6520000
14	6520001	6560000
14	6560001	6600000
14	6600001	6640000
14	6640001	6680000
14	6680001	6720000
14	6720001	6760000
14	6760001	6800000
14	6800001	6840000
14	6840001	6880000
14	6880001	6920000
14	6920001	6960000
14	6960001	7000000
14	7000001	7040000
14	7040001	7080000
14	7080001	7120000
14	7120001	7160000
14	7160001	7200000
14	7200001	7240000
14	7240001	7280000
14	7280001	7320000
14	7320001	7360000
14	7360001	7400000
14	7400001	7440000
14	7440001	7480000
14	7480001	7520000
14	7520001	7560000
14	7560001	7600000
14	7600001	7640000
14	7640001	7680000
14	7680001	7720000
14	7720001	7760000
14	7760001	7800000
14	7800001	7840000
14	7840001	7880000
14	7880001	7920000
14	7920001	7960000
14	7960001	8000000
14	8000001	8040000
14	8040001	8080000
14	8080001	8120000
14	8120001	8160000
14	8160001	8200000
14	8200001	8240000
14	8240001	8280000
14	8280001	8320000
14	8320001	8360000
14	8360001	8400000
14	8400001	8440000
14	8440001	8480000
14	8480001	8520000
14	8520001	8560000
14	8560001	8600000
14	8600001	8640000
14	8640001	8680000
14	8680001	8720000
14	8720001	8760000
14	8760001	8800000
14	8800001	8840000
14	8840001	8880000
14	8880001	8920000
14	8920001	8960000
14	8960001	9000000
14	9000001	9040000
14	9040001	9080000
14	9080001	9120000
14	9120001	9160000
14	9160001	9200000
14	9200001	9240000
14	9240001	9280000
14	9280001	9320000
14	9320001	9360000
14	9360001	9400000
14	9400001	9440000
14	9440001	9480000
14	9480001	9520000
14	9520001	9560000
14	9560001	9600000
14	9600001	9640000
14	9640001	9680000
14	9680001	9720000
14	9720001	9760000
14	9760001	9800000
14	9800001	9840000
14	9840001	9880000
14	9880001	9920000
14	9920001	9960000
14	9960001	10000000
14	10000001	10040000
14	10040001	10080000
14	10080001	10120000
14	10120001	10160000
14	10160001	10200000
14	10200001	10240000
14	10240001	10280000
14	10280001	10320000
14	10320001	10360000
14	10360001	10400000
14	10400001	10440000
14	10440001	10480000
14	10480001	10520000
14	10520001	10560000
14	10560001	10600000
14	10600001	10640000
14	10640001	10680000
14	10680001	10720000
14	10720001	10760000
14	10760001	10800000
14	10800001	10840000
14	10840001	10880000
14	10880001	10920000
14	10920001	10960000
14	10960001	11000000
14	11000001	11040000
14	11040001	11080000
14	11080001	11120000
14	11120001	11160000
14	11160001	11200000
14	11200001	11240000
14	11240001	11280000
14	11280001	11320000
14	11320001	11360000
14	11360001	11400000
14	11400001	11440000
14	11440001	11480000
14	11480001	11520000
14	11520001	11560000
14	11560001	11600000
14	11600001	11640000
14	11640001	11680000
14	11680001	11720000
14	11720001	11760000
14	11760001	11800000
14	11800001	11840000
14	11840001	11880000
14	11880001	11920000
14	11920001	11960000
14	11960001	12000000
14	12000001	12040000
14	12040001	12080000
14	12080001	12120000
14	12120001	12160000
14	12160001	12200000
14	12200001	12240000
14	12240001	12280000
14	12280001	12320000
14	12320001	12360000
14	12360001	12400000
14	12400001	12440000
14	12440001	12480000
14	12480001	12520000
14	12520001	12560000
14	12560001	12600000
14	12600001	12640000
14	12640001	12680000
14	12680001	12720000
14	12720001	12760000
14	12760001	12800000
14	12800001	12840000
14	12840001	12880000
14	12880001	12920000
14	12920001	12960000
14	12960001	13000000
14	13000001	13040000
14	13040001	13080000
14	13080001	13120000
14	13120001	13160000
14	13160001	13200000
14	13200001	13240000
14	13240001	13280000
14	13280001	13320000
14	13320001	13360000
14	13360001	13400000
14	13400001	13440000
14	13440001	13480000
14	13480001	13520000
14	13520001	13560000
14	13560001	13600000
14	13600001	13640000
14	13640001	13680000
14	13680001	13720000
14	13720001	13760000
14	13760001	13800000
14	13800001	13840000
14	13840001	13880000
14	13880001	13920000
14	13920001	13960000
14	13960001	14000000
14	14000001	14040000
14	14040001	14080000
14	14080001	14120000
14	14120001	14160000
14	14160001	14200000
14	14200001	14240000
14	14240001	14280000
14	14280001	14320000
14	14320001	14360000
14	14360001	14400000
14	14400001	14440000
14	14440001	14480000
14	14480001	14520000
14	14520001	14560000
14	14560001	14600000
14	14600001	14640000
14	14640001	14680000
14	14680001	14720000
14	14720001	14760000
14	14760001	14800000
14	14800001	14840000
14	14840001	14880000
14	14880001	14920000
14	14920001	14960000
14	14960001	15000000
14	15000001	15040000
14	15040001	15080000
14	15080001	15120000
14	15120001	15160000
14	15160001	15200000
14	15200001	15240000
14	15240001	15280000
14	15280001	15320000
14	15320001	15360000
14	15360001	15400000
14	15400001	15440000
14	15440001	15480000
14	15480001	15520000
14	15520001	15560000
14	15560001	15600000
14	15600001	15640000
14	15640001	15680000
14	15680001	15720000
14	15720001	15760000
14	15760001	15800000
14	15800001	15840000
14	15840001	15880000
14	15880001	15920000
14	15920001	15960000
14	15960001	16000000
14	16000001	16040000
14	16040001	16080000
14	16080001	16120000
14	16120001	16160000
14	16160001	16200000
14	16200001	16240000
14	16240001	16280000
14	16280001	16320000
14	16320001	16360000
14	16360001	16400000
14	16400001	16440000
14	16440001	16480000
14	16480001	16520000
14	16520001	16560000
14	16560001	16600000
14	16600001	16640000
14	16640001	16680000
14	16680001	16720000
14	16720001	16760000
14	16760001	16800000
14	16800001	16840000
14	16840001	16880000
14	16880001	16920000
14	16920001	16960000
14	16960001	17000000
14	17000001	17040000
14	17040001	17080000
14	17080001	17120000
14	17120001	17160000
14	17160001	17200000
14	17200001	17240000
14	17240001	17280000
14	17280001	17320000
14	17320001	17360000
14	17360001	17400000
14	17400001	17440000
14	17440001	17480000
14	17480001	17520000
14	17520001	17560000
14	17560001	17600000
14	17600001	17640000
14	17640001	17680000
14	17680001	17720000
14	17720001	17760000
14	17760001	17800000
14	17800001	17840000
14	17840001	17880000
14	17880001	17920000
14	17920001	17960000
14	17960001	18000000
14	18000001	18040000
14	18040001	18080000
14	18080001	18120000
14	18120001	18160000
14	18160001	18200000
14	18200001	18240000
14	18240001	18280000
14	18280001	18320000
14	18320001	18360000
14	18360001	18400000
14	18400001	18440000
14	18440001	18480000
14	18480001	18520000
14	18520001	18560000
14	18560001	18600000
14	18600001	18640000
14	18640001	18680000
14	18680001	18720000
14	18720001	18760000
14	18760001	18800000
14	18800001	18840000
14	18840001	18880000
14	18880001	18920000
14	18920001	18960000
14	18960001	19000000
14	19000001	19040000
14	19040001	19080000
14	19080001	19120000
14	19120001	19160000
14	19160001	19200000
14	19200001	19240000
14	19240001	19280000
14	19280001	19320000
14	19320001	19360000
14	19360001	19400000
14	19400001	19440000
14	19440001	19480000
14	19480001	19520000
14	19520001	19560000
14	19560001	19600000
14	19600001	19640000
14	19640001	19680000
14	19680001	19720000
14	19720001	19760000
14	19760001	19800000
14	19800001	19840000
14	19840001	19880000
14	19880001	19920000
14	19920001	19960000
14	19960001	20000000
14	20000001	20040000
14	20040001	20080000
14	20080001	20120000
14	20120001	20160000
14	20160001	20200000
14	20200001	20240000
14	20240001	20280000
14	20280001	20320000
14	20320001	20360000
14	20360001	20400000
14	20400001	20440000
14	20440001	20480000
14	20480001	20520000
14	20520001	20560000
14	20560001	20600000
14	20600001	20640000
14	20640001	20680000
14	20680001	20720000
14	20720001	20760000
14	20760001	20800000
14	20800001	20840000
14	20840001	20880000
14	20880001	20920000
14	20920001	20960000
14	20960001	21000000
14	21000001	21040000
14	21040001	21080000
14	21080001	21120000
14	21120001	21160000
14	21160001	21200000
14	21200001	21240000
14	21240001	21280000
14	21280001	21320000
14	21320001	21360000
14	21360001	21400000
14	21400001	21440000
14	21440001	21480000
14	21480001	21520000
14	21520001	21560000
14	21560001	21600000
14	21600001	21640000
14	21640001	21680000
14	21680001	21720000
14	21720001	21760000
14	21760001	21800000
14	21800001	21840000
14	21840001	21880000
14	21880001	21920000
14	21920001	21960000
14	21960001	22000000
14	22000001	22040000
14	22040001	22080000
14	22080001	22120000
14	22120001	22160000
14	22160001	22200000
14	22200001	22240000
14	22240001	22280000
14	22280001	22320000
14	22320001	22360000
14	22360001	22400000
14	22400001	22440000
14	22440001	22480000
14	22480001	22520000
14	22520001	22560000
14	22560001	22600000
14	22600001	22640000
14	22640001	22680000
14	22680001	22720000
14	22720001	22760000
14	22760001	22800000
14	22800001	22840000
14	22840001	22880000
14	22880001	22920000
14	22920001	22960000
14	22960001	23000000
14	23000001	23040000
14	23040001	23080000
14	23080001	23120000
14	23120001	23160000
14	23160001	23200000
14	23200001	23240000
14	23240001	23280000
14	23280001	23320000
14	23320001	23360000
14	23360001	23400000
14	23400001	23440000
14	23440001	23480000
14	23480001	23520000
14	23520001	23560000
14	23560001	23600000
14	23600001	23640000
14	23640001	23680000
14	23680001	23720000
14	23720001	23760000
14	23760001	23800000
14	23800001	23840000
14	23840001	23880000
14	23880001	23920000
14	23920001	23960000
14	23960001	24000000
14	24000001	24040000
14	24040001	24080000
14	24080001	24120000
14	24120001	24160000
14	24160001	24200000
14	24200001	24240000
14	24240001	24280000
14	24280001	24320000
14	24320001	24360000
14	24360001	24400000
14	24400001	24440000
14	24440001	24480000
14	24480001	24520000
14	24520001	24560000
14	24560001	24600000
14	24600001	24640000
14	24640001	24680000
14	24680001	24720000
14	24720001	24760000
14	24760001	24800000
14	24800001	24840000
14	24840001	24880000
14	24880001	24920000
14	24920001	24960000
14	24960001	25000000
14	25000001	25040000
14	25040001	25080000
14	25080001	25120000
14	25120001	25160000
14	25160001	25200000
14	25200001	25240000
14	25240001	25280000
14	25280001	25320000
14	25320001	25360000
14	25360001	25400000
14	25400001	25440000
14	25440001	25480000
14	25480001	25520000
14	25520001	25560000
14	25560001	25600000
14	25600001	25640000
14	25640001	25680000
14	25680001	25720000
14	25720001	25760000
14	25760001	25800000
14	25800001	25840000
14	25840001	25880000
14	25880001	25920000
14	25920001	25960000
14	25960001	26000000
14	26000001	26040000
14	26040001	26080000
14	26080001	26120000
14	26120001	26160000
14	26160001	26200000
14	26200001	26240000
14	26240001	26280000
14	26280001	26320000
14	26320001	26360000
14	26360001	26400000
14	26400001	26440000
14	26440001	26480000
14	26480001	26520000
14	26520001	26560000
14	26560001	26600000
14	26600001	26640000
14	26640001	26680000
14	26680001	26720000
14	26720001	26760000
14	26760001	26800000
14	26800001	26840000
14	26840001	26880000
14	26880001	26920000
14	26920001	26960000
14	26960001	27000000
14	27000001	27040000
14	27040001	27080000
14	27080001	27120000
14	27120001	27160000
14	27160001	27200000
14	27200001	27240000
14	27240001	27280000
14	27280001	27320000
14	27320001	27360000
14	27360001	27400000
14	27400001	27440000
14	27440001	27480000
14	27480001	27520000
14	27520001	27560000
14	27560001	27600000
14	27600001	27640000
14	27640001	27680000
14	27680001	27720000
14	27720001	27760000
14	27760001	27800000
14	27800001	27840000
14	27840001	27880000
14	27880001	27920000
14	27920001	27960000
14	27960001	28000000
14	28000001	28040000
14	28040001	28080000
14	28080001	28120000
14	28120001	28160000
14	28160001	28200000
14	28200001	28240000
14	28240001	28280000
14	28280001	28320000
14	28320001	28360000
14	28360001	28400000
14	28400001	28440000
14	28440001	28480000
14	28480001	28520000
14	28520001	28560000
14	28560001	28600000
14	28600001	28640000
14	28640001	28680000
14	28680001	28720000
14	28720001	28760000
14	28760001	28800000
14	28800001	28840000
14	28840001	28880000
14	28880001	28920000
14	28920001	28960000
14	28960001	29000000
14	29000001	29040000
14	29040001	29080000
14	29080001	29120000
14	29120001	29160000
14	29160001	29200000
14	29200001	29240000
14	29240001	29280000
14	29280001	29320000
14	29320001	29360000
14	29360001	29400000
14	29400001	29440000
14	29440001	29480000
14	29480001	29520000
14	29520001	29560000
14	29560001	29600000
14	29600001	29640000
14	29640001	29680000
14	29680001	29720000
14	29720001	29760000
14	29760001	29800000
14	29800001	29840000
14	29840001	29880000
14	29880001	29920000
14	29920001	29960000
14	29960001	30000000
14	30000001	30040000
14	30040001	30080000
14	30080001	30120000
14	30120001	30160000
14	30160001	30200000
14	30200001	30240000
14	30240001	30280000
14	30280001	30320000
14	30320001	30360000
14	30360001	30400000
14	30400001	30440000
14	30440001	30480000
14	30480001	30520000
14	30520001	30560000
14	30560001	30600000
14	30600001	30640000
14	30640001	30680000
14	30680001	30720000
14	30720001	30760000
14	30760001	30800000
14	30800001	30840000
14	30840001	30880000
14	30880001	30920000
14	30920001	30960000
14	30960001	31000000
14	31000001	31040000
14	31040001	31080000
14	31080001	31120000
14	31120001	31160000
14	31160001	31200000
14	31200001	31240000
14	31240001	31280000
14	31280001	31320000
14	31320001	31360000
14	31360001	31400000
14	31400001	31440000
14	31440001	31480000
14	31480001	31520000
14	31520001	31560000
14	31560001	31600000
14	31600001	31640000
14	31640001	31680000
14	31680001	31720000
14	31720001	31760000
14	31760001	31800000
14	31800001	31840000
14	31840001	31880000
14	31880001	31920000
14	31920001	31960000
14	31960001	32000000
14	32000001	32040000
14	32040001	32080000
14	32080001	32120000
14	32120001	32160000
14	32160001	32200000
14	32200001	32240000
14	32240001	32280000
14	32280001	32320000
14	32320001	32360000
14	32360001	32400000
14	32400001	32440000
14	32440001	32480000
14	32480001	32520000
14	32520001	32560000
14	32560001	32600000
14	32600001	32640000
14	32640001	32680000
14	32680001	32720000
14	32720001	32760000
14	32760001	32800000
14	32800001	32840000
14	32840001	32880000
14	32880001	32920000
14	32920001	32960000
14	32960001	33000000
14	33000001	33040000
14	33040001	33080000
14	33080001	33120000
14	33120001	33160000
14	33160001	33200000
14	33200001	33240000
14	33240001	33280000
14	33280001	33320000
14	33320001	33360000
14	33360001	33400000
14	33400001	33440000
14	33440001	33480000
14	33480001	33520000
14	33520001	33560000
14	33560001	33600000
14	33600001	33640000
14	33640001	33680000
14	33680001	33720000
14	33720001	33760000
14	33760001	33800000
14	33800001	33840000
14	33840001	33880000
14	33880001	33920000
14	33920001	33960000
14	33960001	34000000
14	34000001	34040000
14	34040001	34080000
14	34080001	34120000
14	34120001	34160000
14	34160001	34200000
14	34200001	34240000
14	34240001	34280000
14	34280001	34320000
14	34320001	34360000
14	34360001	34400000
14	34400001	34440000
14	34440001	34480000
14	34480001	34520000
14	34520001	34560000
14	34560001	34600000
14	34600001	34640000
14	34640001	34680000
14	34680001	34720000
14	34720001	34760000
14	34760001	34800000
14	34800001	34840000
14	34840001	34880000
14	34880001	34920000
14	34920001	34960000
14	34960001	35000000
14	35000001	35040000
14	35040001	35080000
14	35080001	35120000
14	35120001	35160000
14	35160001	35200000
14	35200001	35240000
14	35240001	35280000
14	35280001	35320000
14	35320001	35360000
14	35360001	35400000
14	35400001	35440000
14	35440001	35480000
14	35480001	35520000
14	35520001	35560000
14	35560001	35600000
14	35600001	35640000
14	35640001	35680000
14	35680001	35720000
14	35720001	35760000
14	35760001	35800000
14	35800001	35840000
14	35840001	35880000
14	35880001	35920000
14	35920001	35960000
14	35960001	36000000
14	36000001	36040000
14	36040001	36080000
14	36080001	36120000
14	36120001	36160000
14	36160001	36200000
14	36200001	36240000
14	36240001	36280000
14	36280001	36320000
14	36320001	36360000
14	36360001	36400000
14	36400001	36440000
14	36440001	36480000
14	36480001	36520000
14	36520001	36560000
14	36560001	36600000
14	36600001	36640000
14	36640001	36680000
14	36680001	36720000
14	36720001	36760000
14	36760001	36800000
14	36800001	36840000
14	36840001	36880000
14	36880001	36920000
14	36920001	36960000
14	36960001	37000000
14	37000001	37040000
14	37040001	37080000
14	37080001	37120000
14	37120001	37160000
14	37160001	37200000
14	37200001	37240000
14	37240001	37280000
14	37280001	37320000
14	37320001	37360000
14	37360001	37400000
14	37400001	37440000
14	37440001	37480000
14	37480001	37520000
14	37520001	37560000
14	37560001	37600000
14	37600001	37640000
14	37640001	37680000
14	37680001	37720000
14	37720001	37760000
14	37760001	37800000
14	37800001	37840000
14	37840001	37880000
14	37880001	37920000
14	37920001	37960000
14	37960001	38000000
14	38000001	38040000
14	38040001	38080000
14	38080001	38120000
14	38120001	38160000
14	38160001	38200000
14	38200001	38240000
14	38240001	38280000
14	38280001	38320000
14	38320001	38360000
14	38360001	38400000
14	38400001	38440000
14	38440001	38480000
14	38480001	38520000
14	38520001	38560000
14	38560001	38600000
14	38600001	38640000
14	38640001	38680000
14	38680001	38720000
14	38720001	38760000
14	38760001	38800000
14	38800001	38840000
14	38840001	38880000
14	38880001	38920000
14	38920001	38960000
14	38960001	39000000
14	39000001	39040000
14	39040001	39080000
14	39080001	39120000
14	39120001	39160000
14	39160001	39200000
14	39200001	39240000
14	39240001	39280000
14	39280001	39320000
14	39320001	39360000
14	39360001	39400000
14	39400001	39440000
14	39440001	39480000
14	39480001	39520000
14	39520001	39560000
14	39560001	39600000
14	39600001	39640000
14	39640001	39680000
14	39680001	39720000
14	39720001	39760000
14	39760001	39800000
14	39800001	39840000
14	39840001	39880000
14	39880001	39920000
14	39920001	39960000
14	39960001	40000000
14	40000001	40040000
14	40040001	40080000
14	40080001	40120000
14	40120001	40160000
14	40160001	40200000
14	40200001	40240000
14	40240001	40280000
14	40280001	40320000
14	40320001	40360000
14	40360001	40400000
14	40400001	40440000
14	40440001	40480000
14	40480001	40520000
14	40520001	40560000
14	40560001	40600000
14	40600001	40640000
14	40640001	40680000
14	40680001	40720000
14	40720001	40760000
14	40760001	40800000
14	40800001	40840000
14	40840001	40880000
14	40880001	40920000
14	40920001	40960000
14	40960001	41000000
14	41000001	41040000
14	41040001	41080000
14	41080001	41120000
14	41120001	41160000
14	41160001	41200000
14	41200001	41240000
14	41240001	41280000
14	41280001	41320000
14	41320001	41360000
14	41360001	41400000
14	41400001	41440000
14	41440001	41480000
14	41480001	41520000
14	41520001	41560000
14	41560001	41600000
14	41600001	41640000
14	41640001	41680000
14	41680001	41720000
14	41720001	41760000
14	41760001	41800000
14	41800001	41840000
14	41840001	41880000
14	41880001	41920000
14	41920001	41960000
14	41960001	42000000
14	42000001	42040000
14	42040001	42080000
14	42080001	42120000
14	42120001	42160000
14	42160001	42200000
14	42200001	42240000
14	42240001	42280000
14	42280001	42320000
14	42320001	42360000
14	42360001	42400000
14	42400001	42440000
14	42440001	42480000
14	42480001	42520000
14	42520001	42560000
14	42560001	42600000
14	42600001	42640000
14	42640001	42680000
14	42680001	42720000
14	42720001	42760000
14	42760001	42800000
14	42800001	42840000
14	42840001	42880000
14	42880001	42920000
14	42920001	42960000
14	42960001	43000000
14	43000001	43040000
14	43040001	43080000
14	43080001	43120000
14	43120001	43160000
14	43160001	43200000
14	43200001	43240000
14	43240001	43280000
14	43280001	43320000
14	43320001	43360000
14	43360001	43400000
14	43400001	43440000
14	43440001	43480000
14	43480001	43520000
14	43520001	43560000
14	43560001	43600000
14	43600001	43640000
14	43640001	43680000
14	43680001	43720000
14	43720001	43760000
14	43760001	43800000
14	43800001	43840000
14	43840001	43880000
14	43880001	43920000
14	43920001	43960000
14	43960001	44000000
14	44000001	44040000
14	44040001	44080000
14	44080001	44120000
14	44120001	44160000
14	44160001	44200000
14	44200001	44240000
14	44240001	44280000
14	44280001	44320000
14	44320001	44360000
14	44360001	44400000
14	44400001	44440000
14	44440001	44480000
14	44480001	44520000
14	44520001	44560000
14	44560001	44600000
14	44600001	44640000
14	44640001	44680000
14	44680001	44720000
14	44720001	44760000
14	44760001	44800000
14	44800001	44840000
14	44840001	44880000
14	44880001	44920000
14	44920001	44960000
14	44960001	45000000
14	45000001	45040000
14	45040001	45080000
14	45080001	45120000
14	45120001	45160000
14	45160001	45200000
14	45200001	45240000
14	45240001	45280000
14	45280001	45320000
14	45320001	45360000
14	45360001	45400000
14	45400001	45440000
14	45440001	45480000
14	45480001	45520000
14	45520001	45560000
14	45560001	45600000
14	45600001	45640000
14	45640001	45680000
14	45680001	45720000
14	45720001	45760000
14	45760001	45800000
14	45800001	45840000
14	45840001	45880000
14	45880001	45920000
14	45920001	45960000
14	45960001	46000000
14	46000001	46040000
14	46040001	46080000
14	46080001	46120000
14	46120001	46160000
14	46160001	46200000
14	46200001	46240000
14	46240001	46280000
14	46280001	46320000
14	46320001	46360000
14	46360001	46400000
14	46400001	46440000
14	46440001	46480000
14	46480001	46520000
14	46520001	46560000
14	46560001	46600000
14	46600001	46640000
14	46640001	46680000
14	46680001	46720000
14	46720001	46760000
14	46760001	46800000
14	46800001	46840000
14	46840001	46880000
14	46880001	46920000
14	46920001	46960000
14	46960001	47000000
14	47000001	47040000
14	47040001	47080000
14	47080001	47120000
14	47120001	47160000
14	47160001	47200000
14	47200001	47240000
14	47240001	47280000
14	47280001	47320000
14	47320001	47360000
14	47360001	47400000
14	47400001	47440000
14	47440001	47480000
14	47480001	47520000
14	47520001	47560000
14	47560001	47600000
14	47600001	47640000
14	47640001	47680000
14	47680001	47720000
14	47720001	47760000
14	47760001	47800000
14	47800001	47840000
14	47840001	47880000
14	47880001	47920000
14	47920001	47960000
14	47960001	48000000
14	48000001	48040000
14	48040001	48080000
14	48080001	48120000
14	48120001	48160000
14	48160001	48200000
14	48200001	48240000
14	48240001	48280000
14	48280001	48320000
14	48320001	48360000
14	48360001	48400000
14	48400001	48440000
14	48440001	48480000
14	48480001	48520000
14	48520001	48560000
14	48560001	48600000
14	48600001	48640000
14	48640001	48680000
14	48680001	48720000
14	48720001	48760000
14	48760001	48800000
14	48800001	48840000
14	48840001	48880000
14	48880001	48920000
14	48920001	48960000
14	48960001	49000000
14	49000001	49040000
14	49040001	49080000
14	49080001	49120000
14	49120001	49160000
14	49160001	49200000
14	49200001	49240000
14	49240001	49280000
14	49280001	49320000
14	49320001	49360000
14	49360001	49400000
14	49400001	49440000
14	49440001	49480000
14	49480001	49520000
14	49520001	49560000
14	49560001	49600000
14	49600001	49640000
14	49640001	49680000
14	49680001	49720000
14	49720001	49760000
14	49760001	49800000
14	49800001	49840000
14	49840001	49880000
14	49880001	49920000
14	49920001	49960000
14	49960001	50000000
14	50000001	50040000
14	50040001	50080000
14	50080001	50120000
14	50120001	50160000
14	50160001	50200000
14	50200001	50240000
14	50240001	50280000
14	50280001	50320000
14	50320001	50360000
14	50360001	50400000
14	50400001	50440000
14	50440001	50480000
14	50480001	50520000
14	50520001	50560000
14	50560001	50600000
14	50600001	50640000
14	50640001	50680000
14	50680001	50720000
14	50720001	50760000
14	50760001	50800000
14	50800001	50840000
14	50840001	50880000
14	50880001	50920000
14	50920001	50960000
14	50960001	51000000
14	51000001	51040000
14	51040001	51080000
14	51080001	51120000
14	51120001	51160000
14	51160001	51200000
14	51200001	51240000
14	51240001	51280000
14	51280001	51320000
14	51320001	51360000
14	51360001	51400000
14	51400001	51440000
14	51440001	51480000
14	51480001	51520000
14	51520001	51560000
14	51560001	51600000
14	51600001	51640000
14	51640001	51680000
14	51680001	51720000
14	51720001	51760000
14	51760001	51800000
14	51800001	51840000
14	51840001	51880000
14	51880001	51920000
14	51920001	51960000
14	51960001	52000000
14	52000001	52040000
14	52040001	52080000
14	52080001	52120000
14	52120001	52160000
14	52160001	52200000
14	52200001	52240000
14	52240001	52280000
14	52280001	52320000
14	52320001	52360000
14	52360001	52400000
14	52400001	52440000
14	52440001	52480000
14	52480001	52520000
14	52520001	52560000
14	52560001	52600000
14	52600001	52640000
14	52640001	52680000
14	52680001	52720000
14	52720001	52760000
14	52760001	52800000
14	52800001	52840000
14	52840001	52880000
14	52880001	52920000
14	52920001	52960000
14	52960001	53000000
14	53000001	53040000
14	53040001	53080000
14	53080001	53120000
14	53120001	53160000
14	53160001	53200000
14	53200001	53240000
14	53240001	53280000
14	53280001	53320000
14	53320001	53360000
14	53360001	53400000
14	53400001	53440000
14	53440001	53480000
14	53480001	53520000
14	53520001	53560000
14	53560001	53600000
14	53600001	53640000
14	53640001	53680000
14	53680001	53720000
14	53720001	53760000
14	53760001	53800000
14	53800001	53840000
14	53840001	53880000
14	53880001	53920000
14	53920001	53960000
14	53960001	54000000
14	54000001	54040000
14	54040001	54080000
14	54080001	54120000
14	54120001	54160000
14	54160001	54200000
14	54200001	54240000
14	54240001	54280000
14	54280001	54320000
14	54320001	54360000
14	54360001	54400000
14	54400001	54440000
14	54440001	54480000
14	54480001	54520000
14	54520001	54560000
14	54560001	54600000
14	54600001	54640000
14	54640001	54680000
14	54680001	54720000
14	54720001	54760000
14	54760001	54800000
14	54800001	54840000
14	54840001	54880000
14	54880001	54920000
14	54920001	54960000
14	54960001	55000000
14	55000001	55040000
14	55040001	55080000
14	55080001	55120000
14	55120001	55160000
14	55160001	55200000
14	55200001	55240000
14	55240001	55280000
14	55280001	55320000
14	55320001	55360000
14	55360001	55400000
14	55400001	55440000
14	55440001	55480000
14	55480001	55520000
14	55520001	55560000
14	55560001	55600000
14	55600001	55640000
14	55640001	55680000
14	55680001	55720000
14	55720001	55760000
14	55760001	55800000
14	55800001	55840000
14	55840001	55880000
14	55880001	55920000
14	55920001	55960000
14	55960001	56000000
14	56000001	56040000
14	56040001	56080000
14	56080001	56120000
14	56120001	56160000
14	56160001	56200000
14	56200001	56240000
14	56240001	56280000
14	56280001	56320000
14	56320001	56360000
14	56360001	56400000
14	56400001	56440000
14	56440001	56480000
14	56480001	56520000
14	56520001	56560000
14	56560001	56600000
14	56600001	56640000
14	56640001	56680000
14	56680001	56720000
14	56720001	56760000
14	56760001	56800000
14	56800001	56840000
14	56840001	56880000
14	56880001	56920000
14	56920001	56960000
14	56960001	57000000
14	57000001	57040000
14	57040001	57080000
14	57080001	57120000
14	57120001	57160000
14	57160001	57200000
14	57200001	57240000
14	57240001	57280000
14	57280001	57320000
14	57320001	57360000
14	57360001	57400000
14	57400001	57440000
14	57440001	57480000
14	57480001	57520000
14	57520001	57560000
14	57560001	57600000
14	57600001	57640000
14	57640001	57680000
14	57680001	57720000
14	57720001	57760000
14	57760001	57800000
14	57800001	57840000
14	57840001	57880000
14	57880001	57920000
14	57920001	57960000
14	57960001	58000000
14	58000001	58040000
14	58040001	58080000
14	58080001	58120000
14	58120001	58160000
14	58160001	58200000
14	58200001	58240000
14	58240001	58280000
14	58280001	58320000
14	58320001	58360000
14	58360001	58400000
14	58400001	58440000
14	58440001	58480000
14	58480001	58520000
14	58520001	58560000
14	58560001	58600000
14	58600001	58640000
14	58640001	58680000
14	58680001	58720000
14	58720001	58760000
14	58760001	58800000
14	58800001	58840000
14	58840001	58880000
14	58880001	58920000
14	58920001	58960000
14	58960001	59000000
14	59000001	59040000
14	59040001	59080000
14	59080001	59120000
14	59120001	59160000
14	59160001	59200000
14	59200001	59240000
14	59240001	59280000
14	59280001	59320000
14	59320001	59360000
14	59360001	59400000
14	59400001	59440000
14	59440001	59480000
14	59480001	59520000
14	59520001	59560000
14	59560001	59600000
14	59600001	59640000
14	59640001	59680000
14	59680001	59720000
14	59720001	59760000
14	59760001	59800000
14	59800001	59840000
14	59840001	59880000
14	59880001	59920000
14	59920001	59960000
14	59960001	60000000
14	60000001	60040000
14	60040001	60080000
14	60080001	60120000
14	60120001	60160000
14	60160001	60200000
14	60200001	60240000
14	60240001	60280000
14	60280001	60320000
14	60320001	60360000
14	60360001	60400000
14	60400001	60440000
14	60440001	60480000
14	60480001	60520000
14	60520001	60560000
14	60560001	60600000
14	60600001	60640000
14	60640001	60680000
14	60680001	60720000
14	60720001	60760000
14	60760001	60800000
14	60800001	60840000
14	60840001	60880000
14	60880001	60920000
14	60920001	60960000
14	60960001	61000000
14	61000001	61040000
14	61040001	61080000
14	61080001	61120000
14	61120001	61160000
14	61160001	61200000
14	61200001	61240000
14	61240001	61280000
14	61280001	61320000
14	61320001	61360000
14	61360001	61400000
14	61400001	61440000
14	61440001	61480000
14	61480001	61520000
14	61520001	61560000
14	61560001	61600000
14	61600001	61640000
14	61640001	61680000
14	61680001	61720000
14	61720001	61760000
14	61760001	61800000
14	61800001	61840000
14	61840001	61880000
14	61880001	61920000
14	61920001	61960000
14	61960001	62000000
14	62000001	62040000
14	62040001	62080000
14	62080001	62120000
14	62120001	62160000
14	62160001	62200000
14	62200001	62240000
14	62240001	62280000
14	62280001	62320000
14	62320001	62360000
14	62360001	62400000
14	62400001	62440000
14	62440001	62480000
14	62480001	62520000
14	62520001	62560000
14	62560001	62600000
14	62600001	62640000
14	62640001	62680000
14	62680001	62720000
14	62720001	62760000
14	62760001	62800000
14	62800001	62840000
14	62840001	62880000
14	62880001	62920000
14	62920001	62960000
14	62960001	63000000
14	63000001	63040000
14	63040001	63080000
14	63080001	63120000
14	63120001	63160000
14	63160001	63200000
14	63200001	63240000
14	63240001	63280000
14	63280001	63320000
14	63320001	63360000
14	63360001	63400000
14	63400001	63440000
14	63440001	63480000
14	63480001	63520000
14	63520001	63560000
14	63560001	63600000
14	63600001	63640000
14	63640001	63680000
14	63680001	63720000
14	63720001	63760000
14	63760001	63800000
14	63800001	63840000
14	63840001	63880000
14	63880001	63920000
14	63920001	63960000
14	63960001	64000000
14	64000001	64040000
14	64040001	64080000
14	64080001	64120000
14	64120001	64160000
14	64160001	64200000
14	64200001	64240000
14	64240001	64280000
14	64280001	64320000
14	64320001	64360000
14	64360001	64400000
14	64400001	64440000
14	64440001	64480000
14	64480001	64520000
14	64520001	64560000
14	64560001	64600000
14	64600001	64640000
14	64640001	64680000
14	64680001	64720000
14	64720001	64760000
14	64760001	64800000
14	64800001	64840000
14	64840001	64880000
14	64880001	64920000
14	64920001	64960000
14	64960001	65000000
14	65000001	65040000
14	65040001	65080000
14	65080001	65120000
14	65120001	65160000
14	65160001	65200000
14	65200001	65240000
14	65240001	65280000
14	65280001	65320000
14	65320001	65360000
14	65360001	65400000
14	65400001	65440000
14	65440001	65480000
14	65480001	65520000
14	65520001	65560000
14	65560001	65600000
14	65600001	65640000
14	65640001	65680000
14	65680001	65720000
14	65720001	65760000
14	65760001	65800000
14	65800001	65840000
14	65840001	65880000
14	65880001	65920000
14	65920001	65960000
14	65960001	66000000
14	66000001	66040000
14	66040001	66080000
14	66080001	66120000
14	66120001	66160000
14	66160001	66200000
14	66200001	66240000
14	66240001	66280000
14	66280001	66320000
14	66320001	66360000
14	66360001	66400000
14	66400001	66440000
14	66440001	66480000
14	66480001	66520000
14	66520001	66560000
14	66560001	66600000
14	66600001	66640000
14	66640001	66680000
14	66680001	66720000
14	66720001	66760000
14	66760001	66800000
14	66800001	66840000
14	66840001	66880000
14	66880001	66920000
14	66920001	66960000
14	66960001	67000000
14	67000001	67040000
14	67040001	67080000
14	67080001	67120000
14	67120001	67160000
14	67160001	67200000
14	67200001	67240000
14	67240001	67280000
14	67280001	67320000
14	67320001	67360000
14	67360001	67400000
14	67400001	67440000
14	67440001	67480000
14	67480001	67520000
14	67520001	67560000
14	67560001	67600000
14	67600001	67640000
14	67640001	67680000
14	67680001	67720000
14	67720001	67760000
14	67760001	67800000
14	67800001	67840000
14	67840001	67880000
14	67880001	67920000
14	67920001	67960000
14	67960001	68000000
14	68000001	68040000
14	68040001	68080000
14	68080001	68120000
14	68120001	68160000
14	68160001	68200000
14	68200001	68240000
14	68240001	68280000
14	68280001	68320000
14	68320001	68360000
14	68360001	68400000
14	68400001	68440000
14	68440001	68480000
14	68480001	68520000
14	68520001	68560000
14	68560001	68600000
14	68600001	68640000
14	68640001	68680000
14	68680001	68720000
14	68720001	68760000
14	68760001	68800000
14	68800001	68840000
14	68840001	68880000
14	68880001	68920000
14	68920001	68960000
14	68960001	69000000
14	69000001	69040000
14	69040001	69080000
14	69080001	69120000
14	69120001	69160000
14	69160001	69200000
14	69200001	69240000
14	69240001	69280000
14	69280001	69320000
14	69320001	69360000
14	69360001	69400000
14	69400001	69440000
14	69440001	69480000
14	69480001	69520000
14	69520001	69560000
14	69560001	69600000
14	69600001	69640000
14	69640001	69680000
14	69680001	69720000
14	69720001	69760000
14	69760001	69800000
14	69800001	69840000
14	69840001	69880000
14	69880001	69920000
14	69920001	69960000
14	69960001	70000000
14	70000001	70040000
14	70040001	70080000
14	70080001	70120000
14	70120001	70160000
14	70160001	70200000
14	70200001	70240000
14	70240001	70280000
14	70280001	70320000
14	70320001	70360000
14	70360001	70400000
14	70400001	70440000
14	70440001	70480000
14	70480001	70520000
14	70520001	70560000
14	70560001	70600000
14	70600001	70640000
14	70640001	70680000
14	70680001	70720000
14	70720001	70760000
14	70760001	70800000
14	70800001	70840000
14	70840001	70880000
14	70880001	70920000
14	70920001	70960000
14	70960001	71000000
14	71000001	71040000
14	71040001	71080000
14	71080001	71120000
14	71120001	71160000
14	71160001	71200000
14	71200001	71240000
14	71240001	71280000
14	71280001	71320000
14	71320001	71360000
14	71360001	71400000
14	71400001	71440000
14	71440001	71480000
14	71480001	71520000
14	71520001	71560000
14	71560001	71600000
14	71600001	71640000
14	71640001	71680000
14	71680001	71720000
14	71720001	71760000
14	71760001	71800000
14	71800001	71840000
14	71840001	71880000
14	71880001	71920000
14	71920001	71960000
14	71960001	72000000
14	72000001	72040000
14	72040001	72080000
14	72080001	72120000
14	72120001	72160000
14	72160001	72200000
14	72200001	72240000
14	72240001	72280000
14	72280001	72320000
14	72320001	72360000
14	72360001	72400000
14	72400001	72440000
14	72440001	72480000
14	72480001	72520000
14	72520001	72560000
14	72560001	72600000
14	72600001	72640000
14	72640001	72680000
14	72680001	72720000
14	72720001	72760000
14	72760001	72800000
14	72800001	72840000
14	72840001	72880000
14	72880001	72920000
14	72920001	72960000
14	72960001	73000000
14	73000001	73040000
14	73040001	73080000
14	73080001	73120000
14	73120001	73160000
14	73160001	73200000
14	73200001	73240000
14	73240001	73280000
14	73280001	73320000
14	73320001	73360000
14	73360001	73400000
14	73400001	73440000
14	73440001	73480000
14	73480001	73520000
14	73520001	73560000
14	73560001	73600000
14	73600001	73640000
14	73640001	73680000
14	73680001	73720000
14	73720001	73760000
14	73760001	73800000
14	73800001	73840000
14	73840001	73880000
14	73880001	73920000
14	73920001	73960000
14	73960001	74000000
14	74000001	74040000
14	74040001	74080000
14	74080001	74120000
14	74120001	74160000
14	74160001	74200000
14	74200001	74240000
14	74240001	74280000
14	74280001	74320000
14	74320001	74360000
14	74360001	74400000
14	74400001	74440000
14	74440001	74480000
14	74480001	74520000
14	74520001	74560000
14	74560001	74600000
14	74600001	74640000
14	74640001	74680000
14	74680001	74720000
14	74720001	74760000
14	74760001	74800000
14	74800001	74840000
14	74840001	74880000
14	74880001	74920000
14	74920001	74960000
14	74960001	75000000
14	75000001	75040000
14	75040001	75080000
14	75080001	75120000
14	75120001	75160000
14	75160001	75200000
14	75200001	75240000
14	75240001	75280000
14	75280001	75320000
14	75320001	75360000
14	75360001	75400000
14	75400001	75440000
14	75440001	75480000
14	75480001	75520000
14	75520001	75560000
14	75560001	75600000
14	75600001	75640000
14	75640001	75680000
14	75680001	75720000
14	75720001	75760000
14	75760001	75800000
14	75800001	75840000
14	75840001	75880000
14	75880001	75920000
14	75920001	75960000
14	75960001	76000000
14	76000001	76040000
14	76040001	76080000
14	76080001	76120000
14	76120001	76160000
14	76160001	76200000
14	76200001	76240000
14	76240001	76280000
14	76280001	76320000
14	76320001	76360000
14	76360001	76400000
14	76400001	76440000
14	76440001	76480000
14	76480001	76520000
14	76520001	76560000
14	76560001	76600000
14	76600001	76640000
14	76640001	76680000
14	76680001	76720000
14	76720001	76760000
14	76760001	76800000
14	76800001	76840000
14	76840001	76880000
14	76880001	76920000
14	76920001	76960000
14	76960001	77000000
14	77000001	77040000
14	77040001	77080000
14	77080001	77120000
14	77120001	77160000
14	77160001	77200000
14	77200001	77240000
14	77240001	77280000
14	77280001	77320000
14	77320001	77360000
14	77360001	77400000
14	77400001	77440000
14	77440001	77480000
14	77480001	77520000
14	77520001	77560000
14	77560001	77600000
14	77600001	77640000
14	77640001	77680000
14	77680001	77720000
14	77720001	77760000
14	77760001	77800000
14	77800001	77840000
14	77840001	77880000
14	77880001	77920000
14	77920001	77960000
14	77960001	78000000
14	78000001	78040000
14	78040001	78080000
14	78080001	78120000
14	78120001	78160000
14	78160001	78200000
14	78200001	78240000
14	78240001	78280000
14	78280001	78320000
14	78320001	78360000
14	78360001	78400000
14	78400001	78440000
14	78440001	78480000
14	78480001	78520000
14	78520001	78560000
14	78560001	78600000
14	78600001	78640000
14	78640001	78680000
14	78680001	78720000
14	78720001	78760000
14	78760001	78800000
14	78800001	78840000
14	78840001	78880000
14	78880001	78920000
14	78920001	78960000
14	78960001	79000000
14	79000001	79040000
14	79040001	79080000
14	79080001	79120000
14	79120001	79160000
14	79160001	79200000
14	79200001	79240000
14	79240001	79280000
14	79280001	79320000
14	79320001	79360000
14	79360001	79400000
14	79400001	79440000
14	79440001	79480000
14	79480001	79520000
14	79520001	79560000
14	79560001	79600000
14	79600001	79640000
14	79640001	79680000
14	79680001	79720000
14	79720001	79760000
14	79760001	79800000
14	79800001	79840000
14	79840001	79880000
14	79880001	79920000
14	79920001	79960000
14	79960001	80000000
14	80000001	80040000
14	80040001	80080000
14	80080001	80120000
14	80120001	80160000
14	80160001	80200000
14	80200001	80240000
14	80240001	80280000
14	80280001	80320000
14	80320001	80360000
14	80360001	80400000
14	80400001	80440000
14	80440001	80480000
14	80480001	80520000
14	80520001	80560000
14	80560001	80600000
14	80600001	80640000
14	80640001	80680000
14	80680001	80720000
14	80720001	80760000
14	80760001	80800000
14	80800001	80840000
14	80840001	80880000
14	80880001	80920000
14	80920001	80960000
14	80960001	81000000
14	81000001	81040000
14	81040001	81080000
14	81080001	81120000
14	81120001	81160000
14	81160001	81200000
14	81200001	81240000
14	81240001	81280000
14	81280001	81320000
14	81320001	81360000
14	81360001	81400000
14	81400001	81440000
14	81440001	81480000
14	81480001	81520000
14	81520001	81560000
14	81560001	81600000
14	81600001	81640000
14	81640001	81680000
14	81680001	81720000
14	81720001	81760000
14	81760001	81800000
14	81800001	81840000
14	81840001	81880000
14	81880001	81920000
14	81920001	81960000
14	81960001	82000000
14	82000001	82040000
14	82040001	82080000
14	82080001	82120000
14	82120001	82160000
14	82160001	82200000
14	82200001	82240000
14	82240001	82280000
14	82280001	82320000
14	82320001	82360000
14	82360001	82400000
14	82400001	82440000
14	82440001	82480000
14	82480001	82520000
14	82520001	82560000
14	82560001	82600000
14	82600001	82640000
14	82640001	82680000
14	82680001	82720000
14	82720001	82760000
14	82760001	82800000
14	82800001	82840000
14	82840001	82880000
14	82880001	82920000
14	82920001	82960000
14	82960001	83000000
14	83000001	83040000
14	83040001	83080000
14	83080001	83120000
14	83120001	83160000
14	83160001	83200000
14	83200001	83240000
14	83240001	83280000
14	83280001	83320000
14	83320001	83360000
14	83360001	83400000
14	83400001	83440000
14	83440001	83480000
14	83480001	83520000
14	83520001	83560000
14	83560001	83600000
14	83600001	83640000
14	83640001	83680000
14	83680001	83720000
14	83720001	83760000
14	83760001	83800000
14	83800001	83840000
14	83840001	83880000
14	83880001	83920000
14	83920001	83960000
14	83960001	84000000
14	84000001	84040000
14	84040001	84080000
14	84080001	84120000
14	84120001	84160000
14	84160001	84200000
14	84200001	84240000
14	84240001	84280000
14	84280001	84320000
14	84320001	84360000
14	84360001	84400000
14	84400001	84440000
14	84440001	84480000
14	84480001	84520000
14	84520001	84560000
14	84560001	84600000
14	84600001	84640000
14	84640001	84680000
14	84680001	84720000
14	84720001	84760000
14	84760001	84800000
14	84800001	84840000
14	84840001	84880000
14	84880001	84920000
14	84920001	84960000
14	84960001	85000000
14	85000001	85040000
14	85040001	85080000
14	85080001	85120000
14	85120001	85160000
14	85160001	85200000
14	85200001	85240000
14	85240001	85280000
14	85280001	85320000
14	85320001	85360000
14	85360001	85400000
14	85400001	85440000
14	85440001	85480000
14	85480001	85520000
14	85520001	85560000
14	85560001	85600000
14	85600001	85640000
14	85640001	85680000
14	85680001	85720000
14	85720001	85760000
14	85760001	85800000
14	85800001	85840000
14	85840001	85880000
14	85880001	85920000
14	85920001	85960000
14	85960001	86000000
14	86000001	86040000
14	86040001	86080000
14	86080001	86120000
14	86120001	86160000
14	86160001	86200000
14	86200001	86240000
14	86240001	86280000
14	86280001	86320000
14	86320001	86360000
14	86360001	86400000
14	86400001	86440000
14	86440001	86480000
14	86480001	86520000
14	86520001	86560000
14	86560001	86600000
14	86600001	86640000
14	86640001	86680000
14	86680001	86720000
14	86720001	86760000
14	86760001	86800000
14	86800001	86840000
14	86840001	86880000
14	86880001	86920000
14	86920001	86960000
14	86960001	87000000
14	87000001	87040000
14	87040001	87080000
14	87080001	87120000
14	87120001	87160000
14	87160001	87200000
14	87200001	87240000
14	87240001	87280000
14	87280001	87320000
14	87320001	87360000
14	87360001	87400000
14	87400001	87440000
14	87440001	87480000
14	87480001	87520000
14	87520001	87560000
14	87560001	87600000
14	87600001	87640000
14	87640001	87680000
14	87680001	87720000
14	87720001	87760000
14	87760001	87800000
14	87800001	87840000
14	87840001	87880000
14	87880001	87920000
14	87920001	87960000
14	87960001	88000000
14	88000001	88040000
14	88040001	88080000
14	88080001	88120000
14	88120001	88160000
14	88160001	88200000
14	88200001	88240000
14	88240001	88280000
14	88280001	88320000
14	88320001	88360000
14	88360001	88400000
14	88400001	88440000
14	88440001	88480000
14	88480001	88520000
14	88520001	88560000
14	88560001	88600000
14	88600001	88640000
14	88640001	88680000
14	88680001	88720000
14	88720001	88760000
14	88760001	88800000
14	88800001	88840000
14	88840001	88880000
14	88880001	88920000
14	88920001	88960000
14	88960001	89000000
14	89000001	89040000
14	89040001	89080000
14	89080001	89120000
14	89120001	89160000
14	89160001	89200000
14	89200001	89240000
14	89240001	89280000
14	89280001	89320000
14	89320001	89360000
14	89360001	89400000
14	89400001	89440000
14	89440001	89480000
14	89480001	89520000
14	89520001	89560000
14	89560001	89600000
14	89600001	89640000
14	89640001	89680000
14	89680001	89720000
14	89720001	89760000
14	89760001	89800000
14	89800001	89840000
14	89840001	89880000
14	89880001	89920000
14	89920001	89960000
14	89960001	90000000
14	90000001	90040000
14	90040001	90080000
14	90080001	90120000
14	90120001	90160000
14	90160001	90200000
14	90200001	90240000
14	90240001	90280000
14	90280001	90320000
14	90320001	90360000
14	90360001	90400000
14	90400001	90440000
14	90440001	90480000
14	90480001	90520000
14	90520001	90560000
14	90560001	90600000
14	90600001	90640000
14	90640001	90680000
14	90680001	90720000
14	90720001	90760000
14	90760001	90800000
14	90800001	90840000
14	90840001	90880000
14	90880001	90920000
14	90920001	90960000
14	90960001	91000000
14	91000001	91040000
14	91040001	91080000
14	91080001	91120000
14	91120001	91160000
14	91160001	91200000
14	91200001	91240000
14	91240001	91280000
14	91280001	91320000
14	91320001	91360000
14	91360001	91400000
14	91400001	91440000
14	91440001	91480000
14	91480001	91520000
14	91520001	91560000
14	91560001	91600000
14	91600001	91640000
14	91640001	91680000
14	91680001	91720000
14	91720001	91760000
14	91760001	91800000
14	91800001	91840000
14	91840001	91880000
14	91880001	91920000
14	91920001	91960000
14	91960001	92000000
14	92000001	92040000
14	92040001	92080000
14	92080001	92120000
14	92120001	92160000
14	92160001	92200000
14	92200001	92240000
14	92240001	92280000
14	92280001	92320000
14	92320001	92360000
14	92360001	92400000
14	92400001	92440000
14	92440001	92480000
14	92480001	92520000
14	92520001	92560000
14	92560001	92600000
14	92600001	92640000
14	92640001	92680000
14	92680001	92720000
14	92720001	92760000
14	92760001	92800000
14	92800001	92840000
14	92840001	92880000
14	92880001	92920000
14	92920001	92960000
14	92960001	93000000
14	93000001	93040000
14	93040001	93080000
14	93080001	93120000
14	93120001	93160000
14	93160001	93200000
14	93200001	93240000
14	93240001	93280000
14	93280001	93320000
14	93320001	93360000
14	93360001	93400000
14	93400001	93440000
14	93440001	93480000
14	93480001	93520000
14	93520001	93560000
14	93560001	93600000
14	93600001	93640000
14	93640001	93680000
14	93680001	93720000
14	93720001	93760000
14	93760001	93800000
14	93800001	93840000
14	93840001	93880000
14	93880001	93920000
14	93920001	93960000
14	93960001	94000000
14	94000001	94040000
14	94040001	94080000
14	94080001	94120000
14	94120001	94160000
14	94160001	94200000
14	94200001	94240000
14	94240001	94280000
14	94280001	94320000
14	94320001	94360000
14	94360001	94400000
14	94400001	94440000
14	94440001	94480000
14	94480001	94520000
14	94520001	94560000
14	94560001	94600000
14	94600001	94640000
14	94640001	94680000
14	94680001	94720000
14	94720001	94760000
14	94760001	94800000
14	94800001	94840000
14	94840001	94880000
14	94880001	94920000
14	94920001	94960000
14	94960001	95000000
14	95000001	95040000
14	95040001	95080000
14	95080001	95120000
14	95120001	95160000
14	95160001	95200000
14	95200001	95240000
14	95240001	95280000
14	95280001	95320000
14	95320001	95360000
14	95360001	95400000
14	95400001	95440000
14	95440001	95480000
14	95480001	95520000
14	95520001	95560000
14	95560001	95600000
14	95600001	95640000
14	95640001	95680000
14	95680001	95720000
14	95720001	95760000
14	95760001	95800000
14	95800001	95840000
14	95840001	95880000
14	95880001	95920000
14	95920001	95960000
14	95960001	96000000
14	96000001	96040000
14	96040001	96080000
14	96080001	96120000
14	96120001	96160000
14	96160001	96200000
14	96200001	96240000
14	96240001	96280000
14	96280001	96320000
14	96320001	96360000
14	96360001	96400000
14	96400001	96440000
14	96440001	96480000
14	96480001	96520000
14	96520001	96560000
14	96560001	96600000
14	96600001	96640000
14	96640001	96680000
14	96680001	96720000
14	96720001	96760000
14	96760001	96800000
14	96800001	96840000
14	96840001	96880000
14	96880001	96920000
14	96920001	96960000
14	96960001	97000000
14	97000001	97040000
14	97040001	97080000
14	97080001	97120000
14	97120001	97160000
14	97160001	97200000
14	97200001	97240000
14	97240001	97280000
14	97280001	97320000
14	97320001	97360000
14	97360001	97400000
14	97400001	97440000
14	97440001	97480000
14	97480001	97520000
14	97520001	97560000
14	97560001	97600000
14	97600001	97640000
14	97640001	97680000
14	97680001	97720000
14	97720001	97760000
14	97760001	97800000
14	97800001	97840000
14	97840001	97880000
14	97880001	97920000
14	97920001	97960000
14	97960001	98000000
14	98000001	98040000
14	98040001	98080000
14	98080001	98120000
14	98120001	98160000
14	98160001	98200000
14	98200001	98240000
14	98240001	98280000
14	98280001	98320000
14	98320001	98360000
14	98360001	98400000
14	98400001	98440000
14	98440001	98480000
14	98480001	98520000
14	98520001	98560000
14	98560001	98600000
14	98600001	98640000
14	98640001	98680000
14	98680001	98720000
14	98720001	98760000
14	98760001	98800000
14	98800001	98840000
14	98840001	98880000
14	98880001	98920000
14	98920001	98960000
14	98960001	99000000
14	99000001	99040000
14	99040001	99080000
14	99080001	99120000
14	99120001	99160000
14	99160001	99200000
14	99200001	99240000
14	99240001	99280000
14	99280001	99320000
14	99320001	99360000
14	99360001	99400000
14	99400001	99440000
14	99440001	99480000
14	99480001	99520000
14	99520001	99560000
14	99560001	99600000
14	99600001	99640000
14	99640001	99680000
14	99680001	99720000
14	99720001	99760000
14	99760001	99800000
14	99800001	99840000
14	99840001	99880000
14	99880001	99920000
14	99920001	99960000
14	99960001	100000000
14	100000001	100040000
14	100040001	100080000
14	100080001	100120000
14	100120001	100160000
14	100160001	100200000
14	100200001	100240000
14	100240001	100280000
14	100280001	100320000
14	100320001	100360000
14	100360001	100400000
14	100400001	100440000
14	100440001	100480000
14	100480001	100520000
14	100520001	100560000
14	100560001	100600000
14	100600001	100640000
14	100640001	100680000
14	100680001	100720000
14	100720001	100760000
14	100760001	100800000
14	100800001	100840000
14	100840001	100880000
14	100880001	100920000
14	100920001	100960000
14	100960001	101000000
14	101000001	101040000
14	101040001	101080000
14	101080001	101120000
14	101120001	101160000
14	101160001	101200000
14	101200001	101240000
14	101240001	101280000
14	101280001	101320000
14	101320001	101360000
14	101360001	101400000
14	101400001	101440000
14	101440001	101480000
14	101480001	101520000
14	101520001	101560000
14	101560001	101600000
14	101600001	101640000
14	101640001	101680000
14	101680001	101720000
14	101720001	101760000
14	101760001	101800000
14	101800001	101840000
14	101840001	101880000
14	101880001	101920000
14	101920001	101960000
14	101960001	102000000
14	102000001	102040000
14	102040001	102080000
14	102080001	102120000
14	102120001	102160000
14	102160001	102200000
14	102200001	102240000
14	102240001	102280000
14	102280001	102320000
14	102320001	102360000
14	102360001	102400000
14	102400001	102440000
14	102440001	102480000
14	102480001	102520000
14	102520001	102531392
