13	1	40000
13	40001	80000
13	80001	120000
13	120001	160000
13	160001	200000
13	200001	240000
13	240001	280000
13	280001	320000
13	320001	360000
13	360001	400000
13	400001	440000
13	440001	480000
13	480001	520000
13	520001	560000
13	560001	600000
13	600001	640000
13	640001	680000
13	680001	720000
13	720001	760000
13	760001	800000
13	800001	840000
13	840001	880000
13	880001	920000
13	920001	960000
13	960001	1000000
13	1000001	1040000
13	1040001	1080000
13	1080001	1120000
13	1120001	1160000
13	1160001	1200000
13	1200001	1240000
13	1240001	1280000
13	1280001	1320000
13	1320001	1360000
13	1360001	1400000
13	1400001	1440000
13	1440001	1480000
13	1480001	1520000
13	1520001	1560000
13	1560001	1600000
13	1600001	1640000
13	1640001	1680000
13	1680001	1720000
13	1720001	1760000
13	1760001	1800000
13	1800001	1840000
13	1840001	1880000
13	1880001	1920000
13	1920001	1960000
13	1960001	2000000
13	2000001	2040000
13	2040001	2080000
13	2080001	2120000
13	2120001	2160000
13	2160001	2200000
13	2200001	2240000
13	2240001	2280000
13	2280001	2320000
13	2320001	2360000
13	2360001	2400000
13	2400001	2440000
13	2440001	2480000
13	2480001	2520000
13	2520001	2560000
13	2560001	2600000
13	2600001	2640000
13	2640001	2680000
13	2680001	2720000
13	2720001	2760000
13	2760001	2800000
13	2800001	2840000
13	2840001	2880000
13	2880001	2920000
13	2920001	2960000
13	2960001	3000000
13	3000001	3040000
13	3040001	3080000
13	3080001	3120000
13	3120001	3160000
13	3160001	3200000
13	3200001	3240000
13	3240001	3280000
13	3280001	3320000
13	3320001	3360000
13	3360001	3400000
13	3400001	3440000
13	3440001	3480000
13	3480001	3520000
13	3520001	3560000
13	3560001	3600000
13	3600001	3640000
13	3640001	3680000
13	3680001	3720000
13	3720001	3760000
13	3760001	3800000
13	3800001	3840000
13	3840001	3880000
13	3880001	3920000
13	3920001	3960000
13	3960001	4000000
13	4000001	4040000
13	4040001	4080000
13	4080001	4120000
13	4120001	4160000
13	4160001	4200000
13	4200001	4240000
13	4240001	4280000
13	4280001	4320000
13	4320001	4360000
13	4360001	4400000
13	4400001	4440000
13	4440001	4480000
13	4480001	4520000
13	4520001	4560000
13	4560001	4600000
13	4600001	4640000
13	4640001	4680000
13	4680001	4720000
13	4720001	4760000
13	4760001	4800000
13	4800001	4840000
13	4840001	4880000
13	4880001	4920000
13	4920001	4960000
13	4960001	5000000
13	5000001	5040000
13	5040001	5080000
13	5080001	5120000
13	5120001	5160000
13	5160001	5200000
13	5200001	5240000
13	5240001	5280000
13	5280001	5320000
13	5320001	5360000
13	5360001	5400000
13	5400001	5440000
13	5440001	5480000
13	5480001	5520000
13	5520001	5560000
13	5560001	5600000
13	5600001	5640000
13	5640001	5680000
13	5680001	5720000
13	5720001	5760000
13	5760001	5800000
13	5800001	5840000
13	5840001	5880000
13	5880001	5920000
13	5920001	5960000
13	5960001	6000000
13	6000001	6040000
13	6040001	6080000
13	6080001	6120000
13	6120001	6160000
13	6160001	6200000
13	6200001	6240000
13	6240001	6280000
13	6280001	6320000
13	6320001	6360000
13	6360001	6400000
13	6400001	6440000
13	6440001	6480000
13	6480001	6520000
13	6520001	6560000
13	6560001	6600000
13	6600001	6640000
13	6640001	6680000
13	6680001	6720000
13	6720001	6760000
13	6760001	6800000
13	6800001	6840000
13	6840001	6880000
13	6880001	6920000
13	6920001	6960000
13	6960001	7000000
13	7000001	7040000
13	7040001	7080000
13	7080001	7120000
13	7120001	7160000
13	7160001	7200000
13	7200001	7240000
13	7240001	7280000
13	7280001	7320000
13	7320001	7360000
13	7360001	7400000
13	7400001	7440000
13	7440001	7480000
13	7480001	7520000
13	7520001	7560000
13	7560001	7600000
13	7600001	7640000
13	7640001	7680000
13	7680001	7720000
13	7720001	7760000
13	7760001	7800000
13	7800001	7840000
13	7840001	7880000
13	7880001	7920000
13	7920001	7960000
13	7960001	8000000
13	8000001	8040000
13	8040001	8080000
13	8080001	8120000
13	8120001	8160000
13	8160001	8200000
13	8200001	8240000
13	8240001	8280000
13	8280001	8320000
13	8320001	8360000
13	8360001	8400000
13	8400001	8440000
13	8440001	8480000
13	8480001	8520000
13	8520001	8560000
13	8560001	8600000
13	8600001	8640000
13	8640001	8680000
13	8680001	8720000
13	8720001	8760000
13	8760001	8800000
13	8800001	8840000
13	8840001	8880000
13	8880001	8920000
13	8920001	8960000
13	8960001	9000000
13	9000001	9040000
13	9040001	9080000
13	9080001	9120000
13	9120001	9160000
13	9160001	9200000
13	9200001	9240000
13	9240001	9280000
13	9280001	9320000
13	9320001	9360000
13	9360001	9400000
13	9400001	9440000
13	9440001	9480000
13	9480001	9520000
13	9520001	9560000
13	9560001	9600000
13	9600001	9640000
13	9640001	9680000
13	9680001	9720000
13	9720001	9760000
13	9760001	9800000
13	9800001	9840000
13	9840001	9880000
13	9880001	9920000
13	9920001	9960000
13	9960001	10000000
13	10000001	10040000
13	10040001	10080000
13	10080001	10120000
13	10120001	10160000
13	10160001	10200000
13	10200001	10240000
13	10240001	10280000
13	10280001	10320000
13	10320001	10360000
13	10360001	10400000
13	10400001	10440000
13	10440001	10480000
13	10480001	10520000
13	10520001	10560000
13	10560001	10600000
13	10600001	10640000
13	10640001	10680000
13	10680001	10720000
13	10720001	10760000
13	10760001	10800000
13	10800001	10840000
13	10840001	10880000
13	10880001	10920000
13	10920001	10960000
13	10960001	11000000
13	11000001	11040000
13	11040001	11080000
13	11080001	11120000
13	11120001	11160000
13	11160001	11200000
13	11200001	11240000
13	11240001	11280000
13	11280001	11320000
13	11320001	11360000
13	11360001	11400000
13	11400001	11440000
13	11440001	11480000
13	11480001	11520000
13	11520001	11560000
13	11560001	11600000
13	11600001	11640000
13	11640001	11680000
13	11680001	11720000
13	11720001	11760000
13	11760001	11800000
13	11800001	11840000
13	11840001	11880000
13	11880001	11920000
13	11920001	11960000
13	11960001	12000000
13	12000001	12040000
13	12040001	12080000
13	12080001	12120000
13	12120001	12160000
13	12160001	12200000
13	12200001	12240000
13	12240001	12280000
13	12280001	12320000
13	12320001	12360000
13	12360001	12400000
13	12400001	12440000
13	12440001	12480000
13	12480001	12520000
13	12520001	12560000
13	12560001	12600000
13	12600001	12640000
13	12640001	12680000
13	12680001	12720000
13	12720001	12760000
13	12760001	12800000
13	12800001	12840000
13	12840001	12880000
13	12880001	12920000
13	12920001	12960000
13	12960001	13000000
13	13000001	13040000
13	13040001	13080000
13	13080001	13120000
13	13120001	13160000
13	13160001	13200000
13	13200001	13240000
13	13240001	13280000
13	13280001	13320000
13	13320001	13360000
13	13360001	13400000
13	13400001	13440000
13	13440001	13480000
13	13480001	13520000
13	13520001	13560000
13	13560001	13600000
13	13600001	13640000
13	13640001	13680000
13	13680001	13720000
13	13720001	13760000
13	13760001	13800000
13	13800001	13840000
13	13840001	13880000
13	13880001	13920000
13	13920001	13960000
13	13960001	14000000
13	14000001	14040000
13	14040001	14080000
13	14080001	14120000
13	14120001	14160000
13	14160001	14200000
13	14200001	14240000
13	14240001	14280000
13	14280001	14320000
13	14320001	14360000
13	14360001	14400000
13	14400001	14440000
13	14440001	14480000
13	14480001	14520000
13	14520001	14560000
13	14560001	14600000
13	14600001	14640000
13	14640001	14680000
13	14680001	14720000
13	14720001	14760000
13	14760001	14800000
13	14800001	14840000
13	14840001	14880000
13	14880001	14920000
13	14920001	14960000
13	14960001	15000000
13	15000001	15040000
13	15040001	15080000
13	15080001	15120000
13	15120001	15160000
13	15160001	15200000
13	15200001	15240000
13	15240001	15280000
13	15280001	15320000
13	15320001	15360000
13	15360001	15400000
13	15400001	15440000
13	15440001	15480000
13	15480001	15520000
13	15520001	15560000
13	15560001	15600000
13	15600001	15640000
13	15640001	15680000
13	15680001	15720000
13	15720001	15760000
13	15760001	15800000
13	15800001	15840000
13	15840001	15880000
13	15880001	15920000
13	15920001	15960000
13	15960001	16000000
13	16000001	16040000
13	16040001	16080000
13	16080001	16120000
13	16120001	16160000
13	16160001	16200000
13	16200001	16240000
13	16240001	16280000
13	16280001	16320000
13	16320001	16360000
13	16360001	16400000
13	16400001	16440000
13	16440001	16480000
13	16480001	16520000
13	16520001	16560000
13	16560001	16600000
13	16600001	16640000
13	16640001	16680000
13	16680001	16720000
13	16720001	16760000
13	16760001	16800000
13	16800001	16840000
13	16840001	16880000
13	16880001	16920000
13	16920001	16960000
13	16960001	17000000
13	17000001	17040000
13	17040001	17080000
13	17080001	17120000
13	17120001	17160000
13	17160001	17200000
13	17200001	17240000
13	17240001	17280000
13	17280001	17320000
13	17320001	17360000
13	17360001	17400000
13	17400001	17440000
13	17440001	17480000
13	17480001	17520000
13	17520001	17560000
13	17560001	17600000
13	17600001	17640000
13	17640001	17680000
13	17680001	17720000
13	17720001	17760000
13	17760001	17800000
13	17800001	17840000
13	17840001	17880000
13	17880001	17920000
13	17920001	17960000
13	17960001	18000000
13	18000001	18040000
13	18040001	18080000
13	18080001	18120000
13	18120001	18160000
13	18160001	18200000
13	18200001	18240000
13	18240001	18280000
13	18280001	18320000
13	18320001	18360000
13	18360001	18400000
13	18400001	18440000
13	18440001	18480000
13	18480001	18520000
13	18520001	18560000
13	18560001	18600000
13	18600001	18640000
13	18640001	18680000
13	18680001	18720000
13	18720001	18760000
13	18760001	18800000
13	18800001	18840000
13	18840001	18880000
13	18880001	18920000
13	18920001	18960000
13	18960001	19000000
13	19000001	19040000
13	19040001	19080000
13	19080001	19120000
13	19120001	19160000
13	19160001	19200000
13	19200001	19240000
13	19240001	19280000
13	19280001	19320000
13	19320001	19360000
13	19360001	19400000
13	19400001	19440000
13	19440001	19480000
13	19480001	19520000
13	19520001	19560000
13	19560001	19600000
13	19600001	19640000
13	19640001	19680000
13	19680001	19720000
13	19720001	19760000
13	19760001	19800000
13	19800001	19840000
13	19840001	19880000
13	19880001	19920000
13	19920001	19960000
13	19960001	20000000
13	20000001	20040000
13	20040001	20080000
13	20080001	20120000
13	20120001	20160000
13	20160001	20200000
13	20200001	20240000
13	20240001	20280000
13	20280001	20320000
13	20320001	20360000
13	20360001	20400000
13	20400001	20440000
13	20440001	20480000
13	20480001	20520000
13	20520001	20560000
13	20560001	20600000
13	20600001	20640000
13	20640001	20680000
13	20680001	20720000
13	20720001	20760000
13	20760001	20800000
13	20800001	20840000
13	20840001	20880000
13	20880001	20920000
13	20920001	20960000
13	20960001	21000000
13	21000001	21040000
13	21040001	21080000
13	21080001	21120000
13	21120001	21160000
13	21160001	21200000
13	21200001	21240000
13	21240001	21280000
13	21280001	21320000
13	21320001	21360000
13	21360001	21400000
13	21400001	21440000
13	21440001	21480000
13	21480001	21520000
13	21520001	21560000
13	21560001	21600000
13	21600001	21640000
13	21640001	21680000
13	21680001	21720000
13	21720001	21760000
13	21760001	21800000
13	21800001	21840000
13	21840001	21880000
13	21880001	21920000
13	21920001	21960000
13	21960001	22000000
13	22000001	22040000
13	22040001	22080000
13	22080001	22120000
13	22120001	22160000
13	22160001	22200000
13	22200001	22240000
13	22240001	22280000
13	22280001	22320000
13	22320001	22360000
13	22360001	22400000
13	22400001	22440000
13	22440001	22480000
13	22480001	22520000
13	22520001	22560000
13	22560001	22600000
13	22600001	22640000
13	22640001	22680000
13	22680001	22720000
13	22720001	22760000
13	22760001	22800000
13	22800001	22840000
13	22840001	22880000
13	22880001	22920000
13	22920001	22960000
13	22960001	23000000
13	23000001	23040000
13	23040001	23080000
13	23080001	23120000
13	23120001	23160000
13	23160001	23200000
13	23200001	23240000
13	23240001	23280000
13	23280001	23320000
13	23320001	23360000
13	23360001	23400000
13	23400001	23440000
13	23440001	23480000
13	23480001	23520000
13	23520001	23560000
13	23560001	23600000
13	23600001	23640000
13	23640001	23680000
13	23680001	23720000
13	23720001	23760000
13	23760001	23800000
13	23800001	23840000
13	23840001	23880000
13	23880001	23920000
13	23920001	23960000
13	23960001	24000000
13	24000001	24040000
13	24040001	24080000
13	24080001	24120000
13	24120001	24160000
13	24160001	24200000
13	24200001	24240000
13	24240001	24280000
13	24280001	24320000
13	24320001	24360000
13	24360001	24400000
13	24400001	24440000
13	24440001	24480000
13	24480001	24520000
13	24520001	24560000
13	24560001	24600000
13	24600001	24640000
13	24640001	24680000
13	24680001	24720000
13	24720001	24760000
13	24760001	24800000
13	24800001	24840000
13	24840001	24880000
13	24880001	24920000
13	24920001	24960000
13	24960001	25000000
13	25000001	25040000
13	25040001	25080000
13	25080001	25120000
13	25120001	25160000
13	25160001	25200000
13	25200001	25240000
13	25240001	25280000
13	25280001	25320000
13	25320001	25360000
13	25360001	25400000
13	25400001	25440000
13	25440001	25480000
13	25480001	25520000
13	25520001	25560000
13	25560001	25600000
13	25600001	25640000
13	25640001	25680000
13	25680001	25720000
13	25720001	25760000
13	25760001	25800000
13	25800001	25840000
13	25840001	25880000
13	25880001	25920000
13	25920001	25960000
13	25960001	26000000
13	26000001	26040000
13	26040001	26080000
13	26080001	26120000
13	26120001	26160000
13	26160001	26200000
13	26200001	26240000
13	26240001	26280000
13	26280001	26320000
13	26320001	26360000
13	26360001	26400000
13	26400001	26440000
13	26440001	26480000
13	26480001	26520000
13	26520001	26560000
13	26560001	26600000
13	26600001	26640000
13	26640001	26680000
13	26680001	26720000
13	26720001	26760000
13	26760001	26800000
13	26800001	26840000
13	26840001	26880000
13	26880001	26920000
13	26920001	26960000
13	26960001	27000000
13	27000001	27040000
13	27040001	27080000
13	27080001	27120000
13	27120001	27160000
13	27160001	27200000
13	27200001	27240000
13	27240001	27280000
13	27280001	27320000
13	27320001	27360000
13	27360001	27400000
13	27400001	27440000
13	27440001	27480000
13	27480001	27520000
13	27520001	27560000
13	27560001	27600000
13	27600001	27640000
13	27640001	27680000
13	27680001	27720000
13	27720001	27760000
13	27760001	27800000
13	27800001	27840000
13	27840001	27880000
13	27880001	27920000
13	27920001	27960000
13	27960001	28000000
13	28000001	28040000
13	28040001	28080000
13	28080001	28120000
13	28120001	28160000
13	28160001	28200000
13	28200001	28240000
13	28240001	28280000
13	28280001	28320000
13	28320001	28360000
13	28360001	28400000
13	28400001	28440000
13	28440001	28480000
13	28480001	28520000
13	28520001	28560000
13	28560001	28600000
13	28600001	28640000
13	28640001	28680000
13	28680001	28720000
13	28720001	28760000
13	28760001	28800000
13	28800001	28840000
13	28840001	28880000
13	28880001	28920000
13	28920001	28960000
13	28960001	29000000
13	29000001	29040000
13	29040001	29080000
13	29080001	29120000
13	29120001	29160000
13	29160001	29200000
13	29200001	29240000
13	29240001	29280000
13	29280001	29320000
13	29320001	29360000
13	29360001	29400000
13	29400001	29440000
13	29440001	29480000
13	29480001	29520000
13	29520001	29560000
13	29560001	29600000
13	29600001	29640000
13	29640001	29680000
13	29680001	29720000
13	29720001	29760000
13	29760001	29800000
13	29800001	29840000
13	29840001	29880000
13	29880001	29920000
13	29920001	29960000
13	29960001	30000000
13	30000001	30040000
13	30040001	30080000
13	30080001	30120000
13	30120001	30160000
13	30160001	30200000
13	30200001	30240000
13	30240001	30280000
13	30280001	30320000
13	30320001	30360000
13	30360001	30400000
13	30400001	30440000
13	30440001	30480000
13	30480001	30520000
13	30520001	30560000
13	30560001	30600000
13	30600001	30640000
13	30640001	30680000
13	30680001	30720000
13	30720001	30760000
13	30760001	30800000
13	30800001	30840000
13	30840001	30880000
13	30880001	30920000
13	30920001	30960000
13	30960001	31000000
13	31000001	31040000
13	31040001	31080000
13	31080001	31120000
13	31120001	31160000
13	31160001	31200000
13	31200001	31240000
13	31240001	31280000
13	31280001	31320000
13	31320001	31360000
13	31360001	31400000
13	31400001	31440000
13	31440001	31480000
13	31480001	31520000
13	31520001	31560000
13	31560001	31600000
13	31600001	31640000
13	31640001	31680000
13	31680001	31720000
13	31720001	31760000
13	31760001	31800000
13	31800001	31840000
13	31840001	31880000
13	31880001	31920000
13	31920001	31960000
13	31960001	32000000
13	32000001	32040000
13	32040001	32080000
13	32080001	32120000
13	32120001	32160000
13	32160001	32200000
13	32200001	32240000
13	32240001	32280000
13	32280001	32320000
13	32320001	32360000
13	32360001	32400000
13	32400001	32440000
13	32440001	32480000
13	32480001	32520000
13	32520001	32560000
13	32560001	32600000
13	32600001	32640000
13	32640001	32680000
13	32680001	32720000
13	32720001	32760000
13	32760001	32800000
13	32800001	32840000
13	32840001	32880000
13	32880001	32920000
13	32920001	32960000
13	32960001	33000000
13	33000001	33040000
13	33040001	33080000
13	33080001	33120000
13	33120001	33160000
13	33160001	33200000
13	33200001	33240000
13	33240001	33280000
13	33280001	33320000
13	33320001	33360000
13	33360001	33400000
13	33400001	33440000
13	33440001	33480000
13	33480001	33520000
13	33520001	33560000
13	33560001	33600000
13	33600001	33640000
13	33640001	33680000
13	33680001	33720000
13	33720001	33760000
13	33760001	33800000
13	33800001	33840000
13	33840001	33880000
13	33880001	33920000
13	33920001	33960000
13	33960001	34000000
13	34000001	34040000
13	34040001	34080000
13	34080001	34120000
13	34120001	34160000
13	34160001	34200000
13	34200001	34240000
13	34240001	34280000
13	34280001	34320000
13	34320001	34360000
13	34360001	34400000
13	34400001	34440000
13	34440001	34480000
13	34480001	34520000
13	34520001	34560000
13	34560001	34600000
13	34600001	34640000
13	34640001	34680000
13	34680001	34720000
13	34720001	34760000
13	34760001	34800000
13	34800001	34840000
13	34840001	34880000
13	34880001	34920000
13	34920001	34960000
13	34960001	35000000
13	35000001	35040000
13	35040001	35080000
13	35080001	35120000
13	35120001	35160000
13	35160001	35200000
13	35200001	35240000
13	35240001	35280000
13	35280001	35320000
13	35320001	35360000
13	35360001	35400000
13	35400001	35440000
13	35440001	35480000
13	35480001	35520000
13	35520001	35560000
13	35560001	35600000
13	35600001	35640000
13	35640001	35680000
13	35680001	35720000
13	35720001	35760000
13	35760001	35800000
13	35800001	35840000
13	35840001	35880000
13	35880001	35920000
13	35920001	35960000
13	35960001	36000000
13	36000001	36040000
13	36040001	36080000
13	36080001	36120000
13	36120001	36160000
13	36160001	36200000
13	36200001	36240000
13	36240001	36280000
13	36280001	36320000
13	36320001	36360000
13	36360001	36400000
13	36400001	36440000
13	36440001	36480000
13	36480001	36520000
13	36520001	36560000
13	36560001	36600000
13	36600001	36640000
13	36640001	36680000
13	36680001	36720000
13	36720001	36760000
13	36760001	36800000
13	36800001	36840000
13	36840001	36880000
13	36880001	36920000
13	36920001	36960000
13	36960001	37000000
13	37000001	37040000
13	37040001	37080000
13	37080001	37120000
13	37120001	37160000
13	37160001	37200000
13	37200001	37240000
13	37240001	37280000
13	37280001	37320000
13	37320001	37360000
13	37360001	37400000
13	37400001	37440000
13	37440001	37480000
13	37480001	37520000
13	37520001	37560000
13	37560001	37600000
13	37600001	37640000
13	37640001	37680000
13	37680001	37720000
13	37720001	37760000
13	37760001	37800000
13	37800001	37840000
13	37840001	37880000
13	37880001	37920000
13	37920001	37960000
13	37960001	38000000
13	38000001	38040000
13	38040001	38080000
13	38080001	38120000
13	38120001	38160000
13	38160001	38200000
13	38200001	38240000
13	38240001	38280000
13	38280001	38320000
13	38320001	38360000
13	38360001	38400000
13	38400001	38440000
13	38440001	38480000
13	38480001	38520000
13	38520001	38560000
13	38560001	38600000
13	38600001	38640000
13	38640001	38680000
13	38680001	38720000
13	38720001	38760000
13	38760001	38800000
13	38800001	38840000
13	38840001	38880000
13	38880001	38920000
13	38920001	38960000
13	38960001	39000000
13	39000001	39040000
13	39040001	39080000
13	39080001	39120000
13	39120001	39160000
13	39160001	39200000
13	39200001	39240000
13	39240001	39280000
13	39280001	39320000
13	39320001	39360000
13	39360001	39400000
13	39400001	39440000
13	39440001	39480000
13	39480001	39520000
13	39520001	39560000
13	39560001	39600000
13	39600001	39640000
13	39640001	39680000
13	39680001	39720000
13	39720001	39760000
13	39760001	39800000
13	39800001	39840000
13	39840001	39880000
13	39880001	39920000
13	39920001	39960000
13	39960001	40000000
13	40000001	40040000
13	40040001	40080000
13	40080001	40120000
13	40120001	40160000
13	40160001	40200000
13	40200001	40240000
13	40240001	40280000
13	40280001	40320000
13	40320001	40360000
13	40360001	40400000
13	40400001	40440000
13	40440001	40480000
13	40480001	40520000
13	40520001	40560000
13	40560001	40600000
13	40600001	40640000
13	40640001	40680000
13	40680001	40720000
13	40720001	40760000
13	40760001	40800000
13	40800001	40840000
13	40840001	40880000
13	40880001	40920000
13	40920001	40960000
13	40960001	41000000
13	41000001	41040000
13	41040001	41080000
13	41080001	41120000
13	41120001	41160000
13	41160001	41200000
13	41200001	41240000
13	41240001	41280000
13	41280001	41320000
13	41320001	41360000
13	41360001	41400000
13	41400001	41440000
13	41440001	41480000
13	41480001	41520000
13	41520001	41560000
13	41560001	41600000
13	41600001	41640000
13	41640001	41680000
13	41680001	41720000
13	41720001	41760000
13	41760001	41800000
13	41800001	41840000
13	41840001	41880000
13	41880001	41920000
13	41920001	41960000
13	41960001	42000000
13	42000001	42040000
13	42040001	42080000
13	42080001	42120000
13	42120001	42160000
13	42160001	42200000
13	42200001	42240000
13	42240001	42280000
13	42280001	42320000
13	42320001	42360000
13	42360001	42400000
13	42400001	42440000
13	42440001	42480000
13	42480001	42520000
13	42520001	42560000
13	42560001	42600000
13	42600001	42640000
13	42640001	42680000
13	42680001	42720000
13	42720001	42760000
13	42760001	42800000
13	42800001	42840000
13	42840001	42880000
13	42880001	42920000
13	42920001	42960000
13	42960001	43000000
13	43000001	43040000
13	43040001	43080000
13	43080001	43120000
13	43120001	43160000
13	43160001	43200000
13	43200001	43240000
13	43240001	43280000
13	43280001	43320000
13	43320001	43360000
13	43360001	43400000
13	43400001	43440000
13	43440001	43480000
13	43480001	43520000
13	43520001	43560000
13	43560001	43600000
13	43600001	43640000
13	43640001	43680000
13	43680001	43720000
13	43720001	43760000
13	43760001	43800000
13	43800001	43840000
13	43840001	43880000
13	43880001	43920000
13	43920001	43960000
13	43960001	44000000
13	44000001	44040000
13	44040001	44080000
13	44080001	44120000
13	44120001	44160000
13	44160001	44200000
13	44200001	44240000
13	44240001	44280000
13	44280001	44320000
13	44320001	44360000
13	44360001	44400000
13	44400001	44440000
13	44440001	44480000
13	44480001	44520000
13	44520001	44560000
13	44560001	44600000
13	44600001	44640000
13	44640001	44680000
13	44680001	44720000
13	44720001	44760000
13	44760001	44800000
13	44800001	44840000
13	44840001	44880000
13	44880001	44920000
13	44920001	44960000
13	44960001	45000000
13	45000001	45040000
13	45040001	45080000
13	45080001	45120000
13	45120001	45160000
13	45160001	45200000
13	45200001	45240000
13	45240001	45280000
13	45280001	45320000
13	45320001	45360000
13	45360001	45400000
13	45400001	45440000
13	45440001	45480000
13	45480001	45520000
13	45520001	45560000
13	45560001	45600000
13	45600001	45640000
13	45640001	45680000
13	45680001	45720000
13	45720001	45760000
13	45760001	45800000
13	45800001	45840000
13	45840001	45880000
13	45880001	45920000
13	45920001	45960000
13	45960001	46000000
13	46000001	46040000
13	46040001	46080000
13	46080001	46120000
13	46120001	46160000
13	46160001	46200000
13	46200001	46240000
13	46240001	46280000
13	46280001	46320000
13	46320001	46360000
13	46360001	46400000
13	46400001	46440000
13	46440001	46480000
13	46480001	46520000
13	46520001	46560000
13	46560001	46600000
13	46600001	46640000
13	46640001	46680000
13	46680001	46720000
13	46720001	46760000
13	46760001	46800000
13	46800001	46840000
13	46840001	46880000
13	46880001	46920000
13	46920001	46960000
13	46960001	47000000
13	47000001	47040000
13	47040001	47080000
13	47080001	47120000
13	47120001	47160000
13	47160001	47200000
13	47200001	47240000
13	47240001	47280000
13	47280001	47320000
13	47320001	47360000
13	47360001	47400000
13	47400001	47440000
13	47440001	47480000
13	47480001	47520000
13	47520001	47560000
13	47560001	47600000
13	47600001	47640000
13	47640001	47680000
13	47680001	47720000
13	47720001	47760000
13	47760001	47800000
13	47800001	47840000
13	47840001	47880000
13	47880001	47920000
13	47920001	47960000
13	47960001	48000000
13	48000001	48040000
13	48040001	48080000
13	48080001	48120000
13	48120001	48160000
13	48160001	48200000
13	48200001	48240000
13	48240001	48280000
13	48280001	48320000
13	48320001	48360000
13	48360001	48400000
13	48400001	48440000
13	48440001	48480000
13	48480001	48520000
13	48520001	48560000
13	48560001	48600000
13	48600001	48640000
13	48640001	48680000
13	48680001	48720000
13	48720001	48760000
13	48760001	48800000
13	48800001	48840000
13	48840001	48880000
13	48880001	48920000
13	48920001	48960000
13	48960001	49000000
13	49000001	49040000
13	49040001	49080000
13	49080001	49120000
13	49120001	49160000
13	49160001	49200000
13	49200001	49240000
13	49240001	49280000
13	49280001	49320000
13	49320001	49360000
13	49360001	49400000
13	49400001	49440000
13	49440001	49480000
13	49480001	49520000
13	49520001	49560000
13	49560001	49600000
13	49600001	49640000
13	49640001	49680000
13	49680001	49720000
13	49720001	49760000
13	49760001	49800000
13	49800001	49840000
13	49840001	49880000
13	49880001	49920000
13	49920001	49960000
13	49960001	50000000
13	50000001	50040000
13	50040001	50080000
13	50080001	50120000
13	50120001	50160000
13	50160001	50200000
13	50200001	50240000
13	50240001	50280000
13	50280001	50320000
13	50320001	50360000
13	50360001	50400000
13	50400001	50440000
13	50440001	50480000
13	50480001	50520000
13	50520001	50560000
13	50560001	50600000
13	50600001	50640000
13	50640001	50680000
13	50680001	50720000
13	50720001	50760000
13	50760001	50800000
13	50800001	50840000
13	50840001	50880000
13	50880001	50920000
13	50920001	50960000
13	50960001	51000000
13	51000001	51040000
13	51040001	51080000
13	51080001	51120000
13	51120001	51160000
13	51160001	51200000
13	51200001	51240000
13	51240001	51280000
13	51280001	51320000
13	51320001	51360000
13	51360001	51400000
13	51400001	51440000
13	51440001	51480000
13	51480001	51520000
13	51520001	51560000
13	51560001	51600000
13	51600001	51640000
13	51640001	51680000
13	51680001	51720000
13	51720001	51760000
13	51760001	51800000
13	51800001	51840000
13	51840001	51880000
13	51880001	51920000
13	51920001	51960000
13	51960001	52000000
13	52000001	52040000
13	52040001	52080000
13	52080001	52120000
13	52120001	52160000
13	52160001	52200000
13	52200001	52240000
13	52240001	52280000
13	52280001	52320000
13	52320001	52360000
13	52360001	52400000
13	52400001	52440000
13	52440001	52480000
13	52480001	52520000
13	52520001	52560000
13	52560001	52600000
13	52600001	52640000
13	52640001	52680000
13	52680001	52720000
13	52720001	52760000
13	52760001	52800000
13	52800001	52840000
13	52840001	52880000
13	52880001	52920000
13	52920001	52960000
13	52960001	53000000
13	53000001	53040000
13	53040001	53080000
13	53080001	53120000
13	53120001	53160000
13	53160001	53200000
13	53200001	53240000
13	53240001	53280000
13	53280001	53320000
13	53320001	53360000
13	53360001	53400000
13	53400001	53440000
13	53440001	53480000
13	53480001	53520000
13	53520001	53560000
13	53560001	53600000
13	53600001	53640000
13	53640001	53680000
13	53680001	53720000
13	53720001	53760000
13	53760001	53800000
13	53800001	53840000
13	53840001	53880000
13	53880001	53920000
13	53920001	53960000
13	53960001	54000000
13	54000001	54040000
13	54040001	54080000
13	54080001	54120000
13	54120001	54160000
13	54160001	54200000
13	54200001	54240000
13	54240001	54280000
13	54280001	54320000
13	54320001	54360000
13	54360001	54400000
13	54400001	54440000
13	54440001	54480000
13	54480001	54520000
13	54520001	54560000
13	54560001	54600000
13	54600001	54640000
13	54640001	54680000
13	54680001	54720000
13	54720001	54760000
13	54760001	54800000
13	54800001	54840000
13	54840001	54880000
13	54880001	54920000
13	54920001	54960000
13	54960001	55000000
13	55000001	55040000
13	55040001	55080000
13	55080001	55120000
13	55120001	55160000
13	55160001	55200000
13	55200001	55240000
13	55240001	55280000
13	55280001	55320000
13	55320001	55360000
13	55360001	55400000
13	55400001	55440000
13	55440001	55480000
13	55480001	55520000
13	55520001	55560000
13	55560001	55600000
13	55600001	55640000
13	55640001	55680000
13	55680001	55720000
13	55720001	55760000
13	55760001	55800000
13	55800001	55840000
13	55840001	55880000
13	55880001	55920000
13	55920001	55960000
13	55960001	56000000
13	56000001	56040000
13	56040001	56080000
13	56080001	56120000
13	56120001	56160000
13	56160001	56200000
13	56200001	56240000
13	56240001	56280000
13	56280001	56320000
13	56320001	56360000
13	56360001	56400000
13	56400001	56440000
13	56440001	56480000
13	56480001	56520000
13	56520001	56560000
13	56560001	56600000
13	56600001	56640000
13	56640001	56680000
13	56680001	56720000
13	56720001	56760000
13	56760001	56800000
13	56800001	56840000
13	56840001	56880000
13	56880001	56920000
13	56920001	56960000
13	56960001	57000000
13	57000001	57040000
13	57040001	57080000
13	57080001	57120000
13	57120001	57160000
13	57160001	57200000
13	57200001	57240000
13	57240001	57280000
13	57280001	57320000
13	57320001	57360000
13	57360001	57400000
13	57400001	57440000
13	57440001	57480000
13	57480001	57520000
13	57520001	57560000
13	57560001	57600000
13	57600001	57640000
13	57640001	57680000
13	57680001	57720000
13	57720001	57760000
13	57760001	57800000
13	57800001	57840000
13	57840001	57880000
13	57880001	57920000
13	57920001	57960000
13	57960001	58000000
13	58000001	58040000
13	58040001	58080000
13	58080001	58120000
13	58120001	58160000
13	58160001	58200000
13	58200001	58240000
13	58240001	58280000
13	58280001	58320000
13	58320001	58360000
13	58360001	58400000
13	58400001	58440000
13	58440001	58480000
13	58480001	58520000
13	58520001	58560000
13	58560001	58600000
13	58600001	58640000
13	58640001	58680000
13	58680001	58720000
13	58720001	58760000
13	58760001	58800000
13	58800001	58840000
13	58840001	58880000
13	58880001	58920000
13	58920001	58960000
13	58960001	59000000
13	59000001	59040000
13	59040001	59080000
13	59080001	59120000
13	59120001	59160000
13	59160001	59200000
13	59200001	59240000
13	59240001	59280000
13	59280001	59320000
13	59320001	59360000
13	59360001	59400000
13	59400001	59440000
13	59440001	59480000
13	59480001	59520000
13	59520001	59560000
13	59560001	59600000
13	59600001	59640000
13	59640001	59680000
13	59680001	59720000
13	59720001	59760000
13	59760001	59800000
13	59800001	59840000
13	59840001	59880000
13	59880001	59920000
13	59920001	59960000
13	59960001	60000000
13	60000001	60040000
13	60040001	60080000
13	60080001	60120000
13	60120001	60160000
13	60160001	60200000
13	60200001	60240000
13	60240001	60280000
13	60280001	60320000
13	60320001	60360000
13	60360001	60400000
13	60400001	60440000
13	60440001	60480000
13	60480001	60520000
13	60520001	60560000
13	60560001	60600000
13	60600001	60640000
13	60640001	60680000
13	60680001	60720000
13	60720001	60760000
13	60760001	60800000
13	60800001	60840000
13	60840001	60880000
13	60880001	60920000
13	60920001	60960000
13	60960001	61000000
13	61000001	61040000
13	61040001	61080000
13	61080001	61120000
13	61120001	61160000
13	61160001	61200000
13	61200001	61240000
13	61240001	61280000
13	61280001	61320000
13	61320001	61360000
13	61360001	61400000
13	61400001	61440000
13	61440001	61480000
13	61480001	61520000
13	61520001	61560000
13	61560001	61600000
13	61600001	61640000
13	61640001	61680000
13	61680001	61720000
13	61720001	61760000
13	61760001	61800000
13	61800001	61840000
13	61840001	61880000
13	61880001	61920000
13	61920001	61960000
13	61960001	62000000
13	62000001	62040000
13	62040001	62080000
13	62080001	62120000
13	62120001	62160000
13	62160001	62200000
13	62200001	62240000
13	62240001	62280000
13	62280001	62320000
13	62320001	62360000
13	62360001	62400000
13	62400001	62440000
13	62440001	62480000
13	62480001	62520000
13	62520001	62560000
13	62560001	62600000
13	62600001	62640000
13	62640001	62680000
13	62680001	62720000
13	62720001	62760000
13	62760001	62800000
13	62800001	62840000
13	62840001	62880000
13	62880001	62920000
13	62920001	62960000
13	62960001	63000000
13	63000001	63040000
13	63040001	63080000
13	63080001	63120000
13	63120001	63160000
13	63160001	63200000
13	63200001	63240000
13	63240001	63280000
13	63280001	63320000
13	63320001	63360000
13	63360001	63400000
13	63400001	63440000
13	63440001	63480000
13	63480001	63520000
13	63520001	63560000
13	63560001	63600000
13	63600001	63640000
13	63640001	63680000
13	63680001	63720000
13	63720001	63760000
13	63760001	63800000
13	63800001	63840000
13	63840001	63880000
13	63880001	63920000
13	63920001	63960000
13	63960001	64000000
13	64000001	64040000
13	64040001	64080000
13	64080001	64120000
13	64120001	64160000
13	64160001	64200000
13	64200001	64240000
13	64240001	64280000
13	64280001	64320000
13	64320001	64360000
13	64360001	64400000
13	64400001	64440000
13	64440001	64480000
13	64480001	64520000
13	64520001	64560000
13	64560001	64600000
13	64600001	64640000
13	64640001	64680000
13	64680001	64720000
13	64720001	64760000
13	64760001	64800000
13	64800001	64840000
13	64840001	64880000
13	64880001	64920000
13	64920001	64960000
13	64960001	65000000
13	65000001	65040000
13	65040001	65080000
13	65080001	65120000
13	65120001	65160000
13	65160001	65200000
13	65200001	65240000
13	65240001	65280000
13	65280001	65320000
13	65320001	65360000
13	65360001	65400000
13	65400001	65440000
13	65440001	65480000
13	65480001	65520000
13	65520001	65560000
13	65560001	65600000
13	65600001	65640000
13	65640001	65680000
13	65680001	65720000
13	65720001	65760000
13	65760001	65800000
13	65800001	65840000
13	65840001	65880000
13	65880001	65920000
13	65920001	65960000
13	65960001	66000000
13	66000001	66040000
13	66040001	66080000
13	66080001	66120000
13	66120001	66160000
13	66160001	66200000
13	66200001	66240000
13	66240001	66280000
13	66280001	66320000
13	66320001	66360000
13	66360001	66400000
13	66400001	66440000
13	66440001	66480000
13	66480001	66520000
13	66520001	66560000
13	66560001	66600000
13	66600001	66640000
13	66640001	66680000
13	66680001	66720000
13	66720001	66760000
13	66760001	66800000
13	66800001	66840000
13	66840001	66880000
13	66880001	66920000
13	66920001	66960000
13	66960001	67000000
13	67000001	67040000
13	67040001	67080000
13	67080001	67120000
13	67120001	67160000
13	67160001	67200000
13	67200001	67240000
13	67240001	67280000
13	67280001	67320000
13	67320001	67360000
13	67360001	67400000
13	67400001	67440000
13	67440001	67480000
13	67480001	67520000
13	67520001	67560000
13	67560001	67600000
13	67600001	67640000
13	67640001	67680000
13	67680001	67720000
13	67720001	67760000
13	67760001	67800000
13	67800001	67840000
13	67840001	67880000
13	67880001	67920000
13	67920001	67960000
13	67960001	68000000
13	68000001	68040000
13	68040001	68080000
13	68080001	68120000
13	68120001	68160000
13	68160001	68200000
13	68200001	68240000
13	68240001	68280000
13	68280001	68320000
13	68320001	68360000
13	68360001	68400000
13	68400001	68440000
13	68440001	68480000
13	68480001	68520000
13	68520001	68560000
13	68560001	68600000
13	68600001	68640000
13	68640001	68680000
13	68680001	68720000
13	68720001	68760000
13	68760001	68800000
13	68800001	68840000
13	68840001	68880000
13	68880001	68920000
13	68920001	68960000
13	68960001	69000000
13	69000001	69040000
13	69040001	69080000
13	69080001	69120000
13	69120001	69160000
13	69160001	69200000
13	69200001	69240000
13	69240001	69280000
13	69280001	69320000
13	69320001	69360000
13	69360001	69400000
13	69400001	69440000
13	69440001	69480000
13	69480001	69520000
13	69520001	69560000
13	69560001	69600000
13	69600001	69640000
13	69640001	69680000
13	69680001	69720000
13	69720001	69760000
13	69760001	69800000
13	69800001	69840000
13	69840001	69880000
13	69880001	69920000
13	69920001	69960000
13	69960001	70000000
13	70000001	70040000
13	70040001	70080000
13	70080001	70120000
13	70120001	70160000
13	70160001	70200000
13	70200001	70240000
13	70240001	70280000
13	70280001	70320000
13	70320001	70360000
13	70360001	70400000
13	70400001	70440000
13	70440001	70480000
13	70480001	70520000
13	70520001	70560000
13	70560001	70600000
13	70600001	70640000
13	70640001	70680000
13	70680001	70720000
13	70720001	70760000
13	70760001	70800000
13	70800001	70840000
13	70840001	70880000
13	70880001	70920000
13	70920001	70960000
13	70960001	71000000
13	71000001	71040000
13	71040001	71080000
13	71080001	71120000
13	71120001	71160000
13	71160001	71200000
13	71200001	71240000
13	71240001	71280000
13	71280001	71320000
13	71320001	71360000
13	71360001	71400000
13	71400001	71440000
13	71440001	71480000
13	71480001	71520000
13	71520001	71560000
13	71560001	71600000
13	71600001	71640000
13	71640001	71680000
13	71680001	71720000
13	71720001	71760000
13	71760001	71800000
13	71800001	71840000
13	71840001	71880000
13	71880001	71920000
13	71920001	71960000
13	71960001	72000000
13	72000001	72040000
13	72040001	72080000
13	72080001	72120000
13	72120001	72160000
13	72160001	72200000
13	72200001	72240000
13	72240001	72280000
13	72280001	72320000
13	72320001	72360000
13	72360001	72400000
13	72400001	72440000
13	72440001	72480000
13	72480001	72520000
13	72520001	72560000
13	72560001	72600000
13	72600001	72640000
13	72640001	72680000
13	72680001	72720000
13	72720001	72760000
13	72760001	72800000
13	72800001	72840000
13	72840001	72880000
13	72880001	72920000
13	72920001	72960000
13	72960001	73000000
13	73000001	73040000
13	73040001	73080000
13	73080001	73120000
13	73120001	73160000
13	73160001	73200000
13	73200001	73240000
13	73240001	73280000
13	73280001	73320000
13	73320001	73360000
13	73360001	73400000
13	73400001	73440000
13	73440001	73480000
13	73480001	73520000
13	73520001	73560000
13	73560001	73600000
13	73600001	73640000
13	73640001	73680000
13	73680001	73720000
13	73720001	73760000
13	73760001	73800000
13	73800001	73840000
13	73840001	73880000
13	73880001	73920000
13	73920001	73960000
13	73960001	74000000
13	74000001	74040000
13	74040001	74080000
13	74080001	74120000
13	74120001	74160000
13	74160001	74200000
13	74200001	74240000
13	74240001	74280000
13	74280001	74320000
13	74320001	74360000
13	74360001	74400000
13	74400001	74440000
13	74440001	74480000
13	74480001	74520000
13	74520001	74560000
13	74560001	74600000
13	74600001	74640000
13	74640001	74680000
13	74680001	74720000
13	74720001	74760000
13	74760001	74800000
13	74800001	74840000
13	74840001	74880000
13	74880001	74920000
13	74920001	74960000
13	74960001	75000000
13	75000001	75040000
13	75040001	75080000
13	75080001	75120000
13	75120001	75160000
13	75160001	75200000
13	75200001	75240000
13	75240001	75280000
13	75280001	75320000
13	75320001	75360000
13	75360001	75400000
13	75400001	75440000
13	75440001	75480000
13	75480001	75520000
13	75520001	75560000
13	75560001	75600000
13	75600001	75640000
13	75640001	75680000
13	75680001	75720000
13	75720001	75760000
13	75760001	75800000
13	75800001	75840000
13	75840001	75880000
13	75880001	75920000
13	75920001	75960000
13	75960001	76000000
13	76000001	76040000
13	76040001	76080000
13	76080001	76120000
13	76120001	76160000
13	76160001	76200000
13	76200001	76240000
13	76240001	76280000
13	76280001	76320000
13	76320001	76360000
13	76360001	76400000
13	76400001	76440000
13	76440001	76480000
13	76480001	76520000
13	76520001	76560000
13	76560001	76600000
13	76600001	76640000
13	76640001	76680000
13	76680001	76720000
13	76720001	76760000
13	76760001	76800000
13	76800001	76840000
13	76840001	76880000
13	76880001	76920000
13	76920001	76960000
13	76960001	77000000
13	77000001	77040000
13	77040001	77080000
13	77080001	77120000
13	77120001	77160000
13	77160001	77200000
13	77200001	77240000
13	77240001	77280000
13	77280001	77320000
13	77320001	77360000
13	77360001	77400000
13	77400001	77440000
13	77440001	77480000
13	77480001	77520000
13	77520001	77560000
13	77560001	77600000
13	77600001	77640000
13	77640001	77680000
13	77680001	77720000
13	77720001	77760000
13	77760001	77800000
13	77800001	77840000
13	77840001	77880000
13	77880001	77920000
13	77920001	77960000
13	77960001	78000000
13	78000001	78040000
13	78040001	78080000
13	78080001	78120000
13	78120001	78160000
13	78160001	78200000
13	78200001	78240000
13	78240001	78280000
13	78280001	78320000
13	78320001	78360000
13	78360001	78400000
13	78400001	78440000
13	78440001	78480000
13	78480001	78520000
13	78520001	78560000
13	78560001	78600000
13	78600001	78640000
13	78640001	78680000
13	78680001	78720000
13	78720001	78760000
13	78760001	78800000
13	78800001	78840000
13	78840001	78880000
13	78880001	78920000
13	78920001	78960000
13	78960001	79000000
13	79000001	79040000
13	79040001	79080000
13	79080001	79120000
13	79120001	79160000
13	79160001	79200000
13	79200001	79240000
13	79240001	79280000
13	79280001	79320000
13	79320001	79360000
13	79360001	79400000
13	79400001	79440000
13	79440001	79480000
13	79480001	79520000
13	79520001	79560000
13	79560001	79600000
13	79600001	79640000
13	79640001	79680000
13	79680001	79720000
13	79720001	79760000
13	79760001	79800000
13	79800001	79840000
13	79840001	79880000
13	79880001	79920000
13	79920001	79960000
13	79960001	80000000
13	80000001	80040000
13	80040001	80080000
13	80080001	80120000
13	80120001	80160000
13	80160001	80200000
13	80200001	80240000
13	80240001	80280000
13	80280001	80320000
13	80320001	80360000
13	80360001	80400000
13	80400001	80440000
13	80440001	80480000
13	80480001	80520000
13	80520001	80560000
13	80560001	80600000
13	80600001	80640000
13	80640001	80680000
13	80680001	80720000
13	80720001	80760000
13	80760001	80800000
13	80800001	80840000
13	80840001	80880000
13	80880001	80920000
13	80920001	80960000
13	80960001	81000000
13	81000001	81040000
13	81040001	81080000
13	81080001	81120000
13	81120001	81160000
13	81160001	81200000
13	81200001	81240000
13	81240001	81280000
13	81280001	81320000
13	81320001	81360000
13	81360001	81400000
13	81400001	81440000
13	81440001	81480000
13	81480001	81520000
13	81520001	81560000
13	81560001	81600000
13	81600001	81640000
13	81640001	81680000
13	81680001	81720000
13	81720001	81760000
13	81760001	81800000
13	81800001	81840000
13	81840001	81880000
13	81880001	81920000
13	81920001	81960000
13	81960001	82000000
13	82000001	82040000
13	82040001	82080000
13	82080001	82120000
13	82120001	82160000
13	82160001	82200000
13	82200001	82240000
13	82240001	82280000
13	82280001	82320000
13	82320001	82360000
13	82360001	82400000
13	82400001	82440000
13	82440001	82480000
13	82480001	82520000
13	82520001	82560000
13	82560001	82600000
13	82600001	82640000
13	82640001	82680000
13	82680001	82720000
13	82720001	82760000
13	82760001	82800000
13	82800001	82840000
13	82840001	82880000
13	82880001	82920000
13	82920001	82960000
13	82960001	83000000
13	83000001	83040000
13	83040001	83080000
13	83080001	83120000
13	83120001	83160000
13	83160001	83200000
13	83200001	83240000
13	83240001	83280000
13	83280001	83320000
13	83320001	83360000
13	83360001	83400000
13	83400001	83440000
13	83440001	83480000
13	83480001	83520000
13	83520001	83560000
13	83560001	83600000
13	83600001	83640000
13	83640001	83680000
13	83680001	83720000
13	83720001	83760000
13	83760001	83800000
13	83800001	83840000
13	83840001	83880000
13	83880001	83920000
13	83920001	83960000
13	83960001	84000000
13	84000001	84040000
13	84040001	84080000
13	84080001	84120000
13	84120001	84160000
13	84160001	84200000
13	84200001	84240000
13	84240001	84280000
13	84280001	84320000
13	84320001	84360000
13	84360001	84400000
13	84400001	84440000
13	84440001	84480000
13	84480001	84520000
13	84520001	84560000
13	84560001	84600000
13	84600001	84640000
13	84640001	84680000
13	84680001	84720000
13	84720001	84760000
13	84760001	84800000
13	84800001	84840000
13	84840001	84880000
13	84880001	84920000
13	84920001	84960000
13	84960001	85000000
13	85000001	85040000
13	85040001	85080000
13	85080001	85120000
13	85120001	85160000
13	85160001	85200000
13	85200001	85240000
13	85240001	85280000
13	85280001	85320000
13	85320001	85360000
13	85360001	85400000
13	85400001	85440000
13	85440001	85480000
13	85480001	85520000
13	85520001	85560000
13	85560001	85600000
13	85600001	85640000
13	85640001	85680000
13	85680001	85720000
13	85720001	85760000
13	85760001	85800000
13	85800001	85840000
13	85840001	85880000
13	85880001	85920000
13	85920001	85960000
13	85960001	86000000
13	86000001	86040000
13	86040001	86080000
13	86080001	86120000
13	86120001	86160000
13	86160001	86200000
13	86200001	86240000
13	86240001	86280000
13	86280001	86320000
13	86320001	86360000
13	86360001	86400000
13	86400001	86440000
13	86440001	86480000
13	86480001	86520000
13	86520001	86560000
13	86560001	86600000
13	86600001	86640000
13	86640001	86680000
13	86680001	86720000
13	86720001	86760000
13	86760001	86800000
13	86800001	86840000
13	86840001	86880000
13	86880001	86920000
13	86920001	86960000
13	86960001	87000000
13	87000001	87040000
13	87040001	87080000
13	87080001	87120000
13	87120001	87160000
13	87160001	87200000
13	87200001	87240000
13	87240001	87280000
13	87280001	87320000
13	87320001	87360000
13	87360001	87400000
13	87400001	87440000
13	87440001	87480000
13	87480001	87520000
13	87520001	87560000
13	87560001	87600000
13	87600001	87640000
13	87640001	87680000
13	87680001	87720000
13	87720001	87760000
13	87760001	87800000
13	87800001	87840000
13	87840001	87880000
13	87880001	87920000
13	87920001	87960000
13	87960001	88000000
13	88000001	88040000
13	88040001	88080000
13	88080001	88120000
13	88120001	88160000
13	88160001	88200000
13	88200001	88240000
13	88240001	88280000
13	88280001	88320000
13	88320001	88360000
13	88360001	88400000
13	88400001	88440000
13	88440001	88480000
13	88480001	88520000
13	88520001	88560000
13	88560001	88600000
13	88600001	88640000
13	88640001	88680000
13	88680001	88720000
13	88720001	88760000
13	88760001	88800000
13	88800001	88840000
13	88840001	88880000
13	88880001	88920000
13	88920001	88960000
13	88960001	89000000
13	89000001	89040000
13	89040001	89080000
13	89080001	89120000
13	89120001	89160000
13	89160001	89200000
13	89200001	89240000
13	89240001	89280000
13	89280001	89320000
13	89320001	89360000
13	89360001	89400000
13	89400001	89440000
13	89440001	89480000
13	89480001	89520000
13	89520001	89560000
13	89560001	89600000
13	89600001	89640000
13	89640001	89680000
13	89680001	89720000
13	89720001	89760000
13	89760001	89800000
13	89800001	89840000
13	89840001	89880000
13	89880001	89920000
13	89920001	89960000
13	89960001	90000000
13	90000001	90040000
13	90040001	90080000
13	90080001	90120000
13	90120001	90160000
13	90160001	90200000
13	90200001	90240000
13	90240001	90280000
13	90280001	90320000
13	90320001	90360000
13	90360001	90400000
13	90400001	90440000
13	90440001	90480000
13	90480001	90520000
13	90520001	90560000
13	90560001	90600000
13	90600001	90640000
13	90640001	90680000
13	90680001	90720000
13	90720001	90760000
13	90760001	90800000
13	90800001	90840000
13	90840001	90880000
13	90880001	90920000
13	90920001	90960000
13	90960001	91000000
13	91000001	91040000
13	91040001	91080000
13	91080001	91120000
13	91120001	91160000
13	91160001	91200000
13	91200001	91240000
13	91240001	91280000
13	91280001	91320000
13	91320001	91360000
13	91360001	91400000
13	91400001	91440000
13	91440001	91480000
13	91480001	91520000
13	91520001	91560000
13	91560001	91600000
13	91600001	91640000
13	91640001	91680000
13	91680001	91720000
13	91720001	91760000
13	91760001	91800000
13	91800001	91840000
13	91840001	91880000
13	91880001	91920000
13	91920001	91960000
13	91960001	92000000
13	92000001	92040000
13	92040001	92080000
13	92080001	92120000
13	92120001	92160000
13	92160001	92200000
13	92200001	92240000
13	92240001	92280000
13	92280001	92320000
13	92320001	92360000
13	92360001	92400000
13	92400001	92440000
13	92440001	92480000
13	92480001	92520000
13	92520001	92560000
13	92560001	92600000
13	92600001	92640000
13	92640001	92680000
13	92680001	92720000
13	92720001	92760000
13	92760001	92800000
13	92800001	92840000
13	92840001	92880000
13	92880001	92920000
13	92920001	92960000
13	92960001	93000000
13	93000001	93040000
13	93040001	93080000
13	93080001	93120000
13	93120001	93160000
13	93160001	93200000
13	93200001	93240000
13	93240001	93280000
13	93280001	93320000
13	93320001	93360000
13	93360001	93400000
13	93400001	93440000
13	93440001	93480000
13	93480001	93520000
13	93520001	93560000
13	93560001	93600000
13	93600001	93640000
13	93640001	93680000
13	93680001	93720000
13	93720001	93760000
13	93760001	93800000
13	93800001	93840000
13	93840001	93880000
13	93880001	93920000
13	93920001	93960000
13	93960001	94000000
13	94000001	94040000
13	94040001	94080000
13	94080001	94120000
13	94120001	94160000
13	94160001	94200000
13	94200001	94240000
13	94240001	94280000
13	94280001	94320000
13	94320001	94360000
13	94360001	94400000
13	94400001	94440000
13	94440001	94480000
13	94480001	94520000
13	94520001	94560000
13	94560001	94600000
13	94600001	94640000
13	94640001	94680000
13	94680001	94720000
13	94720001	94760000
13	94760001	94800000
13	94800001	94840000
13	94840001	94880000
13	94880001	94920000
13	94920001	94960000
13	94960001	95000000
13	95000001	95040000
13	95040001	95080000
13	95080001	95120000
13	95120001	95160000
13	95160001	95200000
13	95200001	95240000
13	95240001	95280000
13	95280001	95320000
13	95320001	95360000
13	95360001	95400000
13	95400001	95440000
13	95440001	95480000
13	95480001	95520000
13	95520001	95560000
13	95560001	95600000
13	95600001	95640000
13	95640001	95680000
13	95680001	95720000
13	95720001	95760000
13	95760001	95800000
13	95800001	95840000
13	95840001	95880000
13	95880001	95920000
13	95920001	95960000
13	95960001	96000000
13	96000001	96040000
13	96040001	96080000
13	96080001	96120000
13	96120001	96160000
13	96160001	96200000
13	96200001	96240000
13	96240001	96280000
13	96280001	96320000
13	96320001	96360000
13	96360001	96400000
13	96400001	96440000
13	96440001	96480000
13	96480001	96520000
13	96520001	96560000
13	96560001	96600000
13	96600001	96640000
13	96640001	96680000
13	96680001	96720000
13	96720001	96760000
13	96760001	96800000
13	96800001	96840000
13	96840001	96880000
13	96880001	96920000
13	96920001	96960000
13	96960001	97000000
13	97000001	97040000
13	97040001	97080000
13	97080001	97120000
13	97120001	97160000
13	97160001	97200000
13	97200001	97240000
13	97240001	97280000
13	97280001	97320000
13	97320001	97360000
13	97360001	97400000
13	97400001	97440000
13	97440001	97480000
13	97480001	97520000
13	97520001	97560000
13	97560001	97600000
13	97600001	97640000
13	97640001	97680000
13	97680001	97720000
13	97720001	97760000
13	97760001	97800000
13	97800001	97840000
13	97840001	97880000
13	97880001	97920000
13	97920001	97960000
13	97960001	98000000
13	98000001	98040000
13	98040001	98080000
13	98080001	98120000
13	98120001	98160000
13	98160001	98200000
13	98200001	98240000
13	98240001	98280000
13	98280001	98320000
13	98320001	98360000
13	98360001	98400000
13	98400001	98440000
13	98440001	98480000
13	98480001	98520000
13	98520001	98560000
13	98560001	98600000
13	98600001	98640000
13	98640001	98680000
13	98680001	98720000
13	98720001	98760000
13	98760001	98800000
13	98800001	98840000
13	98840001	98880000
13	98880001	98920000
13	98920001	98960000
13	98960001	99000000
13	99000001	99040000
13	99040001	99080000
13	99080001	99120000
13	99120001	99160000
13	99160001	99200000
13	99200001	99240000
13	99240001	99280000
13	99280001	99320000
13	99320001	99360000
13	99360001	99400000
13	99400001	99440000
13	99440001	99480000
13	99480001	99520000
13	99520001	99560000
13	99560001	99600000
13	99600001	99640000
13	99640001	99680000
13	99680001	99720000
13	99720001	99760000
13	99760001	99800000
13	99800001	99840000
13	99840001	99880000
13	99880001	99920000
13	99920001	99960000
13	99960001	100000000
13	100000001	100040000
13	100040001	100080000
13	100080001	100120000
13	100120001	100160000
13	100160001	100200000
13	100200001	100240000
13	100240001	100280000
13	100280001	100320000
13	100320001	100360000
13	100360001	100400000
13	100400001	100440000
13	100440001	100480000
13	100480001	100520000
13	100520001	100560000
13	100560001	100600000
13	100600001	100640000
13	100640001	100680000
13	100680001	100720000
13	100720001	100760000
13	100760001	100800000
13	100800001	100840000
13	100840001	100880000
13	100880001	100920000
13	100920001	100960000
13	100960001	101000000
13	101000001	101040000
13	101040001	101080000
13	101080001	101120000
13	101120001	101160000
13	101160001	101200000
13	101200001	101240000
13	101240001	101280000
13	101280001	101320000
13	101320001	101360000
13	101360001	101400000
13	101400001	101440000
13	101440001	101480000
13	101480001	101520000
13	101520001	101560000
13	101560001	101600000
13	101600001	101640000
13	101640001	101680000
13	101680001	101720000
13	101720001	101760000
13	101760001	101800000
13	101800001	101840000
13	101840001	101880000
13	101880001	101920000
13	101920001	101960000
13	101960001	102000000
13	102000001	102040000
13	102040001	102080000
13	102080001	102120000
13	102120001	102160000
13	102160001	102200000
13	102200001	102240000
13	102240001	102280000
13	102280001	102320000
13	102320001	102360000
13	102360001	102400000
13	102400001	102440000
13	102440001	102480000
13	102480001	102520000
13	102520001	102560000
13	102560001	102600000
13	102600001	102640000
13	102640001	102680000
13	102680001	102720000
13	102720001	102760000
13	102760001	102800000
13	102800001	102840000
13	102840001	102880000
13	102880001	102920000
13	102920001	102960000
13	102960001	103000000
13	103000001	103040000
13	103040001	103080000
13	103080001	103120000
13	103120001	103160000
13	103160001	103200000
13	103200001	103240000
13	103240001	103280000
13	103280001	103320000
13	103320001	103360000
13	103360001	103400000
13	103400001	103440000
13	103440001	103480000
13	103480001	103520000
13	103520001	103560000
13	103560001	103600000
13	103600001	103640000
13	103640001	103680000
13	103680001	103720000
13	103720001	103760000
13	103760001	103800000
13	103800001	103840000
13	103840001	103880000
13	103880001	103920000
13	103920001	103960000
13	103960001	104000000
13	104000001	104040000
13	104040001	104080000
13	104080001	104120000
13	104120001	104160000
13	104160001	104200000
13	104200001	104240000
13	104240001	104280000
13	104280001	104320000
13	104320001	104360000
13	104360001	104400000
13	104400001	104440000
13	104440001	104480000
13	104480001	104520000
13	104520001	104560000
13	104560001	104600000
13	104600001	104640000
13	104640001	104680000
13	104680001	104720000
13	104720001	104760000
13	104760001	104800000
13	104800001	104840000
13	104840001	104880000
13	104880001	104920000
13	104920001	104960000
13	104960001	105000000
13	105000001	105040000
13	105040001	105080000
13	105080001	105120000
13	105120001	105160000
13	105160001	105200000
13	105200001	105240000
13	105240001	105280000
13	105280001	105320000
13	105320001	105360000
13	105360001	105400000
13	105400001	105440000
13	105440001	105480000
13	105480001	105520000
13	105520001	105560000
13	105560001	105600000
13	105600001	105640000
13	105640001	105680000
13	105680001	105720000
13	105720001	105760000
13	105760001	105800000
13	105800001	105840000
13	105840001	105880000
13	105880001	105920000
13	105920001	105960000
13	105960001	106000000
13	106000001	106040000
13	106040001	106080000
13	106080001	106120000
13	106120001	106160000
13	106160001	106200000
13	106200001	106240000
13	106240001	106280000
13	106280001	106320000
13	106320001	106360000
13	106360001	106400000
13	106400001	106440000
13	106440001	106480000
13	106480001	106520000
13	106520001	106560000
13	106560001	106600000
13	106600001	106640000
13	106640001	106680000
13	106680001	106720000
13	106720001	106760000
13	106760001	106800000
13	106800001	106840000
13	106840001	106880000
13	106880001	106920000
13	106920001	106960000
13	106960001	107000000
13	107000001	107040000
13	107040001	107080000
13	107080001	107120000
13	107120001	107160000
13	107160001	107200000
13	107200001	107240000
13	107240001	107280000
13	107280001	107320000
13	107320001	107349540
