12	1	40000
12	40001	80000
12	80001	120000
12	120001	160000
12	160001	200000
12	200001	240000
12	240001	280000
12	280001	320000
12	320001	360000
12	360001	400000
12	400001	440000
12	440001	480000
12	480001	520000
12	520001	560000
12	560001	600000
12	600001	640000
12	640001	680000
12	680001	720000
12	720001	760000
12	760001	800000
12	800001	840000
12	840001	880000
12	880001	920000
12	920001	960000
12	960001	1000000
12	1000001	1040000
12	1040001	1080000
12	1080001	1120000
12	1120001	1160000
12	1160001	1200000
12	1200001	1240000
12	1240001	1280000
12	1280001	1320000
12	1320001	1360000
12	1360001	1400000
12	1400001	1440000
12	1440001	1480000
12	1480001	1520000
12	1520001	1560000
12	1560001	1600000
12	1600001	1640000
12	1640001	1680000
12	1680001	1720000
12	1720001	1760000
12	1760001	1800000
12	1800001	1840000
12	1840001	1880000
12	1880001	1920000
12	1920001	1960000
12	1960001	2000000
12	2000001	2040000
12	2040001	2080000
12	2080001	2120000
12	2120001	2160000
12	2160001	2200000
12	2200001	2240000
12	2240001	2280000
12	2280001	2320000
12	2320001	2360000
12	2360001	2400000
12	2400001	2440000
12	2440001	2480000
12	2480001	2520000
12	2520001	2560000
12	2560001	2600000
12	2600001	2640000
12	2640001	2680000
12	2680001	2720000
12	2720001	2760000
12	2760001	2800000
12	2800001	2840000
12	2840001	2880000
12	2880001	2920000
12	2920001	2960000
12	2960001	3000000
12	3000001	3040000
12	3040001	3080000
12	3080001	3120000
12	3120001	3160000
12	3160001	3200000
12	3200001	3240000
12	3240001	3280000
12	3280001	3320000
12	3320001	3360000
12	3360001	3400000
12	3400001	3440000
12	3440001	3480000
12	3480001	3520000
12	3520001	3560000
12	3560001	3600000
12	3600001	3640000
12	3640001	3680000
12	3680001	3720000
12	3720001	3760000
12	3760001	3800000
12	3800001	3840000
12	3840001	3880000
12	3880001	3920000
12	3920001	3960000
12	3960001	4000000
12	4000001	4040000
12	4040001	4080000
12	4080001	4120000
12	4120001	4160000
12	4160001	4200000
12	4200001	4240000
12	4240001	4280000
12	4280001	4320000
12	4320001	4360000
12	4360001	4400000
12	4400001	4440000
12	4440001	4480000
12	4480001	4520000
12	4520001	4560000
12	4560001	4600000
12	4600001	4640000
12	4640001	4680000
12	4680001	4720000
12	4720001	4760000
12	4760001	4800000
12	4800001	4840000
12	4840001	4880000
12	4880001	4920000
12	4920001	4960000
12	4960001	5000000
12	5000001	5040000
12	5040001	5080000
12	5080001	5120000
12	5120001	5160000
12	5160001	5200000
12	5200001	5240000
12	5240001	5280000
12	5280001	5320000
12	5320001	5360000
12	5360001	5400000
12	5400001	5440000
12	5440001	5480000
12	5480001	5520000
12	5520001	5560000
12	5560001	5600000
12	5600001	5640000
12	5640001	5680000
12	5680001	5720000
12	5720001	5760000
12	5760001	5800000
12	5800001	5840000
12	5840001	5880000
12	5880001	5920000
12	5920001	5960000
12	5960001	6000000
12	6000001	6040000
12	6040001	6080000
12	6080001	6120000
12	6120001	6160000
12	6160001	6200000
12	6200001	6240000
12	6240001	6280000
12	6280001	6320000
12	6320001	6360000
12	6360001	6400000
12	6400001	6440000
12	6440001	6480000
12	6480001	6520000
12	6520001	6560000
12	6560001	6600000
12	6600001	6640000
12	6640001	6680000
12	6680001	6720000
12	6720001	6760000
12	6760001	6800000
12	6800001	6840000
12	6840001	6880000
12	6880001	6920000
12	6920001	6960000
12	6960001	7000000
12	7000001	7040000
12	7040001	7080000
12	7080001	7120000
12	7120001	7160000
12	7160001	7200000
12	7200001	7240000
12	7240001	7280000
12	7280001	7320000
12	7320001	7360000
12	7360001	7400000
12	7400001	7440000
12	7440001	7480000
12	7480001	7520000
12	7520001	7560000
12	7560001	7600000
12	7600001	7640000
12	7640001	7680000
12	7680001	7720000
12	7720001	7760000
12	7760001	7800000
12	7800001	7840000
12	7840001	7880000
12	7880001	7920000
12	7920001	7960000
12	7960001	8000000
12	8000001	8040000
12	8040001	8080000
12	8080001	8120000
12	8120001	8160000
12	8160001	8200000
12	8200001	8240000
12	8240001	8280000
12	8280001	8320000
12	8320001	8360000
12	8360001	8400000
12	8400001	8440000
12	8440001	8480000
12	8480001	8520000
12	8520001	8560000
12	8560001	8600000
12	8600001	8640000
12	8640001	8680000
12	8680001	8720000
12	8720001	8760000
12	8760001	8800000
12	8800001	8840000
12	8840001	8880000
12	8880001	8920000
12	8920001	8960000
12	8960001	9000000
12	9000001	9040000
12	9040001	9080000
12	9080001	9120000
12	9120001	9160000
12	9160001	9200000
12	9200001	9240000
12	9240001	9280000
12	9280001	9320000
12	9320001	9360000
12	9360001	9400000
12	9400001	9440000
12	9440001	9480000
12	9480001	9520000
12	9520001	9560000
12	9560001	9600000
12	9600001	9640000
12	9640001	9680000
12	9680001	9720000
12	9720001	9760000
12	9760001	9800000
12	9800001	9840000
12	9840001	9880000
12	9880001	9920000
12	9920001	9960000
12	9960001	10000000
12	10000001	10040000
12	10040001	10080000
12	10080001	10120000
12	10120001	10160000
12	10160001	10200000
12	10200001	10240000
12	10240001	10280000
12	10280001	10320000
12	10320001	10360000
12	10360001	10400000
12	10400001	10440000
12	10440001	10480000
12	10480001	10520000
12	10520001	10560000
12	10560001	10600000
12	10600001	10640000
12	10640001	10680000
12	10680001	10720000
12	10720001	10760000
12	10760001	10800000
12	10800001	10840000
12	10840001	10880000
12	10880001	10920000
12	10920001	10960000
12	10960001	11000000
12	11000001	11040000
12	11040001	11080000
12	11080001	11120000
12	11120001	11160000
12	11160001	11200000
12	11200001	11240000
12	11240001	11280000
12	11280001	11320000
12	11320001	11360000
12	11360001	11400000
12	11400001	11440000
12	11440001	11480000
12	11480001	11520000
12	11520001	11560000
12	11560001	11600000
12	11600001	11640000
12	11640001	11680000
12	11680001	11720000
12	11720001	11760000
12	11760001	11800000
12	11800001	11840000
12	11840001	11880000
12	11880001	11920000
12	11920001	11960000
12	11960001	12000000
12	12000001	12040000
12	12040001	12080000
12	12080001	12120000
12	12120001	12160000
12	12160001	12200000
12	12200001	12240000
12	12240001	12280000
12	12280001	12320000
12	12320001	12360000
12	12360001	12400000
12	12400001	12440000
12	12440001	12480000
12	12480001	12520000
12	12520001	12560000
12	12560001	12600000
12	12600001	12640000
12	12640001	12680000
12	12680001	12720000
12	12720001	12760000
12	12760001	12800000
12	12800001	12840000
12	12840001	12880000
12	12880001	12920000
12	12920001	12960000
12	12960001	13000000
12	13000001	13040000
12	13040001	13080000
12	13080001	13120000
12	13120001	13160000
12	13160001	13200000
12	13200001	13240000
12	13240001	13280000
12	13280001	13320000
12	13320001	13360000
12	13360001	13400000
12	13400001	13440000
12	13440001	13480000
12	13480001	13520000
12	13520001	13560000
12	13560001	13600000
12	13600001	13640000
12	13640001	13680000
12	13680001	13720000
12	13720001	13760000
12	13760001	13800000
12	13800001	13840000
12	13840001	13880000
12	13880001	13920000
12	13920001	13960000
12	13960001	14000000
12	14000001	14040000
12	14040001	14080000
12	14080001	14120000
12	14120001	14160000
12	14160001	14200000
12	14200001	14240000
12	14240001	14280000
12	14280001	14320000
12	14320001	14360000
12	14360001	14400000
12	14400001	14440000
12	14440001	14480000
12	14480001	14520000
12	14520001	14560000
12	14560001	14600000
12	14600001	14640000
12	14640001	14680000
12	14680001	14720000
12	14720001	14760000
12	14760001	14800000
12	14800001	14840000
12	14840001	14880000
12	14880001	14920000
12	14920001	14960000
12	14960001	15000000
12	15000001	15040000
12	15040001	15080000
12	15080001	15120000
12	15120001	15160000
12	15160001	15200000
12	15200001	15240000
12	15240001	15280000
12	15280001	15320000
12	15320001	15360000
12	15360001	15400000
12	15400001	15440000
12	15440001	15480000
12	15480001	15520000
12	15520001	15560000
12	15560001	15600000
12	15600001	15640000
12	15640001	15680000
12	15680001	15720000
12	15720001	15760000
12	15760001	15800000
12	15800001	15840000
12	15840001	15880000
12	15880001	15920000
12	15920001	15960000
12	15960001	16000000
12	16000001	16040000
12	16040001	16080000
12	16080001	16120000
12	16120001	16160000
12	16160001	16200000
12	16200001	16240000
12	16240001	16280000
12	16280001	16320000
12	16320001	16360000
12	16360001	16400000
12	16400001	16440000
12	16440001	16480000
12	16480001	16520000
12	16520001	16560000
12	16560001	16600000
12	16600001	16640000
12	16640001	16680000
12	16680001	16720000
12	16720001	16760000
12	16760001	16800000
12	16800001	16840000
12	16840001	16880000
12	16880001	16920000
12	16920001	16960000
12	16960001	17000000
12	17000001	17040000
12	17040001	17080000
12	17080001	17120000
12	17120001	17160000
12	17160001	17200000
12	17200001	17240000
12	17240001	17280000
12	17280001	17320000
12	17320001	17360000
12	17360001	17400000
12	17400001	17440000
12	17440001	17480000
12	17480001	17520000
12	17520001	17560000
12	17560001	17600000
12	17600001	17640000
12	17640001	17680000
12	17680001	17720000
12	17720001	17760000
12	17760001	17800000
12	17800001	17840000
12	17840001	17880000
12	17880001	17920000
12	17920001	17960000
12	17960001	18000000
12	18000001	18040000
12	18040001	18080000
12	18080001	18120000
12	18120001	18160000
12	18160001	18200000
12	18200001	18240000
12	18240001	18280000
12	18280001	18320000
12	18320001	18360000
12	18360001	18400000
12	18400001	18440000
12	18440001	18480000
12	18480001	18520000
12	18520001	18560000
12	18560001	18600000
12	18600001	18640000
12	18640001	18680000
12	18680001	18720000
12	18720001	18760000
12	18760001	18800000
12	18800001	18840000
12	18840001	18880000
12	18880001	18920000
12	18920001	18960000
12	18960001	19000000
12	19000001	19040000
12	19040001	19080000
12	19080001	19120000
12	19120001	19160000
12	19160001	19200000
12	19200001	19240000
12	19240001	19280000
12	19280001	19320000
12	19320001	19360000
12	19360001	19400000
12	19400001	19440000
12	19440001	19480000
12	19480001	19520000
12	19520001	19560000
12	19560001	19600000
12	19600001	19640000
12	19640001	19680000
12	19680001	19720000
12	19720001	19760000
12	19760001	19800000
12	19800001	19840000
12	19840001	19880000
12	19880001	19920000
12	19920001	19960000
12	19960001	20000000
12	20000001	20040000
12	20040001	20080000
12	20080001	20120000
12	20120001	20160000
12	20160001	20200000
12	20200001	20240000
12	20240001	20280000
12	20280001	20320000
12	20320001	20360000
12	20360001	20400000
12	20400001	20440000
12	20440001	20480000
12	20480001	20520000
12	20520001	20560000
12	20560001	20600000
12	20600001	20640000
12	20640001	20680000
12	20680001	20720000
12	20720001	20760000
12	20760001	20800000
12	20800001	20840000
12	20840001	20880000
12	20880001	20920000
12	20920001	20960000
12	20960001	21000000
12	21000001	21040000
12	21040001	21080000
12	21080001	21120000
12	21120001	21160000
12	21160001	21200000
12	21200001	21240000
12	21240001	21280000
12	21280001	21320000
12	21320001	21360000
12	21360001	21400000
12	21400001	21440000
12	21440001	21480000
12	21480001	21520000
12	21520001	21560000
12	21560001	21600000
12	21600001	21640000
12	21640001	21680000
12	21680001	21720000
12	21720001	21760000
12	21760001	21800000
12	21800001	21840000
12	21840001	21880000
12	21880001	21920000
12	21920001	21960000
12	21960001	22000000
12	22000001	22040000
12	22040001	22080000
12	22080001	22120000
12	22120001	22160000
12	22160001	22200000
12	22200001	22240000
12	22240001	22280000
12	22280001	22320000
12	22320001	22360000
12	22360001	22400000
12	22400001	22440000
12	22440001	22480000
12	22480001	22520000
12	22520001	22560000
12	22560001	22600000
12	22600001	22640000
12	22640001	22680000
12	22680001	22720000
12	22720001	22760000
12	22760001	22800000
12	22800001	22840000
12	22840001	22880000
12	22880001	22920000
12	22920001	22960000
12	22960001	23000000
12	23000001	23040000
12	23040001	23080000
12	23080001	23120000
12	23120001	23160000
12	23160001	23200000
12	23200001	23240000
12	23240001	23280000
12	23280001	23320000
12	23320001	23360000
12	23360001	23400000
12	23400001	23440000
12	23440001	23480000
12	23480001	23520000
12	23520001	23560000
12	23560001	23600000
12	23600001	23640000
12	23640001	23680000
12	23680001	23720000
12	23720001	23760000
12	23760001	23800000
12	23800001	23840000
12	23840001	23880000
12	23880001	23920000
12	23920001	23960000
12	23960001	24000000
12	24000001	24040000
12	24040001	24080000
12	24080001	24120000
12	24120001	24160000
12	24160001	24200000
12	24200001	24240000
12	24240001	24280000
12	24280001	24320000
12	24320001	24360000
12	24360001	24400000
12	24400001	24440000
12	24440001	24480000
12	24480001	24520000
12	24520001	24560000
12	24560001	24600000
12	24600001	24640000
12	24640001	24680000
12	24680001	24720000
12	24720001	24760000
12	24760001	24800000
12	24800001	24840000
12	24840001	24880000
12	24880001	24920000
12	24920001	24960000
12	24960001	25000000
12	25000001	25040000
12	25040001	25080000
12	25080001	25120000
12	25120001	25160000
12	25160001	25200000
12	25200001	25240000
12	25240001	25280000
12	25280001	25320000
12	25320001	25360000
12	25360001	25400000
12	25400001	25440000
12	25440001	25480000
12	25480001	25520000
12	25520001	25560000
12	25560001	25600000
12	25600001	25640000
12	25640001	25680000
12	25680001	25720000
12	25720001	25760000
12	25760001	25800000
12	25800001	25840000
12	25840001	25880000
12	25880001	25920000
12	25920001	25960000
12	25960001	26000000
12	26000001	26040000
12	26040001	26080000
12	26080001	26120000
12	26120001	26160000
12	26160001	26200000
12	26200001	26240000
12	26240001	26280000
12	26280001	26320000
12	26320001	26360000
12	26360001	26400000
12	26400001	26440000
12	26440001	26480000
12	26480001	26520000
12	26520001	26560000
12	26560001	26600000
12	26600001	26640000
12	26640001	26680000
12	26680001	26720000
12	26720001	26760000
12	26760001	26800000
12	26800001	26840000
12	26840001	26880000
12	26880001	26920000
12	26920001	26960000
12	26960001	27000000
12	27000001	27040000
12	27040001	27080000
12	27080001	27120000
12	27120001	27160000
12	27160001	27200000
12	27200001	27240000
12	27240001	27280000
12	27280001	27320000
12	27320001	27360000
12	27360001	27400000
12	27400001	27440000
12	27440001	27480000
12	27480001	27520000
12	27520001	27560000
12	27560001	27600000
12	27600001	27640000
12	27640001	27680000
12	27680001	27720000
12	27720001	27760000
12	27760001	27800000
12	27800001	27840000
12	27840001	27880000
12	27880001	27920000
12	27920001	27960000
12	27960001	28000000
12	28000001	28040000
12	28040001	28080000
12	28080001	28120000
12	28120001	28160000
12	28160001	28200000
12	28200001	28240000
12	28240001	28280000
12	28280001	28320000
12	28320001	28360000
12	28360001	28400000
12	28400001	28440000
12	28440001	28480000
12	28480001	28520000
12	28520001	28560000
12	28560001	28600000
12	28600001	28640000
12	28640001	28680000
12	28680001	28720000
12	28720001	28760000
12	28760001	28800000
12	28800001	28840000
12	28840001	28880000
12	28880001	28920000
12	28920001	28960000
12	28960001	29000000
12	29000001	29040000
12	29040001	29080000
12	29080001	29120000
12	29120001	29160000
12	29160001	29200000
12	29200001	29240000
12	29240001	29280000
12	29280001	29320000
12	29320001	29360000
12	29360001	29400000
12	29400001	29440000
12	29440001	29480000
12	29480001	29520000
12	29520001	29560000
12	29560001	29600000
12	29600001	29640000
12	29640001	29680000
12	29680001	29720000
12	29720001	29760000
12	29760001	29800000
12	29800001	29840000
12	29840001	29880000
12	29880001	29920000
12	29920001	29960000
12	29960001	30000000
12	30000001	30040000
12	30040001	30080000
12	30080001	30120000
12	30120001	30160000
12	30160001	30200000
12	30200001	30240000
12	30240001	30280000
12	30280001	30320000
12	30320001	30360000
12	30360001	30400000
12	30400001	30440000
12	30440001	30480000
12	30480001	30520000
12	30520001	30560000
12	30560001	30600000
12	30600001	30640000
12	30640001	30680000
12	30680001	30720000
12	30720001	30760000
12	30760001	30800000
12	30800001	30840000
12	30840001	30880000
12	30880001	30920000
12	30920001	30960000
12	30960001	31000000
12	31000001	31040000
12	31040001	31080000
12	31080001	31120000
12	31120001	31160000
12	31160001	31200000
12	31200001	31240000
12	31240001	31280000
12	31280001	31320000
12	31320001	31360000
12	31360001	31400000
12	31400001	31440000
12	31440001	31480000
12	31480001	31520000
12	31520001	31560000
12	31560001	31600000
12	31600001	31640000
12	31640001	31680000
12	31680001	31720000
12	31720001	31760000
12	31760001	31800000
12	31800001	31840000
12	31840001	31880000
12	31880001	31920000
12	31920001	31960000
12	31960001	32000000
12	32000001	32040000
12	32040001	32080000
12	32080001	32120000
12	32120001	32160000
12	32160001	32200000
12	32200001	32240000
12	32240001	32280000
12	32280001	32320000
12	32320001	32360000
12	32360001	32400000
12	32400001	32440000
12	32440001	32480000
12	32480001	32520000
12	32520001	32560000
12	32560001	32600000
12	32600001	32640000
12	32640001	32680000
12	32680001	32720000
12	32720001	32760000
12	32760001	32800000
12	32800001	32840000
12	32840001	32880000
12	32880001	32920000
12	32920001	32960000
12	32960001	33000000
12	33000001	33040000
12	33040001	33080000
12	33080001	33120000
12	33120001	33160000
12	33160001	33200000
12	33200001	33240000
12	33240001	33280000
12	33280001	33320000
12	33320001	33360000
12	33360001	33400000
12	33400001	33440000
12	33440001	33480000
12	33480001	33520000
12	33520001	33560000
12	33560001	33600000
12	33600001	33640000
12	33640001	33680000
12	33680001	33720000
12	33720001	33760000
12	33760001	33800000
12	33800001	33840000
12	33840001	33880000
12	33880001	33920000
12	33920001	33960000
12	33960001	34000000
12	34000001	34040000
12	34040001	34080000
12	34080001	34120000
12	34120001	34160000
12	34160001	34200000
12	34200001	34240000
12	34240001	34280000
12	34280001	34320000
12	34320001	34360000
12	34360001	34400000
12	34400001	34440000
12	34440001	34480000
12	34480001	34520000
12	34520001	34560000
12	34560001	34600000
12	34600001	34640000
12	34640001	34680000
12	34680001	34720000
12	34720001	34760000
12	34760001	34800000
12	34800001	34840000
12	34840001	34880000
12	34880001	34920000
12	34920001	34960000
12	34960001	35000000
12	35000001	35040000
12	35040001	35080000
12	35080001	35120000
12	35120001	35160000
12	35160001	35200000
12	35200001	35240000
12	35240001	35280000
12	35280001	35320000
12	35320001	35360000
12	35360001	35400000
12	35400001	35440000
12	35440001	35480000
12	35480001	35520000
12	35520001	35560000
12	35560001	35600000
12	35600001	35640000
12	35640001	35680000
12	35680001	35720000
12	35720001	35760000
12	35760001	35800000
12	35800001	35840000
12	35840001	35880000
12	35880001	35920000
12	35920001	35960000
12	35960001	36000000
12	36000001	36040000
12	36040001	36080000
12	36080001	36120000
12	36120001	36160000
12	36160001	36200000
12	36200001	36240000
12	36240001	36280000
12	36280001	36320000
12	36320001	36360000
12	36360001	36400000
12	36400001	36440000
12	36440001	36480000
12	36480001	36520000
12	36520001	36560000
12	36560001	36600000
12	36600001	36640000
12	36640001	36680000
12	36680001	36720000
12	36720001	36760000
12	36760001	36800000
12	36800001	36840000
12	36840001	36880000
12	36880001	36920000
12	36920001	36960000
12	36960001	37000000
12	37000001	37040000
12	37040001	37080000
12	37080001	37120000
12	37120001	37160000
12	37160001	37200000
12	37200001	37240000
12	37240001	37280000
12	37280001	37320000
12	37320001	37360000
12	37360001	37400000
12	37400001	37440000
12	37440001	37480000
12	37480001	37520000
12	37520001	37560000
12	37560001	37600000
12	37600001	37640000
12	37640001	37680000
12	37680001	37720000
12	37720001	37760000
12	37760001	37800000
12	37800001	37840000
12	37840001	37880000
12	37880001	37920000
12	37920001	37960000
12	37960001	38000000
12	38000001	38040000
12	38040001	38080000
12	38080001	38120000
12	38120001	38160000
12	38160001	38200000
12	38200001	38240000
12	38240001	38280000
12	38280001	38320000
12	38320001	38360000
12	38360001	38400000
12	38400001	38440000
12	38440001	38480000
12	38480001	38520000
12	38520001	38560000
12	38560001	38600000
12	38600001	38640000
12	38640001	38680000
12	38680001	38720000
12	38720001	38760000
12	38760001	38800000
12	38800001	38840000
12	38840001	38880000
12	38880001	38920000
12	38920001	38960000
12	38960001	39000000
12	39000001	39040000
12	39040001	39080000
12	39080001	39120000
12	39120001	39160000
12	39160001	39200000
12	39200001	39240000
12	39240001	39280000
12	39280001	39320000
12	39320001	39360000
12	39360001	39400000
12	39400001	39440000
12	39440001	39480000
12	39480001	39520000
12	39520001	39560000
12	39560001	39600000
12	39600001	39640000
12	39640001	39680000
12	39680001	39720000
12	39720001	39760000
12	39760001	39800000
12	39800001	39840000
12	39840001	39880000
12	39880001	39920000
12	39920001	39960000
12	39960001	40000000
12	40000001	40040000
12	40040001	40080000
12	40080001	40120000
12	40120001	40160000
12	40160001	40200000
12	40200001	40240000
12	40240001	40280000
12	40280001	40320000
12	40320001	40360000
12	40360001	40400000
12	40400001	40440000
12	40440001	40480000
12	40480001	40520000
12	40520001	40560000
12	40560001	40600000
12	40600001	40640000
12	40640001	40680000
12	40680001	40720000
12	40720001	40760000
12	40760001	40800000
12	40800001	40840000
12	40840001	40880000
12	40880001	40920000
12	40920001	40960000
12	40960001	41000000
12	41000001	41040000
12	41040001	41080000
12	41080001	41120000
12	41120001	41160000
12	41160001	41200000
12	41200001	41240000
12	41240001	41280000
12	41280001	41320000
12	41320001	41360000
12	41360001	41400000
12	41400001	41440000
12	41440001	41480000
12	41480001	41520000
12	41520001	41560000
12	41560001	41600000
12	41600001	41640000
12	41640001	41680000
12	41680001	41720000
12	41720001	41760000
12	41760001	41800000
12	41800001	41840000
12	41840001	41880000
12	41880001	41920000
12	41920001	41960000
12	41960001	42000000
12	42000001	42040000
12	42040001	42080000
12	42080001	42120000
12	42120001	42160000
12	42160001	42200000
12	42200001	42240000
12	42240001	42280000
12	42280001	42320000
12	42320001	42360000
12	42360001	42400000
12	42400001	42440000
12	42440001	42480000
12	42480001	42520000
12	42520001	42560000
12	42560001	42600000
12	42600001	42640000
12	42640001	42680000
12	42680001	42720000
12	42720001	42760000
12	42760001	42800000
12	42800001	42840000
12	42840001	42880000
12	42880001	42920000
12	42920001	42960000
12	42960001	43000000
12	43000001	43040000
12	43040001	43080000
12	43080001	43120000
12	43120001	43160000
12	43160001	43200000
12	43200001	43240000
12	43240001	43280000
12	43280001	43320000
12	43320001	43360000
12	43360001	43400000
12	43400001	43440000
12	43440001	43480000
12	43480001	43520000
12	43520001	43560000
12	43560001	43600000
12	43600001	43640000
12	43640001	43680000
12	43680001	43720000
12	43720001	43760000
12	43760001	43800000
12	43800001	43840000
12	43840001	43880000
12	43880001	43920000
12	43920001	43960000
12	43960001	44000000
12	44000001	44040000
12	44040001	44080000
12	44080001	44120000
12	44120001	44160000
12	44160001	44200000
12	44200001	44240000
12	44240001	44280000
12	44280001	44320000
12	44320001	44360000
12	44360001	44400000
12	44400001	44440000
12	44440001	44480000
12	44480001	44520000
12	44520001	44560000
12	44560001	44600000
12	44600001	44640000
12	44640001	44680000
12	44680001	44720000
12	44720001	44760000
12	44760001	44800000
12	44800001	44840000
12	44840001	44880000
12	44880001	44920000
12	44920001	44960000
12	44960001	45000000
12	45000001	45040000
12	45040001	45080000
12	45080001	45120000
12	45120001	45160000
12	45160001	45200000
12	45200001	45240000
12	45240001	45280000
12	45280001	45320000
12	45320001	45360000
12	45360001	45400000
12	45400001	45440000
12	45440001	45480000
12	45480001	45520000
12	45520001	45560000
12	45560001	45600000
12	45600001	45640000
12	45640001	45680000
12	45680001	45720000
12	45720001	45760000
12	45760001	45800000
12	45800001	45840000
12	45840001	45880000
12	45880001	45920000
12	45920001	45960000
12	45960001	46000000
12	46000001	46040000
12	46040001	46080000
12	46080001	46120000
12	46120001	46160000
12	46160001	46200000
12	46200001	46240000
12	46240001	46280000
12	46280001	46320000
12	46320001	46360000
12	46360001	46400000
12	46400001	46440000
12	46440001	46480000
12	46480001	46520000
12	46520001	46560000
12	46560001	46600000
12	46600001	46640000
12	46640001	46680000
12	46680001	46720000
12	46720001	46760000
12	46760001	46800000
12	46800001	46840000
12	46840001	46880000
12	46880001	46920000
12	46920001	46960000
12	46960001	47000000
12	47000001	47040000
12	47040001	47080000
12	47080001	47120000
12	47120001	47160000
12	47160001	47200000
12	47200001	47240000
12	47240001	47280000
12	47280001	47320000
12	47320001	47360000
12	47360001	47400000
12	47400001	47440000
12	47440001	47480000
12	47480001	47520000
12	47520001	47560000
12	47560001	47600000
12	47600001	47640000
12	47640001	47680000
12	47680001	47720000
12	47720001	47760000
12	47760001	47800000
12	47800001	47840000
12	47840001	47880000
12	47880001	47920000
12	47920001	47960000
12	47960001	48000000
12	48000001	48040000
12	48040001	48080000
12	48080001	48120000
12	48120001	48160000
12	48160001	48200000
12	48200001	48240000
12	48240001	48280000
12	48280001	48320000
12	48320001	48360000
12	48360001	48400000
12	48400001	48440000
12	48440001	48480000
12	48480001	48520000
12	48520001	48560000
12	48560001	48600000
12	48600001	48640000
12	48640001	48680000
12	48680001	48720000
12	48720001	48760000
12	48760001	48800000
12	48800001	48840000
12	48840001	48880000
12	48880001	48920000
12	48920001	48960000
12	48960001	49000000
12	49000001	49040000
12	49040001	49080000
12	49080001	49120000
12	49120001	49160000
12	49160001	49200000
12	49200001	49240000
12	49240001	49280000
12	49280001	49320000
12	49320001	49360000
12	49360001	49400000
12	49400001	49440000
12	49440001	49480000
12	49480001	49520000
12	49520001	49560000
12	49560001	49600000
12	49600001	49640000
12	49640001	49680000
12	49680001	49720000
12	49720001	49760000
12	49760001	49800000
12	49800001	49840000
12	49840001	49880000
12	49880001	49920000
12	49920001	49960000
12	49960001	50000000
12	50000001	50040000
12	50040001	50080000
12	50080001	50120000
12	50120001	50160000
12	50160001	50200000
12	50200001	50240000
12	50240001	50280000
12	50280001	50320000
12	50320001	50360000
12	50360001	50400000
12	50400001	50440000
12	50440001	50480000
12	50480001	50520000
12	50520001	50560000
12	50560001	50600000
12	50600001	50640000
12	50640001	50680000
12	50680001	50720000
12	50720001	50760000
12	50760001	50800000
12	50800001	50840000
12	50840001	50880000
12	50880001	50920000
12	50920001	50960000
12	50960001	51000000
12	51000001	51040000
12	51040001	51080000
12	51080001	51120000
12	51120001	51160000
12	51160001	51200000
12	51200001	51240000
12	51240001	51280000
12	51280001	51320000
12	51320001	51360000
12	51360001	51400000
12	51400001	51440000
12	51440001	51480000
12	51480001	51520000
12	51520001	51560000
12	51560001	51600000
12	51600001	51640000
12	51640001	51680000
12	51680001	51720000
12	51720001	51760000
12	51760001	51800000
12	51800001	51840000
12	51840001	51880000
12	51880001	51920000
12	51920001	51960000
12	51960001	52000000
12	52000001	52040000
12	52040001	52080000
12	52080001	52120000
12	52120001	52160000
12	52160001	52200000
12	52200001	52240000
12	52240001	52280000
12	52280001	52320000
12	52320001	52360000
12	52360001	52400000
12	52400001	52440000
12	52440001	52480000
12	52480001	52520000
12	52520001	52560000
12	52560001	52600000
12	52600001	52640000
12	52640001	52680000
12	52680001	52720000
12	52720001	52760000
12	52760001	52800000
12	52800001	52840000
12	52840001	52880000
12	52880001	52920000
12	52920001	52960000
12	52960001	53000000
12	53000001	53040000
12	53040001	53080000
12	53080001	53120000
12	53120001	53160000
12	53160001	53200000
12	53200001	53240000
12	53240001	53280000
12	53280001	53320000
12	53320001	53360000
12	53360001	53400000
12	53400001	53440000
12	53440001	53480000
12	53480001	53520000
12	53520001	53560000
12	53560001	53600000
12	53600001	53640000
12	53640001	53680000
12	53680001	53720000
12	53720001	53760000
12	53760001	53800000
12	53800001	53840000
12	53840001	53880000
12	53880001	53920000
12	53920001	53960000
12	53960001	54000000
12	54000001	54040000
12	54040001	54080000
12	54080001	54120000
12	54120001	54160000
12	54160001	54200000
12	54200001	54240000
12	54240001	54280000
12	54280001	54320000
12	54320001	54360000
12	54360001	54400000
12	54400001	54440000
12	54440001	54480000
12	54480001	54520000
12	54520001	54560000
12	54560001	54600000
12	54600001	54640000
12	54640001	54680000
12	54680001	54720000
12	54720001	54760000
12	54760001	54800000
12	54800001	54840000
12	54840001	54880000
12	54880001	54920000
12	54920001	54960000
12	54960001	55000000
12	55000001	55040000
12	55040001	55080000
12	55080001	55120000
12	55120001	55160000
12	55160001	55200000
12	55200001	55240000
12	55240001	55280000
12	55280001	55320000
12	55320001	55360000
12	55360001	55400000
12	55400001	55440000
12	55440001	55480000
12	55480001	55520000
12	55520001	55560000
12	55560001	55600000
12	55600001	55640000
12	55640001	55680000
12	55680001	55720000
12	55720001	55760000
12	55760001	55800000
12	55800001	55840000
12	55840001	55880000
12	55880001	55920000
12	55920001	55960000
12	55960001	56000000
12	56000001	56040000
12	56040001	56080000
12	56080001	56120000
12	56120001	56160000
12	56160001	56200000
12	56200001	56240000
12	56240001	56280000
12	56280001	56320000
12	56320001	56360000
12	56360001	56400000
12	56400001	56440000
12	56440001	56480000
12	56480001	56520000
12	56520001	56560000
12	56560001	56600000
12	56600001	56640000
12	56640001	56680000
12	56680001	56720000
12	56720001	56760000
12	56760001	56800000
12	56800001	56840000
12	56840001	56880000
12	56880001	56920000
12	56920001	56960000
12	56960001	57000000
12	57000001	57040000
12	57040001	57080000
12	57080001	57120000
12	57120001	57160000
12	57160001	57200000
12	57200001	57240000
12	57240001	57280000
12	57280001	57320000
12	57320001	57360000
12	57360001	57400000
12	57400001	57440000
12	57440001	57480000
12	57480001	57520000
12	57520001	57560000
12	57560001	57600000
12	57600001	57640000
12	57640001	57680000
12	57680001	57720000
12	57720001	57760000
12	57760001	57800000
12	57800001	57840000
12	57840001	57880000
12	57880001	57920000
12	57920001	57960000
12	57960001	58000000
12	58000001	58040000
12	58040001	58080000
12	58080001	58120000
12	58120001	58160000
12	58160001	58200000
12	58200001	58240000
12	58240001	58280000
12	58280001	58320000
12	58320001	58360000
12	58360001	58400000
12	58400001	58440000
12	58440001	58480000
12	58480001	58520000
12	58520001	58560000
12	58560001	58600000
12	58600001	58640000
12	58640001	58680000
12	58680001	58720000
12	58720001	58760000
12	58760001	58800000
12	58800001	58840000
12	58840001	58880000
12	58880001	58920000
12	58920001	58960000
12	58960001	59000000
12	59000001	59040000
12	59040001	59080000
12	59080001	59120000
12	59120001	59160000
12	59160001	59200000
12	59200001	59240000
12	59240001	59280000
12	59280001	59320000
12	59320001	59360000
12	59360001	59400000
12	59400001	59440000
12	59440001	59480000
12	59480001	59520000
12	59520001	59560000
12	59560001	59600000
12	59600001	59640000
12	59640001	59680000
12	59680001	59720000
12	59720001	59760000
12	59760001	59800000
12	59800001	59840000
12	59840001	59880000
12	59880001	59920000
12	59920001	59960000
12	59960001	60000000
12	60000001	60040000
12	60040001	60080000
12	60080001	60120000
12	60120001	60160000
12	60160001	60200000
12	60200001	60240000
12	60240001	60280000
12	60280001	60320000
12	60320001	60360000
12	60360001	60400000
12	60400001	60440000
12	60440001	60480000
12	60480001	60520000
12	60520001	60560000
12	60560001	60600000
12	60600001	60640000
12	60640001	60680000
12	60680001	60720000
12	60720001	60760000
12	60760001	60800000
12	60800001	60840000
12	60840001	60880000
12	60880001	60920000
12	60920001	60960000
12	60960001	61000000
12	61000001	61040000
12	61040001	61080000
12	61080001	61120000
12	61120001	61160000
12	61160001	61200000
12	61200001	61240000
12	61240001	61280000
12	61280001	61320000
12	61320001	61360000
12	61360001	61400000
12	61400001	61440000
12	61440001	61480000
12	61480001	61520000
12	61520001	61560000
12	61560001	61600000
12	61600001	61640000
12	61640001	61680000
12	61680001	61720000
12	61720001	61760000
12	61760001	61800000
12	61800001	61840000
12	61840001	61880000
12	61880001	61920000
12	61920001	61960000
12	61960001	62000000
12	62000001	62040000
12	62040001	62080000
12	62080001	62120000
12	62120001	62160000
12	62160001	62200000
12	62200001	62240000
12	62240001	62280000
12	62280001	62320000
12	62320001	62360000
12	62360001	62400000
12	62400001	62440000
12	62440001	62480000
12	62480001	62520000
12	62520001	62560000
12	62560001	62600000
12	62600001	62640000
12	62640001	62680000
12	62680001	62720000
12	62720001	62760000
12	62760001	62800000
12	62800001	62840000
12	62840001	62880000
12	62880001	62920000
12	62920001	62960000
12	62960001	63000000
12	63000001	63040000
12	63040001	63080000
12	63080001	63120000
12	63120001	63160000
12	63160001	63200000
12	63200001	63240000
12	63240001	63280000
12	63280001	63320000
12	63320001	63360000
12	63360001	63400000
12	63400001	63440000
12	63440001	63480000
12	63480001	63520000
12	63520001	63560000
12	63560001	63600000
12	63600001	63640000
12	63640001	63680000
12	63680001	63720000
12	63720001	63760000
12	63760001	63800000
12	63800001	63840000
12	63840001	63880000
12	63880001	63920000
12	63920001	63960000
12	63960001	64000000
12	64000001	64040000
12	64040001	64080000
12	64080001	64120000
12	64120001	64160000
12	64160001	64200000
12	64200001	64240000
12	64240001	64280000
12	64280001	64320000
12	64320001	64360000
12	64360001	64400000
12	64400001	64440000
12	64440001	64480000
12	64480001	64520000
12	64520001	64560000
12	64560001	64600000
12	64600001	64640000
12	64640001	64680000
12	64680001	64720000
12	64720001	64760000
12	64760001	64800000
12	64800001	64840000
12	64840001	64880000
12	64880001	64920000
12	64920001	64960000
12	64960001	65000000
12	65000001	65040000
12	65040001	65080000
12	65080001	65120000
12	65120001	65160000
12	65160001	65200000
12	65200001	65240000
12	65240001	65280000
12	65280001	65320000
12	65320001	65360000
12	65360001	65400000
12	65400001	65440000
12	65440001	65480000
12	65480001	65520000
12	65520001	65560000
12	65560001	65600000
12	65600001	65640000
12	65640001	65680000
12	65680001	65720000
12	65720001	65760000
12	65760001	65800000
12	65800001	65840000
12	65840001	65880000
12	65880001	65920000
12	65920001	65960000
12	65960001	66000000
12	66000001	66040000
12	66040001	66080000
12	66080001	66120000
12	66120001	66160000
12	66160001	66200000
12	66200001	66240000
12	66240001	66280000
12	66280001	66320000
12	66320001	66360000
12	66360001	66400000
12	66400001	66440000
12	66440001	66480000
12	66480001	66520000
12	66520001	66560000
12	66560001	66600000
12	66600001	66640000
12	66640001	66680000
12	66680001	66720000
12	66720001	66760000
12	66760001	66800000
12	66800001	66840000
12	66840001	66880000
12	66880001	66920000
12	66920001	66960000
12	66960001	67000000
12	67000001	67040000
12	67040001	67080000
12	67080001	67120000
12	67120001	67160000
12	67160001	67200000
12	67200001	67240000
12	67240001	67280000
12	67280001	67320000
12	67320001	67360000
12	67360001	67400000
12	67400001	67440000
12	67440001	67480000
12	67480001	67520000
12	67520001	67560000
12	67560001	67600000
12	67600001	67640000
12	67640001	67680000
12	67680001	67720000
12	67720001	67760000
12	67760001	67800000
12	67800001	67840000
12	67840001	67880000
12	67880001	67920000
12	67920001	67960000
12	67960001	68000000
12	68000001	68040000
12	68040001	68080000
12	68080001	68120000
12	68120001	68160000
12	68160001	68200000
12	68200001	68240000
12	68240001	68280000
12	68280001	68320000
12	68320001	68360000
12	68360001	68400000
12	68400001	68440000
12	68440001	68480000
12	68480001	68520000
12	68520001	68560000
12	68560001	68600000
12	68600001	68640000
12	68640001	68680000
12	68680001	68720000
12	68720001	68760000
12	68760001	68800000
12	68800001	68840000
12	68840001	68880000
12	68880001	68920000
12	68920001	68960000
12	68960001	69000000
12	69000001	69040000
12	69040001	69080000
12	69080001	69120000
12	69120001	69160000
12	69160001	69200000
12	69200001	69240000
12	69240001	69280000
12	69280001	69320000
12	69320001	69360000
12	69360001	69400000
12	69400001	69440000
12	69440001	69480000
12	69480001	69520000
12	69520001	69560000
12	69560001	69600000
12	69600001	69640000
12	69640001	69680000
12	69680001	69720000
12	69720001	69760000
12	69760001	69800000
12	69800001	69840000
12	69840001	69880000
12	69880001	69920000
12	69920001	69960000
12	69960001	70000000
12	70000001	70040000
12	70040001	70080000
12	70080001	70120000
12	70120001	70160000
12	70160001	70200000
12	70200001	70240000
12	70240001	70280000
12	70280001	70320000
12	70320001	70360000
12	70360001	70400000
12	70400001	70440000
12	70440001	70480000
12	70480001	70520000
12	70520001	70560000
12	70560001	70600000
12	70600001	70640000
12	70640001	70680000
12	70680001	70720000
12	70720001	70760000
12	70760001	70800000
12	70800001	70840000
12	70840001	70880000
12	70880001	70920000
12	70920001	70960000
12	70960001	71000000
12	71000001	71040000
12	71040001	71080000
12	71080001	71120000
12	71120001	71160000
12	71160001	71200000
12	71200001	71240000
12	71240001	71280000
12	71280001	71320000
12	71320001	71360000
12	71360001	71400000
12	71400001	71440000
12	71440001	71480000
12	71480001	71520000
12	71520001	71560000
12	71560001	71600000
12	71600001	71640000
12	71640001	71680000
12	71680001	71720000
12	71720001	71760000
12	71760001	71800000
12	71800001	71840000
12	71840001	71880000
12	71880001	71920000
12	71920001	71960000
12	71960001	72000000
12	72000001	72040000
12	72040001	72080000
12	72080001	72120000
12	72120001	72160000
12	72160001	72200000
12	72200001	72240000
12	72240001	72280000
12	72280001	72320000
12	72320001	72360000
12	72360001	72400000
12	72400001	72440000
12	72440001	72480000
12	72480001	72520000
12	72520001	72560000
12	72560001	72600000
12	72600001	72640000
12	72640001	72680000
12	72680001	72720000
12	72720001	72760000
12	72760001	72800000
12	72800001	72840000
12	72840001	72880000
12	72880001	72920000
12	72920001	72960000
12	72960001	73000000
12	73000001	73040000
12	73040001	73080000
12	73080001	73120000
12	73120001	73160000
12	73160001	73200000
12	73200001	73240000
12	73240001	73280000
12	73280001	73320000
12	73320001	73360000
12	73360001	73400000
12	73400001	73440000
12	73440001	73480000
12	73480001	73520000
12	73520001	73560000
12	73560001	73600000
12	73600001	73640000
12	73640001	73680000
12	73680001	73720000
12	73720001	73760000
12	73760001	73800000
12	73800001	73840000
12	73840001	73880000
12	73880001	73920000
12	73920001	73960000
12	73960001	74000000
12	74000001	74040000
12	74040001	74080000
12	74080001	74120000
12	74120001	74160000
12	74160001	74200000
12	74200001	74240000
12	74240001	74280000
12	74280001	74320000
12	74320001	74360000
12	74360001	74400000
12	74400001	74440000
12	74440001	74480000
12	74480001	74520000
12	74520001	74560000
12	74560001	74600000
12	74600001	74640000
12	74640001	74680000
12	74680001	74720000
12	74720001	74760000
12	74760001	74800000
12	74800001	74840000
12	74840001	74880000
12	74880001	74920000
12	74920001	74960000
12	74960001	75000000
12	75000001	75040000
12	75040001	75080000
12	75080001	75120000
12	75120001	75160000
12	75160001	75200000
12	75200001	75240000
12	75240001	75280000
12	75280001	75320000
12	75320001	75360000
12	75360001	75400000
12	75400001	75440000
12	75440001	75480000
12	75480001	75520000
12	75520001	75560000
12	75560001	75600000
12	75600001	75640000
12	75640001	75680000
12	75680001	75720000
12	75720001	75760000
12	75760001	75800000
12	75800001	75840000
12	75840001	75880000
12	75880001	75920000
12	75920001	75960000
12	75960001	76000000
12	76000001	76040000
12	76040001	76080000
12	76080001	76120000
12	76120001	76160000
12	76160001	76200000
12	76200001	76240000
12	76240001	76280000
12	76280001	76320000
12	76320001	76360000
12	76360001	76400000
12	76400001	76440000
12	76440001	76480000
12	76480001	76520000
12	76520001	76560000
12	76560001	76600000
12	76600001	76640000
12	76640001	76680000
12	76680001	76720000
12	76720001	76760000
12	76760001	76800000
12	76800001	76840000
12	76840001	76880000
12	76880001	76920000
12	76920001	76960000
12	76960001	77000000
12	77000001	77040000
12	77040001	77080000
12	77080001	77120000
12	77120001	77160000
12	77160001	77200000
12	77200001	77240000
12	77240001	77280000
12	77280001	77320000
12	77320001	77360000
12	77360001	77400000
12	77400001	77440000
12	77440001	77480000
12	77480001	77520000
12	77520001	77560000
12	77560001	77600000
12	77600001	77640000
12	77640001	77680000
12	77680001	77720000
12	77720001	77760000
12	77760001	77800000
12	77800001	77840000
12	77840001	77880000
12	77880001	77920000
12	77920001	77960000
12	77960001	78000000
12	78000001	78040000
12	78040001	78080000
12	78080001	78120000
12	78120001	78160000
12	78160001	78200000
12	78200001	78240000
12	78240001	78280000
12	78280001	78320000
12	78320001	78360000
12	78360001	78400000
12	78400001	78440000
12	78440001	78480000
12	78480001	78520000
12	78520001	78560000
12	78560001	78600000
12	78600001	78640000
12	78640001	78680000
12	78680001	78720000
12	78720001	78760000
12	78760001	78800000
12	78800001	78840000
12	78840001	78880000
12	78880001	78920000
12	78920001	78960000
12	78960001	79000000
12	79000001	79040000
12	79040001	79080000
12	79080001	79120000
12	79120001	79160000
12	79160001	79200000
12	79200001	79240000
12	79240001	79280000
12	79280001	79320000
12	79320001	79360000
12	79360001	79400000
12	79400001	79440000
12	79440001	79480000
12	79480001	79520000
12	79520001	79560000
12	79560001	79600000
12	79600001	79640000
12	79640001	79680000
12	79680001	79720000
12	79720001	79760000
12	79760001	79800000
12	79800001	79840000
12	79840001	79880000
12	79880001	79920000
12	79920001	79960000
12	79960001	80000000
12	80000001	80040000
12	80040001	80080000
12	80080001	80120000
12	80120001	80160000
12	80160001	80200000
12	80200001	80240000
12	80240001	80280000
12	80280001	80320000
12	80320001	80360000
12	80360001	80400000
12	80400001	80440000
12	80440001	80480000
12	80480001	80520000
12	80520001	80560000
12	80560001	80600000
12	80600001	80640000
12	80640001	80680000
12	80680001	80720000
12	80720001	80760000
12	80760001	80800000
12	80800001	80840000
12	80840001	80880000
12	80880001	80920000
12	80920001	80960000
12	80960001	81000000
12	81000001	81040000
12	81040001	81080000
12	81080001	81120000
12	81120001	81160000
12	81160001	81200000
12	81200001	81240000
12	81240001	81280000
12	81280001	81320000
12	81320001	81360000
12	81360001	81400000
12	81400001	81440000
12	81440001	81480000
12	81480001	81520000
12	81520001	81560000
12	81560001	81600000
12	81600001	81640000
12	81640001	81680000
12	81680001	81720000
12	81720001	81760000
12	81760001	81800000
12	81800001	81840000
12	81840001	81880000
12	81880001	81920000
12	81920001	81960000
12	81960001	82000000
12	82000001	82040000
12	82040001	82080000
12	82080001	82120000
12	82120001	82160000
12	82160001	82200000
12	82200001	82240000
12	82240001	82280000
12	82280001	82320000
12	82320001	82360000
12	82360001	82400000
12	82400001	82440000
12	82440001	82480000
12	82480001	82520000
12	82520001	82560000
12	82560001	82600000
12	82600001	82640000
12	82640001	82680000
12	82680001	82720000
12	82720001	82760000
12	82760001	82800000
12	82800001	82840000
12	82840001	82880000
12	82880001	82920000
12	82920001	82960000
12	82960001	83000000
12	83000001	83040000
12	83040001	83080000
12	83080001	83120000
12	83120001	83160000
12	83160001	83200000
12	83200001	83240000
12	83240001	83280000
12	83280001	83320000
12	83320001	83360000
12	83360001	83400000
12	83400001	83440000
12	83440001	83480000
12	83480001	83520000
12	83520001	83560000
12	83560001	83600000
12	83600001	83640000
12	83640001	83680000
12	83680001	83720000
12	83720001	83760000
12	83760001	83800000
12	83800001	83840000
12	83840001	83880000
12	83880001	83920000
12	83920001	83960000
12	83960001	84000000
12	84000001	84040000
12	84040001	84080000
12	84080001	84120000
12	84120001	84160000
12	84160001	84200000
12	84200001	84240000
12	84240001	84280000
12	84280001	84320000
12	84320001	84360000
12	84360001	84400000
12	84400001	84440000
12	84440001	84480000
12	84480001	84520000
12	84520001	84560000
12	84560001	84600000
12	84600001	84640000
12	84640001	84680000
12	84680001	84720000
12	84720001	84760000
12	84760001	84800000
12	84800001	84840000
12	84840001	84880000
12	84880001	84920000
12	84920001	84960000
12	84960001	85000000
12	85000001	85040000
12	85040001	85080000
12	85080001	85120000
12	85120001	85160000
12	85160001	85200000
12	85200001	85240000
12	85240001	85280000
12	85280001	85320000
12	85320001	85360000
12	85360001	85400000
12	85400001	85440000
12	85440001	85480000
12	85480001	85520000
12	85520001	85560000
12	85560001	85600000
12	85600001	85640000
12	85640001	85680000
12	85680001	85720000
12	85720001	85760000
12	85760001	85800000
12	85800001	85840000
12	85840001	85880000
12	85880001	85920000
12	85920001	85960000
12	85960001	86000000
12	86000001	86040000
12	86040001	86080000
12	86080001	86120000
12	86120001	86160000
12	86160001	86200000
12	86200001	86240000
12	86240001	86280000
12	86280001	86320000
12	86320001	86360000
12	86360001	86400000
12	86400001	86440000
12	86440001	86480000
12	86480001	86520000
12	86520001	86560000
12	86560001	86600000
12	86600001	86640000
12	86640001	86680000
12	86680001	86720000
12	86720001	86760000
12	86760001	86800000
12	86800001	86840000
12	86840001	86880000
12	86880001	86920000
12	86920001	86960000
12	86960001	87000000
12	87000001	87040000
12	87040001	87080000
12	87080001	87120000
12	87120001	87160000
12	87160001	87200000
12	87200001	87240000
12	87240001	87280000
12	87280001	87320000
12	87320001	87360000
12	87360001	87400000
12	87400001	87440000
12	87440001	87480000
12	87480001	87520000
12	87520001	87560000
12	87560001	87600000
12	87600001	87640000
12	87640001	87680000
12	87680001	87720000
12	87720001	87760000
12	87760001	87800000
12	87800001	87840000
12	87840001	87880000
12	87880001	87920000
12	87920001	87960000
12	87960001	88000000
12	88000001	88040000
12	88040001	88080000
12	88080001	88120000
12	88120001	88160000
12	88160001	88200000
12	88200001	88240000
12	88240001	88280000
12	88280001	88320000
12	88320001	88360000
12	88360001	88400000
12	88400001	88440000
12	88440001	88480000
12	88480001	88520000
12	88520001	88560000
12	88560001	88600000
12	88600001	88640000
12	88640001	88680000
12	88680001	88720000
12	88720001	88760000
12	88760001	88800000
12	88800001	88840000
12	88840001	88880000
12	88880001	88920000
12	88920001	88960000
12	88960001	89000000
12	89000001	89040000
12	89040001	89080000
12	89080001	89120000
12	89120001	89160000
12	89160001	89200000
12	89200001	89240000
12	89240001	89280000
12	89280001	89320000
12	89320001	89360000
12	89360001	89400000
12	89400001	89440000
12	89440001	89480000
12	89480001	89520000
12	89520001	89560000
12	89560001	89600000
12	89600001	89640000
12	89640001	89680000
12	89680001	89720000
12	89720001	89760000
12	89760001	89800000
12	89800001	89840000
12	89840001	89880000
12	89880001	89920000
12	89920001	89960000
12	89960001	90000000
12	90000001	90040000
12	90040001	90080000
12	90080001	90120000
12	90120001	90160000
12	90160001	90200000
12	90200001	90240000
12	90240001	90280000
12	90280001	90320000
12	90320001	90360000
12	90360001	90400000
12	90400001	90440000
12	90440001	90480000
12	90480001	90520000
12	90520001	90560000
12	90560001	90600000
12	90600001	90640000
12	90640001	90680000
12	90680001	90720000
12	90720001	90760000
12	90760001	90800000
12	90800001	90840000
12	90840001	90880000
12	90880001	90920000
12	90920001	90960000
12	90960001	91000000
12	91000001	91040000
12	91040001	91080000
12	91080001	91120000
12	91120001	91160000
12	91160001	91200000
12	91200001	91240000
12	91240001	91280000
12	91280001	91320000
12	91320001	91360000
12	91360001	91400000
12	91400001	91440000
12	91440001	91480000
12	91480001	91520000
12	91520001	91560000
12	91560001	91600000
12	91600001	91640000
12	91640001	91680000
12	91680001	91720000
12	91720001	91760000
12	91760001	91800000
12	91800001	91840000
12	91840001	91880000
12	91880001	91920000
12	91920001	91960000
12	91960001	92000000
12	92000001	92040000
12	92040001	92080000
12	92080001	92120000
12	92120001	92160000
12	92160001	92200000
12	92200001	92240000
12	92240001	92280000
12	92280001	92320000
12	92320001	92360000
12	92360001	92400000
12	92400001	92440000
12	92440001	92480000
12	92480001	92520000
12	92520001	92560000
12	92560001	92600000
12	92600001	92640000
12	92640001	92680000
12	92680001	92720000
12	92720001	92760000
12	92760001	92800000
12	92800001	92840000
12	92840001	92880000
12	92880001	92920000
12	92920001	92960000
12	92960001	93000000
12	93000001	93040000
12	93040001	93080000
12	93080001	93120000
12	93120001	93160000
12	93160001	93200000
12	93200001	93240000
12	93240001	93280000
12	93280001	93320000
12	93320001	93360000
12	93360001	93400000
12	93400001	93440000
12	93440001	93480000
12	93480001	93520000
12	93520001	93560000
12	93560001	93600000
12	93600001	93640000
12	93640001	93680000
12	93680001	93720000
12	93720001	93760000
12	93760001	93800000
12	93800001	93840000
12	93840001	93880000
12	93880001	93920000
12	93920001	93960000
12	93960001	94000000
12	94000001	94040000
12	94040001	94080000
12	94080001	94120000
12	94120001	94160000
12	94160001	94200000
12	94200001	94240000
12	94240001	94280000
12	94280001	94320000
12	94320001	94360000
12	94360001	94400000
12	94400001	94440000
12	94440001	94480000
12	94480001	94520000
12	94520001	94560000
12	94560001	94600000
12	94600001	94640000
12	94640001	94680000
12	94680001	94720000
12	94720001	94760000
12	94760001	94800000
12	94800001	94840000
12	94840001	94880000
12	94880001	94920000
12	94920001	94960000
12	94960001	95000000
12	95000001	95040000
12	95040001	95080000
12	95080001	95120000
12	95120001	95160000
12	95160001	95200000
12	95200001	95240000
12	95240001	95280000
12	95280001	95320000
12	95320001	95360000
12	95360001	95400000
12	95400001	95440000
12	95440001	95480000
12	95480001	95520000
12	95520001	95560000
12	95560001	95600000
12	95600001	95640000
12	95640001	95680000
12	95680001	95720000
12	95720001	95760000
12	95760001	95800000
12	95800001	95840000
12	95840001	95880000
12	95880001	95920000
12	95920001	95960000
12	95960001	96000000
12	96000001	96040000
12	96040001	96080000
12	96080001	96120000
12	96120001	96160000
12	96160001	96200000
12	96200001	96240000
12	96240001	96280000
12	96280001	96320000
12	96320001	96360000
12	96360001	96400000
12	96400001	96440000
12	96440001	96480000
12	96480001	96520000
12	96520001	96560000
12	96560001	96600000
12	96600001	96640000
12	96640001	96680000
12	96680001	96720000
12	96720001	96760000
12	96760001	96800000
12	96800001	96840000
12	96840001	96880000
12	96880001	96920000
12	96920001	96960000
12	96960001	97000000
12	97000001	97040000
12	97040001	97080000
12	97080001	97120000
12	97120001	97160000
12	97160001	97200000
12	97200001	97240000
12	97240001	97280000
12	97280001	97320000
12	97320001	97360000
12	97360001	97400000
12	97400001	97440000
12	97440001	97480000
12	97480001	97520000
12	97520001	97560000
12	97560001	97600000
12	97600001	97640000
12	97640001	97680000
12	97680001	97720000
12	97720001	97760000
12	97760001	97800000
12	97800001	97840000
12	97840001	97880000
12	97880001	97920000
12	97920001	97960000
12	97960001	98000000
12	98000001	98040000
12	98040001	98080000
12	98080001	98120000
12	98120001	98160000
12	98160001	98200000
12	98200001	98240000
12	98240001	98280000
12	98280001	98320000
12	98320001	98360000
12	98360001	98400000
12	98400001	98440000
12	98440001	98480000
12	98480001	98520000
12	98520001	98560000
12	98560001	98600000
12	98600001	98640000
12	98640001	98680000
12	98680001	98720000
12	98720001	98760000
12	98760001	98800000
12	98800001	98840000
12	98840001	98880000
12	98880001	98920000
12	98920001	98960000
12	98960001	99000000
12	99000001	99040000
12	99040001	99080000
12	99080001	99120000
12	99120001	99160000
12	99160001	99200000
12	99200001	99240000
12	99240001	99280000
12	99280001	99320000
12	99320001	99360000
12	99360001	99400000
12	99400001	99440000
12	99440001	99480000
12	99480001	99520000
12	99520001	99560000
12	99560001	99600000
12	99600001	99640000
12	99640001	99680000
12	99680001	99720000
12	99720001	99760000
12	99760001	99800000
12	99800001	99840000
12	99840001	99880000
12	99880001	99920000
12	99920001	99960000
12	99960001	100000000
12	100000001	100040000
12	100040001	100080000
12	100080001	100120000
12	100120001	100160000
12	100160001	100200000
12	100200001	100240000
12	100240001	100280000
12	100280001	100320000
12	100320001	100360000
12	100360001	100400000
12	100400001	100440000
12	100440001	100480000
12	100480001	100520000
12	100520001	100560000
12	100560001	100600000
12	100600001	100640000
12	100640001	100680000
12	100680001	100720000
12	100720001	100760000
12	100760001	100800000
12	100800001	100840000
12	100840001	100880000
12	100880001	100920000
12	100920001	100960000
12	100960001	101000000
12	101000001	101040000
12	101040001	101080000
12	101080001	101120000
12	101120001	101160000
12	101160001	101200000
12	101200001	101240000
12	101240001	101280000
12	101280001	101320000
12	101320001	101360000
12	101360001	101400000
12	101400001	101440000
12	101440001	101480000
12	101480001	101520000
12	101520001	101560000
12	101560001	101600000
12	101600001	101640000
12	101640001	101680000
12	101680001	101720000
12	101720001	101760000
12	101760001	101800000
12	101800001	101840000
12	101840001	101880000
12	101880001	101920000
12	101920001	101960000
12	101960001	102000000
12	102000001	102040000
12	102040001	102080000
12	102080001	102120000
12	102120001	102160000
12	102160001	102200000
12	102200001	102240000
12	102240001	102280000
12	102280001	102320000
12	102320001	102360000
12	102360001	102400000
12	102400001	102440000
12	102440001	102480000
12	102480001	102520000
12	102520001	102560000
12	102560001	102600000
12	102600001	102640000
12	102640001	102680000
12	102680001	102720000
12	102720001	102760000
12	102760001	102800000
12	102800001	102840000
12	102840001	102880000
12	102880001	102920000
12	102920001	102960000
12	102960001	103000000
12	103000001	103040000
12	103040001	103080000
12	103080001	103120000
12	103120001	103160000
12	103160001	103200000
12	103200001	103240000
12	103240001	103280000
12	103280001	103320000
12	103320001	103360000
12	103360001	103400000
12	103400001	103440000
12	103440001	103480000
12	103480001	103520000
12	103520001	103560000
12	103560001	103600000
12	103600001	103640000
12	103640001	103680000
12	103680001	103720000
12	103720001	103760000
12	103760001	103800000
12	103800001	103840000
12	103840001	103880000
12	103880001	103920000
12	103920001	103960000
12	103960001	104000000
12	104000001	104040000
12	104040001	104080000
12	104080001	104120000
12	104120001	104160000
12	104160001	104200000
12	104200001	104240000
12	104240001	104280000
12	104280001	104320000
12	104320001	104360000
12	104360001	104400000
12	104400001	104440000
12	104440001	104480000
12	104480001	104520000
12	104520001	104560000
12	104560001	104600000
12	104600001	104640000
12	104640001	104680000
12	104680001	104720000
12	104720001	104760000
12	104760001	104800000
12	104800001	104840000
12	104840001	104880000
12	104880001	104920000
12	104920001	104960000
12	104960001	105000000
12	105000001	105040000
12	105040001	105080000
12	105080001	105120000
12	105120001	105160000
12	105160001	105200000
12	105200001	105240000
12	105240001	105280000
12	105280001	105320000
12	105320001	105360000
12	105360001	105400000
12	105400001	105440000
12	105440001	105480000
12	105480001	105520000
12	105520001	105560000
12	105560001	105600000
12	105600001	105640000
12	105640001	105680000
12	105680001	105720000
12	105720001	105760000
12	105760001	105800000
12	105800001	105840000
12	105840001	105880000
12	105880001	105920000
12	105920001	105960000
12	105960001	106000000
12	106000001	106040000
12	106040001	106080000
12	106080001	106120000
12	106120001	106160000
12	106160001	106200000
12	106200001	106240000
12	106240001	106280000
12	106280001	106320000
12	106320001	106360000
12	106360001	106400000
12	106400001	106440000
12	106440001	106480000
12	106480001	106520000
12	106520001	106560000
12	106560001	106600000
12	106600001	106640000
12	106640001	106680000
12	106680001	106720000
12	106720001	106760000
12	106760001	106800000
12	106800001	106840000
12	106840001	106880000
12	106880001	106920000
12	106920001	106960000
12	106960001	107000000
12	107000001	107040000
12	107040001	107080000
12	107080001	107120000
12	107120001	107160000
12	107160001	107200000
12	107200001	107240000
12	107240001	107280000
12	107280001	107320000
12	107320001	107360000
12	107360001	107400000
12	107400001	107440000
12	107440001	107480000
12	107480001	107520000
12	107520001	107560000
12	107560001	107600000
12	107600001	107640000
12	107640001	107680000
12	107680001	107720000
12	107720001	107760000
12	107760001	107800000
12	107800001	107840000
12	107840001	107880000
12	107880001	107920000
12	107920001	107960000
12	107960001	108000000
12	108000001	108040000
12	108040001	108080000
12	108080001	108120000
12	108120001	108160000
12	108160001	108200000
12	108200001	108240000
12	108240001	108280000
12	108280001	108320000
12	108320001	108360000
12	108360001	108400000
12	108400001	108440000
12	108440001	108480000
12	108480001	108520000
12	108520001	108560000
12	108560001	108600000
12	108600001	108640000
12	108640001	108680000
12	108680001	108720000
12	108720001	108760000
12	108760001	108800000
12	108800001	108840000
12	108840001	108880000
12	108880001	108920000
12	108920001	108960000
12	108960001	109000000
12	109000001	109040000
12	109040001	109080000
12	109080001	109120000
12	109120001	109160000
12	109160001	109200000
12	109200001	109240000
12	109240001	109280000
12	109280001	109320000
12	109320001	109360000
12	109360001	109400000
12	109400001	109440000
12	109440001	109480000
12	109480001	109520000
12	109520001	109560000
12	109560001	109600000
12	109600001	109640000
12	109640001	109680000
12	109680001	109720000
12	109720001	109760000
12	109760001	109800000
12	109800001	109840000
12	109840001	109880000
12	109880001	109920000
12	109920001	109960000
12	109960001	110000000
12	110000001	110040000
12	110040001	110080000
12	110080001	110120000
12	110120001	110160000
12	110160001	110200000
12	110200001	110240000
12	110240001	110280000
12	110280001	110320000
12	110320001	110360000
12	110360001	110400000
12	110400001	110440000
12	110440001	110480000
12	110480001	110520000
12	110520001	110560000
12	110560001	110600000
12	110600001	110640000
12	110640001	110680000
12	110680001	110720000
12	110720001	110760000
12	110760001	110800000
12	110800001	110840000
12	110840001	110880000
12	110880001	110920000
12	110920001	110960000
12	110960001	111000000
12	111000001	111040000
12	111040001	111080000
12	111080001	111120000
12	111120001	111160000
12	111160001	111200000
12	111200001	111240000
12	111240001	111280000
12	111280001	111320000
12	111320001	111360000
12	111360001	111400000
12	111400001	111440000
12	111440001	111480000
12	111480001	111520000
12	111520001	111560000
12	111560001	111600000
12	111600001	111640000
12	111640001	111680000
12	111680001	111720000
12	111720001	111760000
12	111760001	111800000
12	111800001	111840000
12	111840001	111880000
12	111880001	111920000
12	111920001	111960000
12	111960001	112000000
12	112000001	112040000
12	112040001	112080000
12	112080001	112120000
12	112120001	112160000
12	112160001	112200000
12	112200001	112240000
12	112240001	112280000
12	112280001	112320000
12	112320001	112360000
12	112360001	112400000
12	112400001	112440000
12	112440001	112480000
12	112480001	112520000
12	112520001	112560000
12	112560001	112600000
12	112600001	112640000
12	112640001	112680000
12	112680001	112720000
12	112720001	112760000
12	112760001	112800000
12	112800001	112840000
12	112840001	112880000
12	112880001	112920000
12	112920001	112960000
12	112960001	113000000
12	113000001	113040000
12	113040001	113080000
12	113080001	113120000
12	113120001	113160000
12	113160001	113200000
12	113200001	113240000
12	113240001	113280000
12	113280001	113320000
12	113320001	113360000
12	113360001	113400000
12	113400001	113440000
12	113440001	113480000
12	113480001	113520000
12	113520001	113560000
12	113560001	113600000
12	113600001	113640000
12	113640001	113680000
12	113680001	113720000
12	113720001	113760000
12	113760001	113800000
12	113800001	113840000
12	113840001	113880000
12	113880001	113920000
12	113920001	113960000
12	113960001	114000000
12	114000001	114040000
12	114040001	114080000
12	114080001	114120000
12	114120001	114160000
12	114160001	114200000
12	114200001	114240000
12	114240001	114280000
12	114280001	114320000
12	114320001	114360000
12	114360001	114400000
12	114400001	114440000
12	114440001	114480000
12	114480001	114520000
12	114520001	114560000
12	114560001	114600000
12	114600001	114640000
12	114640001	114680000
12	114680001	114720000
12	114720001	114760000
12	114760001	114800000
12	114800001	114840000
12	114840001	114880000
12	114880001	114920000
12	114920001	114960000
12	114960001	115000000
12	115000001	115040000
12	115040001	115080000
12	115080001	115120000
12	115120001	115160000
12	115160001	115169878
