10	1	40000
10	40001	80000
10	80001	120000
10	120001	160000
10	160001	200000
10	200001	240000
10	240001	280000
10	280001	320000
10	320001	360000
10	360001	400000
10	400001	440000
10	440001	480000
10	480001	520000
10	520001	560000
10	560001	600000
10	600001	640000
10	640001	680000
10	680001	720000
10	720001	760000
10	760001	800000
10	800001	840000
10	840001	880000
10	880001	920000
10	920001	960000
10	960001	1000000
10	1000001	1040000
10	1040001	1080000
10	1080001	1120000
10	1120001	1160000
10	1160001	1200000
10	1200001	1240000
10	1240001	1280000
10	1280001	1320000
10	1320001	1360000
10	1360001	1400000
10	1400001	1440000
10	1440001	1480000
10	1480001	1520000
10	1520001	1560000
10	1560001	1600000
10	1600001	1640000
10	1640001	1680000
10	1680001	1720000
10	1720001	1760000
10	1760001	1800000
10	1800001	1840000
10	1840001	1880000
10	1880001	1920000
10	1920001	1960000
10	1960001	2000000
10	2000001	2040000
10	2040001	2080000
10	2080001	2120000
10	2120001	2160000
10	2160001	2200000
10	2200001	2240000
10	2240001	2280000
10	2280001	2320000
10	2320001	2360000
10	2360001	2400000
10	2400001	2440000
10	2440001	2480000
10	2480001	2520000
10	2520001	2560000
10	2560001	2600000
10	2600001	2640000
10	2640001	2680000
10	2680001	2720000
10	2720001	2760000
10	2760001	2800000
10	2800001	2840000
10	2840001	2880000
10	2880001	2920000
10	2920001	2960000
10	2960001	3000000
10	3000001	3040000
10	3040001	3080000
10	3080001	3120000
10	3120001	3160000
10	3160001	3200000
10	3200001	3240000
10	3240001	3280000
10	3280001	3320000
10	3320001	3360000
10	3360001	3400000
10	3400001	3440000
10	3440001	3480000
10	3480001	3520000
10	3520001	3560000
10	3560001	3600000
10	3600001	3640000
10	3640001	3680000
10	3680001	3720000
10	3720001	3760000
10	3760001	3800000
10	3800001	3840000
10	3840001	3880000
10	3880001	3920000
10	3920001	3960000
10	3960001	4000000
10	4000001	4040000
10	4040001	4080000
10	4080001	4120000
10	4120001	4160000
10	4160001	4200000
10	4200001	4240000
10	4240001	4280000
10	4280001	4320000
10	4320001	4360000
10	4360001	4400000
10	4400001	4440000
10	4440001	4480000
10	4480001	4520000
10	4520001	4560000
10	4560001	4600000
10	4600001	4640000
10	4640001	4680000
10	4680001	4720000
10	4720001	4760000
10	4760001	4800000
10	4800001	4840000
10	4840001	4880000
10	4880001	4920000
10	4920001	4960000
10	4960001	5000000
10	5000001	5040000
10	5040001	5080000
10	5080001	5120000
10	5120001	5160000
10	5160001	5200000
10	5200001	5240000
10	5240001	5280000
10	5280001	5320000
10	5320001	5360000
10	5360001	5400000
10	5400001	5440000
10	5440001	5480000
10	5480001	5520000
10	5520001	5560000
10	5560001	5600000
10	5600001	5640000
10	5640001	5680000
10	5680001	5720000
10	5720001	5760000
10	5760001	5800000
10	5800001	5840000
10	5840001	5880000
10	5880001	5920000
10	5920001	5960000
10	5960001	6000000
10	6000001	6040000
10	6040001	6080000
10	6080001	6120000
10	6120001	6160000
10	6160001	6200000
10	6200001	6240000
10	6240001	6280000
10	6280001	6320000
10	6320001	6360000
10	6360001	6400000
10	6400001	6440000
10	6440001	6480000
10	6480001	6520000
10	6520001	6560000
10	6560001	6600000
10	6600001	6640000
10	6640001	6680000
10	6680001	6720000
10	6720001	6760000
10	6760001	6800000
10	6800001	6840000
10	6840001	6880000
10	6880001	6920000
10	6920001	6960000
10	6960001	7000000
10	7000001	7040000
10	7040001	7080000
10	7080001	7120000
10	7120001	7160000
10	7160001	7200000
10	7200001	7240000
10	7240001	7280000
10	7280001	7320000
10	7320001	7360000
10	7360001	7400000
10	7400001	7440000
10	7440001	7480000
10	7480001	7520000
10	7520001	7560000
10	7560001	7600000
10	7600001	7640000
10	7640001	7680000
10	7680001	7720000
10	7720001	7760000
10	7760001	7800000
10	7800001	7840000
10	7840001	7880000
10	7880001	7920000
10	7920001	7960000
10	7960001	8000000
10	8000001	8040000
10	8040001	8080000
10	8080001	8120000
10	8120001	8160000
10	8160001	8200000
10	8200001	8240000
10	8240001	8280000
10	8280001	8320000
10	8320001	8360000
10	8360001	8400000
10	8400001	8440000
10	8440001	8480000
10	8480001	8520000
10	8520001	8560000
10	8560001	8600000
10	8600001	8640000
10	8640001	8680000
10	8680001	8720000
10	8720001	8760000
10	8760001	8800000
10	8800001	8840000
10	8840001	8880000
10	8880001	8920000
10	8920001	8960000
10	8960001	9000000
10	9000001	9040000
10	9040001	9080000
10	9080001	9120000
10	9120001	9160000
10	9160001	9200000
10	9200001	9240000
10	9240001	9280000
10	9280001	9320000
10	9320001	9360000
10	9360001	9400000
10	9400001	9440000
10	9440001	9480000
10	9480001	9520000
10	9520001	9560000
10	9560001	9600000
10	9600001	9640000
10	9640001	9680000
10	9680001	9720000
10	9720001	9760000
10	9760001	9800000
10	9800001	9840000
10	9840001	9880000
10	9880001	9920000
10	9920001	9960000
10	9960001	10000000
10	10000001	10040000
10	10040001	10080000
10	10080001	10120000
10	10120001	10160000
10	10160001	10200000
10	10200001	10240000
10	10240001	10280000
10	10280001	10320000
10	10320001	10360000
10	10360001	10400000
10	10400001	10440000
10	10440001	10480000
10	10480001	10520000
10	10520001	10560000
10	10560001	10600000
10	10600001	10640000
10	10640001	10680000
10	10680001	10720000
10	10720001	10760000
10	10760001	10800000
10	10800001	10840000
10	10840001	10880000
10	10880001	10920000
10	10920001	10960000
10	10960001	11000000
10	11000001	11040000
10	11040001	11080000
10	11080001	11120000
10	11120001	11160000
10	11160001	11200000
10	11200001	11240000
10	11240001	11280000
10	11280001	11320000
10	11320001	11360000
10	11360001	11400000
10	11400001	11440000
10	11440001	11480000
10	11480001	11520000
10	11520001	11560000
10	11560001	11600000
10	11600001	11640000
10	11640001	11680000
10	11680001	11720000
10	11720001	11760000
10	11760001	11800000
10	11800001	11840000
10	11840001	11880000
10	11880001	11920000
10	11920001	11960000
10	11960001	12000000
10	12000001	12040000
10	12040001	12080000
10	12080001	12120000
10	12120001	12160000
10	12160001	12200000
10	12200001	12240000
10	12240001	12280000
10	12280001	12320000
10	12320001	12360000
10	12360001	12400000
10	12400001	12440000
10	12440001	12480000
10	12480001	12520000
10	12520001	12560000
10	12560001	12600000
10	12600001	12640000
10	12640001	12680000
10	12680001	12720000
10	12720001	12760000
10	12760001	12800000
10	12800001	12840000
10	12840001	12880000
10	12880001	12920000
10	12920001	12960000
10	12960001	13000000
10	13000001	13040000
10	13040001	13080000
10	13080001	13120000
10	13120001	13160000
10	13160001	13200000
10	13200001	13240000
10	13240001	13280000
10	13280001	13320000
10	13320001	13360000
10	13360001	13400000
10	13400001	13440000
10	13440001	13480000
10	13480001	13520000
10	13520001	13560000
10	13560001	13600000
10	13600001	13640000
10	13640001	13680000
10	13680001	13720000
10	13720001	13760000
10	13760001	13800000
10	13800001	13840000
10	13840001	13880000
10	13880001	13920000
10	13920001	13960000
10	13960001	14000000
10	14000001	14040000
10	14040001	14080000
10	14080001	14120000
10	14120001	14160000
10	14160001	14200000
10	14200001	14240000
10	14240001	14280000
10	14280001	14320000
10	14320001	14360000
10	14360001	14400000
10	14400001	14440000
10	14440001	14480000
10	14480001	14520000
10	14520001	14560000
10	14560001	14600000
10	14600001	14640000
10	14640001	14680000
10	14680001	14720000
10	14720001	14760000
10	14760001	14800000
10	14800001	14840000
10	14840001	14880000
10	14880001	14920000
10	14920001	14960000
10	14960001	15000000
10	15000001	15040000
10	15040001	15080000
10	15080001	15120000
10	15120001	15160000
10	15160001	15200000
10	15200001	15240000
10	15240001	15280000
10	15280001	15320000
10	15320001	15360000
10	15360001	15400000
10	15400001	15440000
10	15440001	15480000
10	15480001	15520000
10	15520001	15560000
10	15560001	15600000
10	15600001	15640000
10	15640001	15680000
10	15680001	15720000
10	15720001	15760000
10	15760001	15800000
10	15800001	15840000
10	15840001	15880000
10	15880001	15920000
10	15920001	15960000
10	15960001	16000000
10	16000001	16040000
10	16040001	16080000
10	16080001	16120000
10	16120001	16160000
10	16160001	16200000
10	16200001	16240000
10	16240001	16280000
10	16280001	16320000
10	16320001	16360000
10	16360001	16400000
10	16400001	16440000
10	16440001	16480000
10	16480001	16520000
10	16520001	16560000
10	16560001	16600000
10	16600001	16640000
10	16640001	16680000
10	16680001	16720000
10	16720001	16760000
10	16760001	16800000
10	16800001	16840000
10	16840001	16880000
10	16880001	16920000
10	16920001	16960000
10	16960001	17000000
10	17000001	17040000
10	17040001	17080000
10	17080001	17120000
10	17120001	17160000
10	17160001	17200000
10	17200001	17240000
10	17240001	17280000
10	17280001	17320000
10	17320001	17360000
10	17360001	17400000
10	17400001	17440000
10	17440001	17480000
10	17480001	17520000
10	17520001	17560000
10	17560001	17600000
10	17600001	17640000
10	17640001	17680000
10	17680001	17720000
10	17720001	17760000
10	17760001	17800000
10	17800001	17840000
10	17840001	17880000
10	17880001	17920000
10	17920001	17960000
10	17960001	18000000
10	18000001	18040000
10	18040001	18080000
10	18080001	18120000
10	18120001	18160000
10	18160001	18200000
10	18200001	18240000
10	18240001	18280000
10	18280001	18320000
10	18320001	18360000
10	18360001	18400000
10	18400001	18440000
10	18440001	18480000
10	18480001	18520000
10	18520001	18560000
10	18560001	18600000
10	18600001	18640000
10	18640001	18680000
10	18680001	18720000
10	18720001	18760000
10	18760001	18800000
10	18800001	18840000
10	18840001	18880000
10	18880001	18920000
10	18920001	18960000
10	18960001	19000000
10	19000001	19040000
10	19040001	19080000
10	19080001	19120000
10	19120001	19160000
10	19160001	19200000
10	19200001	19240000
10	19240001	19280000
10	19280001	19320000
10	19320001	19360000
10	19360001	19400000
10	19400001	19440000
10	19440001	19480000
10	19480001	19520000
10	19520001	19560000
10	19560001	19600000
10	19600001	19640000
10	19640001	19680000
10	19680001	19720000
10	19720001	19760000
10	19760001	19800000
10	19800001	19840000
10	19840001	19880000
10	19880001	19920000
10	19920001	19960000
10	19960001	20000000
10	20000001	20040000
10	20040001	20080000
10	20080001	20120000
10	20120001	20160000
10	20160001	20200000
10	20200001	20240000
10	20240001	20280000
10	20280001	20320000
10	20320001	20360000
10	20360001	20400000
10	20400001	20440000
10	20440001	20480000
10	20480001	20520000
10	20520001	20560000
10	20560001	20600000
10	20600001	20640000
10	20640001	20680000
10	20680001	20720000
10	20720001	20760000
10	20760001	20800000
10	20800001	20840000
10	20840001	20880000
10	20880001	20920000
10	20920001	20960000
10	20960001	21000000
10	21000001	21040000
10	21040001	21080000
10	21080001	21120000
10	21120001	21160000
10	21160001	21200000
10	21200001	21240000
10	21240001	21280000
10	21280001	21320000
10	21320001	21360000
10	21360001	21400000
10	21400001	21440000
10	21440001	21480000
10	21480001	21520000
10	21520001	21560000
10	21560001	21600000
10	21600001	21640000
10	21640001	21680000
10	21680001	21720000
10	21720001	21760000
10	21760001	21800000
10	21800001	21840000
10	21840001	21880000
10	21880001	21920000
10	21920001	21960000
10	21960001	22000000
10	22000001	22040000
10	22040001	22080000
10	22080001	22120000
10	22120001	22160000
10	22160001	22200000
10	22200001	22240000
10	22240001	22280000
10	22280001	22320000
10	22320001	22360000
10	22360001	22400000
10	22400001	22440000
10	22440001	22480000
10	22480001	22520000
10	22520001	22560000
10	22560001	22600000
10	22600001	22640000
10	22640001	22680000
10	22680001	22720000
10	22720001	22760000
10	22760001	22800000
10	22800001	22840000
10	22840001	22880000
10	22880001	22920000
10	22920001	22960000
10	22960001	23000000
10	23000001	23040000
10	23040001	23080000
10	23080001	23120000
10	23120001	23160000
10	23160001	23200000
10	23200001	23240000
10	23240001	23280000
10	23280001	23320000
10	23320001	23360000
10	23360001	23400000
10	23400001	23440000
10	23440001	23480000
10	23480001	23520000
10	23520001	23560000
10	23560001	23600000
10	23600001	23640000
10	23640001	23680000
10	23680001	23720000
10	23720001	23760000
10	23760001	23800000
10	23800001	23840000
10	23840001	23880000
10	23880001	23920000
10	23920001	23960000
10	23960001	24000000
10	24000001	24040000
10	24040001	24080000
10	24080001	24120000
10	24120001	24160000
10	24160001	24200000
10	24200001	24240000
10	24240001	24280000
10	24280001	24320000
10	24320001	24360000
10	24360001	24400000
10	24400001	24440000
10	24440001	24480000
10	24480001	24520000
10	24520001	24560000
10	24560001	24600000
10	24600001	24640000
10	24640001	24680000
10	24680001	24720000
10	24720001	24760000
10	24760001	24800000
10	24800001	24840000
10	24840001	24880000
10	24880001	24920000
10	24920001	24960000
10	24960001	25000000
10	25000001	25040000
10	25040001	25080000
10	25080001	25120000
10	25120001	25160000
10	25160001	25200000
10	25200001	25240000
10	25240001	25280000
10	25280001	25320000
10	25320001	25360000
10	25360001	25400000
10	25400001	25440000
10	25440001	25480000
10	25480001	25520000
10	25520001	25560000
10	25560001	25600000
10	25600001	25640000
10	25640001	25680000
10	25680001	25720000
10	25720001	25760000
10	25760001	25800000
10	25800001	25840000
10	25840001	25880000
10	25880001	25920000
10	25920001	25960000
10	25960001	26000000
10	26000001	26040000
10	26040001	26080000
10	26080001	26120000
10	26120001	26160000
10	26160001	26200000
10	26200001	26240000
10	26240001	26280000
10	26280001	26320000
10	26320001	26360000
10	26360001	26400000
10	26400001	26440000
10	26440001	26480000
10	26480001	26520000
10	26520001	26560000
10	26560001	26600000
10	26600001	26640000
10	26640001	26680000
10	26680001	26720000
10	26720001	26760000
10	26760001	26800000
10	26800001	26840000
10	26840001	26880000
10	26880001	26920000
10	26920001	26960000
10	26960001	27000000
10	27000001	27040000
10	27040001	27080000
10	27080001	27120000
10	27120001	27160000
10	27160001	27200000
10	27200001	27240000
10	27240001	27280000
10	27280001	27320000
10	27320001	27360000
10	27360001	27400000
10	27400001	27440000
10	27440001	27480000
10	27480001	27520000
10	27520001	27560000
10	27560001	27600000
10	27600001	27640000
10	27640001	27680000
10	27680001	27720000
10	27720001	27760000
10	27760001	27800000
10	27800001	27840000
10	27840001	27880000
10	27880001	27920000
10	27920001	27960000
10	27960001	28000000
10	28000001	28040000
10	28040001	28080000
10	28080001	28120000
10	28120001	28160000
10	28160001	28200000
10	28200001	28240000
10	28240001	28280000
10	28280001	28320000
10	28320001	28360000
10	28360001	28400000
10	28400001	28440000
10	28440001	28480000
10	28480001	28520000
10	28520001	28560000
10	28560001	28600000
10	28600001	28640000
10	28640001	28680000
10	28680001	28720000
10	28720001	28760000
10	28760001	28800000
10	28800001	28840000
10	28840001	28880000
10	28880001	28920000
10	28920001	28960000
10	28960001	29000000
10	29000001	29040000
10	29040001	29080000
10	29080001	29120000
10	29120001	29160000
10	29160001	29200000
10	29200001	29240000
10	29240001	29280000
10	29280001	29320000
10	29320001	29360000
10	29360001	29400000
10	29400001	29440000
10	29440001	29480000
10	29480001	29520000
10	29520001	29560000
10	29560001	29600000
10	29600001	29640000
10	29640001	29680000
10	29680001	29720000
10	29720001	29760000
10	29760001	29800000
10	29800001	29840000
10	29840001	29880000
10	29880001	29920000
10	29920001	29960000
10	29960001	30000000
10	30000001	30040000
10	30040001	30080000
10	30080001	30120000
10	30120001	30160000
10	30160001	30200000
10	30200001	30240000
10	30240001	30280000
10	30280001	30320000
10	30320001	30360000
10	30360001	30400000
10	30400001	30440000
10	30440001	30480000
10	30480001	30520000
10	30520001	30560000
10	30560001	30600000
10	30600001	30640000
10	30640001	30680000
10	30680001	30720000
10	30720001	30760000
10	30760001	30800000
10	30800001	30840000
10	30840001	30880000
10	30880001	30920000
10	30920001	30960000
10	30960001	31000000
10	31000001	31040000
10	31040001	31080000
10	31080001	31120000
10	31120001	31160000
10	31160001	31200000
10	31200001	31240000
10	31240001	31280000
10	31280001	31320000
10	31320001	31360000
10	31360001	31400000
10	31400001	31440000
10	31440001	31480000
10	31480001	31520000
10	31520001	31560000
10	31560001	31600000
10	31600001	31640000
10	31640001	31680000
10	31680001	31720000
10	31720001	31760000
10	31760001	31800000
10	31800001	31840000
10	31840001	31880000
10	31880001	31920000
10	31920001	31960000
10	31960001	32000000
10	32000001	32040000
10	32040001	32080000
10	32080001	32120000
10	32120001	32160000
10	32160001	32200000
10	32200001	32240000
10	32240001	32280000
10	32280001	32320000
10	32320001	32360000
10	32360001	32400000
10	32400001	32440000
10	32440001	32480000
10	32480001	32520000
10	32520001	32560000
10	32560001	32600000
10	32600001	32640000
10	32640001	32680000
10	32680001	32720000
10	32720001	32760000
10	32760001	32800000
10	32800001	32840000
10	32840001	32880000
10	32880001	32920000
10	32920001	32960000
10	32960001	33000000
10	33000001	33040000
10	33040001	33080000
10	33080001	33120000
10	33120001	33160000
10	33160001	33200000
10	33200001	33240000
10	33240001	33280000
10	33280001	33320000
10	33320001	33360000
10	33360001	33400000
10	33400001	33440000
10	33440001	33480000
10	33480001	33520000
10	33520001	33560000
10	33560001	33600000
10	33600001	33640000
10	33640001	33680000
10	33680001	33720000
10	33720001	33760000
10	33760001	33800000
10	33800001	33840000
10	33840001	33880000
10	33880001	33920000
10	33920001	33960000
10	33960001	34000000
10	34000001	34040000
10	34040001	34080000
10	34080001	34120000
10	34120001	34160000
10	34160001	34200000
10	34200001	34240000
10	34240001	34280000
10	34280001	34320000
10	34320001	34360000
10	34360001	34400000
10	34400001	34440000
10	34440001	34480000
10	34480001	34520000
10	34520001	34560000
10	34560001	34600000
10	34600001	34640000
10	34640001	34680000
10	34680001	34720000
10	34720001	34760000
10	34760001	34800000
10	34800001	34840000
10	34840001	34880000
10	34880001	34920000
10	34920001	34960000
10	34960001	35000000
10	35000001	35040000
10	35040001	35080000
10	35080001	35120000
10	35120001	35160000
10	35160001	35200000
10	35200001	35240000
10	35240001	35280000
10	35280001	35320000
10	35320001	35360000
10	35360001	35400000
10	35400001	35440000
10	35440001	35480000
10	35480001	35520000
10	35520001	35560000
10	35560001	35600000
10	35600001	35640000
10	35640001	35680000
10	35680001	35720000
10	35720001	35760000
10	35760001	35800000
10	35800001	35840000
10	35840001	35880000
10	35880001	35920000
10	35920001	35960000
10	35960001	36000000
10	36000001	36040000
10	36040001	36080000
10	36080001	36120000
10	36120001	36160000
10	36160001	36200000
10	36200001	36240000
10	36240001	36280000
10	36280001	36320000
10	36320001	36360000
10	36360001	36400000
10	36400001	36440000
10	36440001	36480000
10	36480001	36520000
10	36520001	36560000
10	36560001	36600000
10	36600001	36640000
10	36640001	36680000
10	36680001	36720000
10	36720001	36760000
10	36760001	36800000
10	36800001	36840000
10	36840001	36880000
10	36880001	36920000
10	36920001	36960000
10	36960001	37000000
10	37000001	37040000
10	37040001	37080000
10	37080001	37120000
10	37120001	37160000
10	37160001	37200000
10	37200001	37240000
10	37240001	37280000
10	37280001	37320000
10	37320001	37360000
10	37360001	37400000
10	37400001	37440000
10	37440001	37480000
10	37480001	37520000
10	37520001	37560000
10	37560001	37600000
10	37600001	37640000
10	37640001	37680000
10	37680001	37720000
10	37720001	37760000
10	37760001	37800000
10	37800001	37840000
10	37840001	37880000
10	37880001	37920000
10	37920001	37960000
10	37960001	38000000
10	38000001	38040000
10	38040001	38080000
10	38080001	38120000
10	38120001	38160000
10	38160001	38200000
10	38200001	38240000
10	38240001	38280000
10	38280001	38320000
10	38320001	38360000
10	38360001	38400000
10	38400001	38440000
10	38440001	38480000
10	38480001	38520000
10	38520001	38560000
10	38560001	38600000
10	38600001	38640000
10	38640001	38680000
10	38680001	38720000
10	38720001	38760000
10	38760001	38800000
10	38800001	38840000
10	38840001	38880000
10	38880001	38920000
10	38920001	38960000
10	38960001	39000000
10	39000001	39040000
10	39040001	39080000
10	39080001	39120000
10	39120001	39160000
10	39160001	39200000
10	39200001	39240000
10	39240001	39280000
10	39280001	39320000
10	39320001	39360000
10	39360001	39400000
10	39400001	39440000
10	39440001	39480000
10	39480001	39520000
10	39520001	39560000
10	39560001	39600000
10	39600001	39640000
10	39640001	39680000
10	39680001	39720000
10	39720001	39760000
10	39760001	39800000
10	39800001	39840000
10	39840001	39880000
10	39880001	39920000
10	39920001	39960000
10	39960001	40000000
10	40000001	40040000
10	40040001	40080000
10	40080001	40120000
10	40120001	40160000
10	40160001	40200000
10	40200001	40240000
10	40240001	40280000
10	40280001	40320000
10	40320001	40360000
10	40360001	40400000
10	40400001	40440000
10	40440001	40480000
10	40480001	40520000
10	40520001	40560000
10	40560001	40600000
10	40600001	40640000
10	40640001	40680000
10	40680001	40720000
10	40720001	40760000
10	40760001	40800000
10	40800001	40840000
10	40840001	40880000
10	40880001	40920000
10	40920001	40960000
10	40960001	41000000
10	41000001	41040000
10	41040001	41080000
10	41080001	41120000
10	41120001	41160000
10	41160001	41200000
10	41200001	41240000
10	41240001	41280000
10	41280001	41320000
10	41320001	41360000
10	41360001	41400000
10	41400001	41440000
10	41440001	41480000
10	41480001	41520000
10	41520001	41560000
10	41560001	41600000
10	41600001	41640000
10	41640001	41680000
10	41680001	41720000
10	41720001	41760000
10	41760001	41800000
10	41800001	41840000
10	41840001	41880000
10	41880001	41920000
10	41920001	41960000
10	41960001	42000000
10	42000001	42040000
10	42040001	42080000
10	42080001	42120000
10	42120001	42160000
10	42160001	42200000
10	42200001	42240000
10	42240001	42280000
10	42280001	42320000
10	42320001	42360000
10	42360001	42400000
10	42400001	42440000
10	42440001	42480000
10	42480001	42520000
10	42520001	42560000
10	42560001	42600000
10	42600001	42640000
10	42640001	42680000
10	42680001	42720000
10	42720001	42760000
10	42760001	42800000
10	42800001	42840000
10	42840001	42880000
10	42880001	42920000
10	42920001	42960000
10	42960001	43000000
10	43000001	43040000
10	43040001	43080000
10	43080001	43120000
10	43120001	43160000
10	43160001	43200000
10	43200001	43240000
10	43240001	43280000
10	43280001	43320000
10	43320001	43360000
10	43360001	43400000
10	43400001	43440000
10	43440001	43480000
10	43480001	43520000
10	43520001	43560000
10	43560001	43600000
10	43600001	43640000
10	43640001	43680000
10	43680001	43720000
10	43720001	43760000
10	43760001	43800000
10	43800001	43840000
10	43840001	43880000
10	43880001	43920000
10	43920001	43960000
10	43960001	44000000
10	44000001	44040000
10	44040001	44080000
10	44080001	44120000
10	44120001	44160000
10	44160001	44200000
10	44200001	44240000
10	44240001	44280000
10	44280001	44320000
10	44320001	44360000
10	44360001	44400000
10	44400001	44440000
10	44440001	44480000
10	44480001	44520000
10	44520001	44560000
10	44560001	44600000
10	44600001	44640000
10	44640001	44680000
10	44680001	44720000
10	44720001	44760000
10	44760001	44800000
10	44800001	44840000
10	44840001	44880000
10	44880001	44920000
10	44920001	44960000
10	44960001	45000000
10	45000001	45040000
10	45040001	45080000
10	45080001	45120000
10	45120001	45160000
10	45160001	45200000
10	45200001	45240000
10	45240001	45280000
10	45280001	45320000
10	45320001	45360000
10	45360001	45400000
10	45400001	45440000
10	45440001	45480000
10	45480001	45520000
10	45520001	45560000
10	45560001	45600000
10	45600001	45640000
10	45640001	45680000
10	45680001	45720000
10	45720001	45760000
10	45760001	45800000
10	45800001	45840000
10	45840001	45880000
10	45880001	45920000
10	45920001	45960000
10	45960001	46000000
10	46000001	46040000
10	46040001	46080000
10	46080001	46120000
10	46120001	46160000
10	46160001	46200000
10	46200001	46240000
10	46240001	46280000
10	46280001	46320000
10	46320001	46360000
10	46360001	46400000
10	46400001	46440000
10	46440001	46480000
10	46480001	46520000
10	46520001	46560000
10	46560001	46600000
10	46600001	46640000
10	46640001	46680000
10	46680001	46720000
10	46720001	46760000
10	46760001	46800000
10	46800001	46840000
10	46840001	46880000
10	46880001	46920000
10	46920001	46960000
10	46960001	47000000
10	47000001	47040000
10	47040001	47080000
10	47080001	47120000
10	47120001	47160000
10	47160001	47200000
10	47200001	47240000
10	47240001	47280000
10	47280001	47320000
10	47320001	47360000
10	47360001	47400000
10	47400001	47440000
10	47440001	47480000
10	47480001	47520000
10	47520001	47560000
10	47560001	47600000
10	47600001	47640000
10	47640001	47680000
10	47680001	47720000
10	47720001	47760000
10	47760001	47800000
10	47800001	47840000
10	47840001	47880000
10	47880001	47920000
10	47920001	47960000
10	47960001	48000000
10	48000001	48040000
10	48040001	48080000
10	48080001	48120000
10	48120001	48160000
10	48160001	48200000
10	48200001	48240000
10	48240001	48280000
10	48280001	48320000
10	48320001	48360000
10	48360001	48400000
10	48400001	48440000
10	48440001	48480000
10	48480001	48520000
10	48520001	48560000
10	48560001	48600000
10	48600001	48640000
10	48640001	48680000
10	48680001	48720000
10	48720001	48760000
10	48760001	48800000
10	48800001	48840000
10	48840001	48880000
10	48880001	48920000
10	48920001	48960000
10	48960001	49000000
10	49000001	49040000
10	49040001	49080000
10	49080001	49120000
10	49120001	49160000
10	49160001	49200000
10	49200001	49240000
10	49240001	49280000
10	49280001	49320000
10	49320001	49360000
10	49360001	49400000
10	49400001	49440000
10	49440001	49480000
10	49480001	49520000
10	49520001	49560000
10	49560001	49600000
10	49600001	49640000
10	49640001	49680000
10	49680001	49720000
10	49720001	49760000
10	49760001	49800000
10	49800001	49840000
10	49840001	49880000
10	49880001	49920000
10	49920001	49960000
10	49960001	50000000
10	50000001	50040000
10	50040001	50080000
10	50080001	50120000
10	50120001	50160000
10	50160001	50200000
10	50200001	50240000
10	50240001	50280000
10	50280001	50320000
10	50320001	50360000
10	50360001	50400000
10	50400001	50440000
10	50440001	50480000
10	50480001	50520000
10	50520001	50560000
10	50560001	50600000
10	50600001	50640000
10	50640001	50680000
10	50680001	50720000
10	50720001	50760000
10	50760001	50800000
10	50800001	50840000
10	50840001	50880000
10	50880001	50920000
10	50920001	50960000
10	50960001	51000000
10	51000001	51040000
10	51040001	51080000
10	51080001	51120000
10	51120001	51160000
10	51160001	51200000
10	51200001	51240000
10	51240001	51280000
10	51280001	51320000
10	51320001	51360000
10	51360001	51400000
10	51400001	51440000
10	51440001	51480000
10	51480001	51520000
10	51520001	51560000
10	51560001	51600000
10	51600001	51640000
10	51640001	51680000
10	51680001	51720000
10	51720001	51760000
10	51760001	51800000
10	51800001	51840000
10	51840001	51880000
10	51880001	51920000
10	51920001	51960000
10	51960001	52000000
10	52000001	52040000
10	52040001	52080000
10	52080001	52120000
10	52120001	52160000
10	52160001	52200000
10	52200001	52240000
10	52240001	52280000
10	52280001	52320000
10	52320001	52360000
10	52360001	52400000
10	52400001	52440000
10	52440001	52480000
10	52480001	52520000
10	52520001	52560000
10	52560001	52600000
10	52600001	52640000
10	52640001	52680000
10	52680001	52720000
10	52720001	52760000
10	52760001	52800000
10	52800001	52840000
10	52840001	52880000
10	52880001	52920000
10	52920001	52960000
10	52960001	53000000
10	53000001	53040000
10	53040001	53080000
10	53080001	53120000
10	53120001	53160000
10	53160001	53200000
10	53200001	53240000
10	53240001	53280000
10	53280001	53320000
10	53320001	53360000
10	53360001	53400000
10	53400001	53440000
10	53440001	53480000
10	53480001	53520000
10	53520001	53560000
10	53560001	53600000
10	53600001	53640000
10	53640001	53680000
10	53680001	53720000
10	53720001	53760000
10	53760001	53800000
10	53800001	53840000
10	53840001	53880000
10	53880001	53920000
10	53920001	53960000
10	53960001	54000000
10	54000001	54040000
10	54040001	54080000
10	54080001	54120000
10	54120001	54160000
10	54160001	54200000
10	54200001	54240000
10	54240001	54280000
10	54280001	54320000
10	54320001	54360000
10	54360001	54400000
10	54400001	54440000
10	54440001	54480000
10	54480001	54520000
10	54520001	54560000
10	54560001	54600000
10	54600001	54640000
10	54640001	54680000
10	54680001	54720000
10	54720001	54760000
10	54760001	54800000
10	54800001	54840000
10	54840001	54880000
10	54880001	54920000
10	54920001	54960000
10	54960001	55000000
10	55000001	55040000
10	55040001	55080000
10	55080001	55120000
10	55120001	55160000
10	55160001	55200000
10	55200001	55240000
10	55240001	55280000
10	55280001	55320000
10	55320001	55360000
10	55360001	55400000
10	55400001	55440000
10	55440001	55480000
10	55480001	55520000
10	55520001	55560000
10	55560001	55600000
10	55600001	55640000
10	55640001	55680000
10	55680001	55720000
10	55720001	55760000
10	55760001	55800000
10	55800001	55840000
10	55840001	55880000
10	55880001	55920000
10	55920001	55960000
10	55960001	56000000
10	56000001	56040000
10	56040001	56080000
10	56080001	56120000
10	56120001	56160000
10	56160001	56200000
10	56200001	56240000
10	56240001	56280000
10	56280001	56320000
10	56320001	56360000
10	56360001	56400000
10	56400001	56440000
10	56440001	56480000
10	56480001	56520000
10	56520001	56560000
10	56560001	56600000
10	56600001	56640000
10	56640001	56680000
10	56680001	56720000
10	56720001	56760000
10	56760001	56800000
10	56800001	56840000
10	56840001	56880000
10	56880001	56920000
10	56920001	56960000
10	56960001	57000000
10	57000001	57040000
10	57040001	57080000
10	57080001	57120000
10	57120001	57160000
10	57160001	57200000
10	57200001	57240000
10	57240001	57280000
10	57280001	57320000
10	57320001	57360000
10	57360001	57400000
10	57400001	57440000
10	57440001	57480000
10	57480001	57520000
10	57520001	57560000
10	57560001	57600000
10	57600001	57640000
10	57640001	57680000
10	57680001	57720000
10	57720001	57760000
10	57760001	57800000
10	57800001	57840000
10	57840001	57880000
10	57880001	57920000
10	57920001	57960000
10	57960001	58000000
10	58000001	58040000
10	58040001	58080000
10	58080001	58120000
10	58120001	58160000
10	58160001	58200000
10	58200001	58240000
10	58240001	58280000
10	58280001	58320000
10	58320001	58360000
10	58360001	58400000
10	58400001	58440000
10	58440001	58480000
10	58480001	58520000
10	58520001	58560000
10	58560001	58600000
10	58600001	58640000
10	58640001	58680000
10	58680001	58720000
10	58720001	58760000
10	58760001	58800000
10	58800001	58840000
10	58840001	58880000
10	58880001	58920000
10	58920001	58960000
10	58960001	59000000
10	59000001	59040000
10	59040001	59080000
10	59080001	59120000
10	59120001	59160000
10	59160001	59200000
10	59200001	59240000
10	59240001	59280000
10	59280001	59320000
10	59320001	59360000
10	59360001	59400000
10	59400001	59440000
10	59440001	59480000
10	59480001	59520000
10	59520001	59560000
10	59560001	59600000
10	59600001	59640000
10	59640001	59680000
10	59680001	59720000
10	59720001	59760000
10	59760001	59800000
10	59800001	59840000
10	59840001	59880000
10	59880001	59920000
10	59920001	59960000
10	59960001	60000000
10	60000001	60040000
10	60040001	60080000
10	60080001	60120000
10	60120001	60160000
10	60160001	60200000
10	60200001	60240000
10	60240001	60280000
10	60280001	60320000
10	60320001	60360000
10	60360001	60400000
10	60400001	60440000
10	60440001	60480000
10	60480001	60520000
10	60520001	60560000
10	60560001	60600000
10	60600001	60640000
10	60640001	60680000
10	60680001	60720000
10	60720001	60760000
10	60760001	60800000
10	60800001	60840000
10	60840001	60880000
10	60880001	60920000
10	60920001	60960000
10	60960001	61000000
10	61000001	61040000
10	61040001	61080000
10	61080001	61120000
10	61120001	61160000
10	61160001	61200000
10	61200001	61240000
10	61240001	61280000
10	61280001	61320000
10	61320001	61360000
10	61360001	61400000
10	61400001	61440000
10	61440001	61480000
10	61480001	61520000
10	61520001	61560000
10	61560001	61600000
10	61600001	61640000
10	61640001	61680000
10	61680001	61720000
10	61720001	61760000
10	61760001	61800000
10	61800001	61840000
10	61840001	61880000
10	61880001	61920000
10	61920001	61960000
10	61960001	62000000
10	62000001	62040000
10	62040001	62080000
10	62080001	62120000
10	62120001	62160000
10	62160001	62200000
10	62200001	62240000
10	62240001	62280000
10	62280001	62320000
10	62320001	62360000
10	62360001	62400000
10	62400001	62440000
10	62440001	62480000
10	62480001	62520000
10	62520001	62560000
10	62560001	62600000
10	62600001	62640000
10	62640001	62680000
10	62680001	62720000
10	62720001	62760000
10	62760001	62800000
10	62800001	62840000
10	62840001	62880000
10	62880001	62920000
10	62920001	62960000
10	62960001	63000000
10	63000001	63040000
10	63040001	63080000
10	63080001	63120000
10	63120001	63160000
10	63160001	63200000
10	63200001	63240000
10	63240001	63280000
10	63280001	63320000
10	63320001	63360000
10	63360001	63400000
10	63400001	63440000
10	63440001	63480000
10	63480001	63520000
10	63520001	63560000
10	63560001	63600000
10	63600001	63640000
10	63640001	63680000
10	63680001	63720000
10	63720001	63760000
10	63760001	63800000
10	63800001	63840000
10	63840001	63880000
10	63880001	63920000
10	63920001	63960000
10	63960001	64000000
10	64000001	64040000
10	64040001	64080000
10	64080001	64120000
10	64120001	64160000
10	64160001	64200000
10	64200001	64240000
10	64240001	64280000
10	64280001	64320000
10	64320001	64360000
10	64360001	64400000
10	64400001	64440000
10	64440001	64480000
10	64480001	64520000
10	64520001	64560000
10	64560001	64600000
10	64600001	64640000
10	64640001	64680000
10	64680001	64720000
10	64720001	64760000
10	64760001	64800000
10	64800001	64840000
10	64840001	64880000
10	64880001	64920000
10	64920001	64960000
10	64960001	65000000
10	65000001	65040000
10	65040001	65080000
10	65080001	65120000
10	65120001	65160000
10	65160001	65200000
10	65200001	65240000
10	65240001	65280000
10	65280001	65320000
10	65320001	65360000
10	65360001	65400000
10	65400001	65440000
10	65440001	65480000
10	65480001	65520000
10	65520001	65560000
10	65560001	65600000
10	65600001	65640000
10	65640001	65680000
10	65680001	65720000
10	65720001	65760000
10	65760001	65800000
10	65800001	65840000
10	65840001	65880000
10	65880001	65920000
10	65920001	65960000
10	65960001	66000000
10	66000001	66040000
10	66040001	66080000
10	66080001	66120000
10	66120001	66160000
10	66160001	66200000
10	66200001	66240000
10	66240001	66280000
10	66280001	66320000
10	66320001	66360000
10	66360001	66400000
10	66400001	66440000
10	66440001	66480000
10	66480001	66520000
10	66520001	66560000
10	66560001	66600000
10	66600001	66640000
10	66640001	66680000
10	66680001	66720000
10	66720001	66760000
10	66760001	66800000
10	66800001	66840000
10	66840001	66880000
10	66880001	66920000
10	66920001	66960000
10	66960001	67000000
10	67000001	67040000
10	67040001	67080000
10	67080001	67120000
10	67120001	67160000
10	67160001	67200000
10	67200001	67240000
10	67240001	67280000
10	67280001	67320000
10	67320001	67360000
10	67360001	67400000
10	67400001	67440000
10	67440001	67480000
10	67480001	67520000
10	67520001	67560000
10	67560001	67600000
10	67600001	67640000
10	67640001	67680000
10	67680001	67720000
10	67720001	67760000
10	67760001	67800000
10	67800001	67840000
10	67840001	67880000
10	67880001	67920000
10	67920001	67960000
10	67960001	68000000
10	68000001	68040000
10	68040001	68080000
10	68080001	68120000
10	68120001	68160000
10	68160001	68200000
10	68200001	68240000
10	68240001	68280000
10	68280001	68320000
10	68320001	68360000
10	68360001	68400000
10	68400001	68440000
10	68440001	68480000
10	68480001	68520000
10	68520001	68560000
10	68560001	68600000
10	68600001	68640000
10	68640001	68680000
10	68680001	68720000
10	68720001	68760000
10	68760001	68800000
10	68800001	68840000
10	68840001	68880000
10	68880001	68920000
10	68920001	68960000
10	68960001	69000000
10	69000001	69040000
10	69040001	69080000
10	69080001	69120000
10	69120001	69160000
10	69160001	69200000
10	69200001	69240000
10	69240001	69280000
10	69280001	69320000
10	69320001	69360000
10	69360001	69400000
10	69400001	69440000
10	69440001	69480000
10	69480001	69520000
10	69520001	69560000
10	69560001	69600000
10	69600001	69640000
10	69640001	69680000
10	69680001	69720000
10	69720001	69760000
10	69760001	69800000
10	69800001	69840000
10	69840001	69880000
10	69880001	69920000
10	69920001	69960000
10	69960001	70000000
10	70000001	70040000
10	70040001	70080000
10	70080001	70120000
10	70120001	70160000
10	70160001	70200000
10	70200001	70240000
10	70240001	70280000
10	70280001	70320000
10	70320001	70360000
10	70360001	70400000
10	70400001	70440000
10	70440001	70480000
10	70480001	70520000
10	70520001	70560000
10	70560001	70600000
10	70600001	70640000
10	70640001	70680000
10	70680001	70720000
10	70720001	70760000
10	70760001	70800000
10	70800001	70840000
10	70840001	70880000
10	70880001	70920000
10	70920001	70960000
10	70960001	71000000
10	71000001	71040000
10	71040001	71080000
10	71080001	71120000
10	71120001	71160000
10	71160001	71200000
10	71200001	71240000
10	71240001	71280000
10	71280001	71320000
10	71320001	71360000
10	71360001	71400000
10	71400001	71440000
10	71440001	71480000
10	71480001	71520000
10	71520001	71560000
10	71560001	71600000
10	71600001	71640000
10	71640001	71680000
10	71680001	71720000
10	71720001	71760000
10	71760001	71800000
10	71800001	71840000
10	71840001	71880000
10	71880001	71920000
10	71920001	71960000
10	71960001	72000000
10	72000001	72040000
10	72040001	72080000
10	72080001	72120000
10	72120001	72160000
10	72160001	72200000
10	72200001	72240000
10	72240001	72280000
10	72280001	72320000
10	72320001	72360000
10	72360001	72400000
10	72400001	72440000
10	72440001	72480000
10	72480001	72520000
10	72520001	72560000
10	72560001	72600000
10	72600001	72640000
10	72640001	72680000
10	72680001	72720000
10	72720001	72760000
10	72760001	72800000
10	72800001	72840000
10	72840001	72880000
10	72880001	72920000
10	72920001	72960000
10	72960001	73000000
10	73000001	73040000
10	73040001	73080000
10	73080001	73120000
10	73120001	73160000
10	73160001	73200000
10	73200001	73240000
10	73240001	73280000
10	73280001	73320000
10	73320001	73360000
10	73360001	73400000
10	73400001	73440000
10	73440001	73480000
10	73480001	73520000
10	73520001	73560000
10	73560001	73600000
10	73600001	73640000
10	73640001	73680000
10	73680001	73720000
10	73720001	73760000
10	73760001	73800000
10	73800001	73840000
10	73840001	73880000
10	73880001	73920000
10	73920001	73960000
10	73960001	74000000
10	74000001	74040000
10	74040001	74080000
10	74080001	74120000
10	74120001	74160000
10	74160001	74200000
10	74200001	74240000
10	74240001	74280000
10	74280001	74320000
10	74320001	74360000
10	74360001	74400000
10	74400001	74440000
10	74440001	74480000
10	74480001	74520000
10	74520001	74560000
10	74560001	74600000
10	74600001	74640000
10	74640001	74680000
10	74680001	74720000
10	74720001	74760000
10	74760001	74800000
10	74800001	74840000
10	74840001	74880000
10	74880001	74920000
10	74920001	74960000
10	74960001	75000000
10	75000001	75040000
10	75040001	75080000
10	75080001	75120000
10	75120001	75160000
10	75160001	75200000
10	75200001	75240000
10	75240001	75280000
10	75280001	75320000
10	75320001	75360000
10	75360001	75400000
10	75400001	75440000
10	75440001	75480000
10	75480001	75520000
10	75520001	75560000
10	75560001	75600000
10	75600001	75640000
10	75640001	75680000
10	75680001	75720000
10	75720001	75760000
10	75760001	75800000
10	75800001	75840000
10	75840001	75880000
10	75880001	75920000
10	75920001	75960000
10	75960001	76000000
10	76000001	76040000
10	76040001	76080000
10	76080001	76120000
10	76120001	76160000
10	76160001	76200000
10	76200001	76240000
10	76240001	76280000
10	76280001	76320000
10	76320001	76360000
10	76360001	76400000
10	76400001	76440000
10	76440001	76480000
10	76480001	76520000
10	76520001	76560000
10	76560001	76600000
10	76600001	76640000
10	76640001	76680000
10	76680001	76720000
10	76720001	76760000
10	76760001	76800000
10	76800001	76840000
10	76840001	76880000
10	76880001	76920000
10	76920001	76960000
10	76960001	77000000
10	77000001	77040000
10	77040001	77080000
10	77080001	77120000
10	77120001	77160000
10	77160001	77200000
10	77200001	77240000
10	77240001	77280000
10	77280001	77320000
10	77320001	77360000
10	77360001	77400000
10	77400001	77440000
10	77440001	77480000
10	77480001	77520000
10	77520001	77560000
10	77560001	77600000
10	77600001	77640000
10	77640001	77680000
10	77680001	77720000
10	77720001	77760000
10	77760001	77800000
10	77800001	77840000
10	77840001	77880000
10	77880001	77920000
10	77920001	77960000
10	77960001	78000000
10	78000001	78040000
10	78040001	78080000
10	78080001	78120000
10	78120001	78160000
10	78160001	78200000
10	78200001	78240000
10	78240001	78280000
10	78280001	78320000
10	78320001	78360000
10	78360001	78400000
10	78400001	78440000
10	78440001	78480000
10	78480001	78520000
10	78520001	78560000
10	78560001	78600000
10	78600001	78640000
10	78640001	78680000
10	78680001	78720000
10	78720001	78760000
10	78760001	78800000
10	78800001	78840000
10	78840001	78880000
10	78880001	78920000
10	78920001	78960000
10	78960001	79000000
10	79000001	79040000
10	79040001	79080000
10	79080001	79120000
10	79120001	79160000
10	79160001	79200000
10	79200001	79240000
10	79240001	79280000
10	79280001	79320000
10	79320001	79360000
10	79360001	79400000
10	79400001	79440000
10	79440001	79480000
10	79480001	79520000
10	79520001	79560000
10	79560001	79600000
10	79600001	79640000
10	79640001	79680000
10	79680001	79720000
10	79720001	79760000
10	79760001	79800000
10	79800001	79840000
10	79840001	79880000
10	79880001	79920000
10	79920001	79960000
10	79960001	80000000
10	80000001	80040000
10	80040001	80080000
10	80080001	80120000
10	80120001	80160000
10	80160001	80200000
10	80200001	80240000
10	80240001	80280000
10	80280001	80320000
10	80320001	80360000
10	80360001	80400000
10	80400001	80440000
10	80440001	80480000
10	80480001	80520000
10	80520001	80560000
10	80560001	80600000
10	80600001	80640000
10	80640001	80680000
10	80680001	80720000
10	80720001	80760000
10	80760001	80800000
10	80800001	80840000
10	80840001	80880000
10	80880001	80920000
10	80920001	80960000
10	80960001	81000000
10	81000001	81040000
10	81040001	81080000
10	81080001	81120000
10	81120001	81160000
10	81160001	81200000
10	81200001	81240000
10	81240001	81280000
10	81280001	81320000
10	81320001	81360000
10	81360001	81400000
10	81400001	81440000
10	81440001	81480000
10	81480001	81520000
10	81520001	81560000
10	81560001	81600000
10	81600001	81640000
10	81640001	81680000
10	81680001	81720000
10	81720001	81760000
10	81760001	81800000
10	81800001	81840000
10	81840001	81880000
10	81880001	81920000
10	81920001	81960000
10	81960001	82000000
10	82000001	82040000
10	82040001	82080000
10	82080001	82120000
10	82120001	82160000
10	82160001	82200000
10	82200001	82240000
10	82240001	82280000
10	82280001	82320000
10	82320001	82360000
10	82360001	82400000
10	82400001	82440000
10	82440001	82480000
10	82480001	82520000
10	82520001	82560000
10	82560001	82600000
10	82600001	82640000
10	82640001	82680000
10	82680001	82720000
10	82720001	82760000
10	82760001	82800000
10	82800001	82840000
10	82840001	82880000
10	82880001	82920000
10	82920001	82960000
10	82960001	83000000
10	83000001	83040000
10	83040001	83080000
10	83080001	83120000
10	83120001	83160000
10	83160001	83200000
10	83200001	83240000
10	83240001	83280000
10	83280001	83320000
10	83320001	83360000
10	83360001	83400000
10	83400001	83440000
10	83440001	83480000
10	83480001	83520000
10	83520001	83560000
10	83560001	83600000
10	83600001	83640000
10	83640001	83680000
10	83680001	83720000
10	83720001	83760000
10	83760001	83800000
10	83800001	83840000
10	83840001	83880000
10	83880001	83920000
10	83920001	83960000
10	83960001	84000000
10	84000001	84040000
10	84040001	84080000
10	84080001	84120000
10	84120001	84160000
10	84160001	84200000
10	84200001	84240000
10	84240001	84280000
10	84280001	84320000
10	84320001	84360000
10	84360001	84400000
10	84400001	84440000
10	84440001	84480000
10	84480001	84520000
10	84520001	84560000
10	84560001	84600000
10	84600001	84640000
10	84640001	84680000
10	84680001	84720000
10	84720001	84760000
10	84760001	84800000
10	84800001	84840000
10	84840001	84880000
10	84880001	84920000
10	84920001	84960000
10	84960001	85000000
10	85000001	85040000
10	85040001	85080000
10	85080001	85120000
10	85120001	85160000
10	85160001	85200000
10	85200001	85240000
10	85240001	85280000
10	85280001	85320000
10	85320001	85360000
10	85360001	85400000
10	85400001	85440000
10	85440001	85480000
10	85480001	85520000
10	85520001	85560000
10	85560001	85600000
10	85600001	85640000
10	85640001	85680000
10	85680001	85720000
10	85720001	85760000
10	85760001	85800000
10	85800001	85840000
10	85840001	85880000
10	85880001	85920000
10	85920001	85960000
10	85960001	86000000
10	86000001	86040000
10	86040001	86080000
10	86080001	86120000
10	86120001	86160000
10	86160001	86200000
10	86200001	86240000
10	86240001	86280000
10	86280001	86320000
10	86320001	86360000
10	86360001	86400000
10	86400001	86440000
10	86440001	86480000
10	86480001	86520000
10	86520001	86560000
10	86560001	86600000
10	86600001	86640000
10	86640001	86680000
10	86680001	86720000
10	86720001	86760000
10	86760001	86800000
10	86800001	86840000
10	86840001	86880000
10	86880001	86920000
10	86920001	86960000
10	86960001	87000000
10	87000001	87040000
10	87040001	87080000
10	87080001	87120000
10	87120001	87160000
10	87160001	87200000
10	87200001	87240000
10	87240001	87280000
10	87280001	87320000
10	87320001	87360000
10	87360001	87400000
10	87400001	87440000
10	87440001	87480000
10	87480001	87520000
10	87520001	87560000
10	87560001	87600000
10	87600001	87640000
10	87640001	87680000
10	87680001	87720000
10	87720001	87760000
10	87760001	87800000
10	87800001	87840000
10	87840001	87880000
10	87880001	87920000
10	87920001	87960000
10	87960001	88000000
10	88000001	88040000
10	88040001	88080000
10	88080001	88120000
10	88120001	88160000
10	88160001	88200000
10	88200001	88240000
10	88240001	88280000
10	88280001	88320000
10	88320001	88360000
10	88360001	88400000
10	88400001	88440000
10	88440001	88480000
10	88480001	88520000
10	88520001	88560000
10	88560001	88600000
10	88600001	88640000
10	88640001	88680000
10	88680001	88720000
10	88720001	88760000
10	88760001	88800000
10	88800001	88840000
10	88840001	88880000
10	88880001	88920000
10	88920001	88960000
10	88960001	89000000
10	89000001	89040000
10	89040001	89080000
10	89080001	89120000
10	89120001	89160000
10	89160001	89200000
10	89200001	89240000
10	89240001	89280000
10	89280001	89320000
10	89320001	89360000
10	89360001	89400000
10	89400001	89440000
10	89440001	89480000
10	89480001	89520000
10	89520001	89560000
10	89560001	89600000
10	89600001	89640000
10	89640001	89680000
10	89680001	89720000
10	89720001	89760000
10	89760001	89800000
10	89800001	89840000
10	89840001	89880000
10	89880001	89920000
10	89920001	89960000
10	89960001	90000000
10	90000001	90040000
10	90040001	90080000
10	90080001	90120000
10	90120001	90160000
10	90160001	90200000
10	90200001	90240000
10	90240001	90280000
10	90280001	90320000
10	90320001	90360000
10	90360001	90400000
10	90400001	90440000
10	90440001	90480000
10	90480001	90520000
10	90520001	90560000
10	90560001	90600000
10	90600001	90640000
10	90640001	90680000
10	90680001	90720000
10	90720001	90760000
10	90760001	90800000
10	90800001	90840000
10	90840001	90880000
10	90880001	90920000
10	90920001	90960000
10	90960001	91000000
10	91000001	91040000
10	91040001	91080000
10	91080001	91120000
10	91120001	91160000
10	91160001	91200000
10	91200001	91240000
10	91240001	91280000
10	91280001	91320000
10	91320001	91360000
10	91360001	91400000
10	91400001	91440000
10	91440001	91480000
10	91480001	91520000
10	91520001	91560000
10	91560001	91600000
10	91600001	91640000
10	91640001	91680000
10	91680001	91720000
10	91720001	91760000
10	91760001	91800000
10	91800001	91840000
10	91840001	91880000
10	91880001	91920000
10	91920001	91960000
10	91960001	92000000
10	92000001	92040000
10	92040001	92080000
10	92080001	92120000
10	92120001	92160000
10	92160001	92200000
10	92200001	92240000
10	92240001	92280000
10	92280001	92320000
10	92320001	92360000
10	92360001	92400000
10	92400001	92440000
10	92440001	92480000
10	92480001	92520000
10	92520001	92560000
10	92560001	92600000
10	92600001	92640000
10	92640001	92680000
10	92680001	92720000
10	92720001	92760000
10	92760001	92800000
10	92800001	92840000
10	92840001	92880000
10	92880001	92920000
10	92920001	92960000
10	92960001	93000000
10	93000001	93040000
10	93040001	93080000
10	93080001	93120000
10	93120001	93160000
10	93160001	93200000
10	93200001	93240000
10	93240001	93280000
10	93280001	93320000
10	93320001	93360000
10	93360001	93400000
10	93400001	93440000
10	93440001	93480000
10	93480001	93520000
10	93520001	93560000
10	93560001	93600000
10	93600001	93640000
10	93640001	93680000
10	93680001	93720000
10	93720001	93760000
10	93760001	93800000
10	93800001	93840000
10	93840001	93880000
10	93880001	93920000
10	93920001	93960000
10	93960001	94000000
10	94000001	94040000
10	94040001	94080000
10	94080001	94120000
10	94120001	94160000
10	94160001	94200000
10	94200001	94240000
10	94240001	94280000
10	94280001	94320000
10	94320001	94360000
10	94360001	94400000
10	94400001	94440000
10	94440001	94480000
10	94480001	94520000
10	94520001	94560000
10	94560001	94600000
10	94600001	94640000
10	94640001	94680000
10	94680001	94720000
10	94720001	94760000
10	94760001	94800000
10	94800001	94840000
10	94840001	94880000
10	94880001	94920000
10	94920001	94960000
10	94960001	95000000
10	95000001	95040000
10	95040001	95080000
10	95080001	95120000
10	95120001	95160000
10	95160001	95200000
10	95200001	95240000
10	95240001	95280000
10	95280001	95320000
10	95320001	95360000
10	95360001	95400000
10	95400001	95440000
10	95440001	95480000
10	95480001	95520000
10	95520001	95560000
10	95560001	95600000
10	95600001	95640000
10	95640001	95680000
10	95680001	95720000
10	95720001	95760000
10	95760001	95800000
10	95800001	95840000
10	95840001	95880000
10	95880001	95920000
10	95920001	95960000
10	95960001	96000000
10	96000001	96040000
10	96040001	96080000
10	96080001	96120000
10	96120001	96160000
10	96160001	96200000
10	96200001	96240000
10	96240001	96280000
10	96280001	96320000
10	96320001	96360000
10	96360001	96400000
10	96400001	96440000
10	96440001	96480000
10	96480001	96520000
10	96520001	96560000
10	96560001	96600000
10	96600001	96640000
10	96640001	96680000
10	96680001	96720000
10	96720001	96760000
10	96760001	96800000
10	96800001	96840000
10	96840001	96880000
10	96880001	96920000
10	96920001	96960000
10	96960001	97000000
10	97000001	97040000
10	97040001	97080000
10	97080001	97120000
10	97120001	97160000
10	97160001	97200000
10	97200001	97240000
10	97240001	97280000
10	97280001	97320000
10	97320001	97360000
10	97360001	97400000
10	97400001	97440000
10	97440001	97480000
10	97480001	97520000
10	97520001	97560000
10	97560001	97600000
10	97600001	97640000
10	97640001	97680000
10	97680001	97720000
10	97720001	97760000
10	97760001	97800000
10	97800001	97840000
10	97840001	97880000
10	97880001	97920000
10	97920001	97960000
10	97960001	98000000
10	98000001	98040000
10	98040001	98080000
10	98080001	98120000
10	98120001	98160000
10	98160001	98200000
10	98200001	98240000
10	98240001	98280000
10	98280001	98320000
10	98320001	98360000
10	98360001	98400000
10	98400001	98440000
10	98440001	98480000
10	98480001	98520000
10	98520001	98560000
10	98560001	98600000
10	98600001	98640000
10	98640001	98680000
10	98680001	98720000
10	98720001	98760000
10	98760001	98800000
10	98800001	98840000
10	98840001	98880000
10	98880001	98920000
10	98920001	98960000
10	98960001	99000000
10	99000001	99040000
10	99040001	99080000
10	99080001	99120000
10	99120001	99160000
10	99160001	99200000
10	99200001	99240000
10	99240001	99280000
10	99280001	99320000
10	99320001	99360000
10	99360001	99400000
10	99400001	99440000
10	99440001	99480000
10	99480001	99520000
10	99520001	99560000
10	99560001	99600000
10	99600001	99640000
10	99640001	99680000
10	99680001	99720000
10	99720001	99760000
10	99760001	99800000
10	99800001	99840000
10	99840001	99880000
10	99880001	99920000
10	99920001	99960000
10	99960001	100000000
10	100000001	100040000
10	100040001	100080000
10	100080001	100120000
10	100120001	100160000
10	100160001	100200000
10	100200001	100240000
10	100240001	100280000
10	100280001	100320000
10	100320001	100360000
10	100360001	100400000
10	100400001	100440000
10	100440001	100480000
10	100480001	100520000
10	100520001	100560000
10	100560001	100600000
10	100600001	100640000
10	100640001	100680000
10	100680001	100720000
10	100720001	100760000
10	100760001	100800000
10	100800001	100840000
10	100840001	100880000
10	100880001	100920000
10	100920001	100960000
10	100960001	101000000
10	101000001	101040000
10	101040001	101080000
10	101080001	101120000
10	101120001	101160000
10	101160001	101200000
10	101200001	101240000
10	101240001	101280000
10	101280001	101320000
10	101320001	101360000
10	101360001	101400000
10	101400001	101440000
10	101440001	101480000
10	101480001	101520000
10	101520001	101560000
10	101560001	101600000
10	101600001	101640000
10	101640001	101680000
10	101680001	101720000
10	101720001	101760000
10	101760001	101800000
10	101800001	101840000
10	101840001	101880000
10	101880001	101920000
10	101920001	101960000
10	101960001	102000000
10	102000001	102040000
10	102040001	102080000
10	102080001	102120000
10	102120001	102160000
10	102160001	102200000
10	102200001	102240000
10	102240001	102280000
10	102280001	102320000
10	102320001	102360000
10	102360001	102400000
10	102400001	102440000
10	102440001	102480000
10	102480001	102520000
10	102520001	102560000
10	102560001	102600000
10	102600001	102640000
10	102640001	102680000
10	102680001	102720000
10	102720001	102760000
10	102760001	102800000
10	102800001	102840000
10	102840001	102880000
10	102880001	102920000
10	102920001	102960000
10	102960001	103000000
10	103000001	103040000
10	103040001	103080000
10	103080001	103120000
10	103120001	103160000
10	103160001	103200000
10	103200001	103240000
10	103240001	103280000
10	103280001	103320000
10	103320001	103360000
10	103360001	103400000
10	103400001	103440000
10	103440001	103480000
10	103480001	103520000
10	103520001	103560000
10	103560001	103600000
10	103600001	103640000
10	103640001	103680000
10	103680001	103720000
10	103720001	103760000
10	103760001	103800000
10	103800001	103840000
10	103840001	103880000
10	103880001	103920000
10	103920001	103960000
10	103960001	104000000
10	104000001	104040000
10	104040001	104080000
10	104080001	104120000
10	104120001	104160000
10	104160001	104200000
10	104200001	104240000
10	104240001	104280000
10	104280001	104320000
10	104320001	104360000
10	104360001	104400000
10	104400001	104440000
10	104440001	104480000
10	104480001	104520000
10	104520001	104560000
10	104560001	104600000
10	104600001	104640000
10	104640001	104680000
10	104680001	104720000
10	104720001	104760000
10	104760001	104800000
10	104800001	104840000
10	104840001	104880000
10	104880001	104920000
10	104920001	104960000
10	104960001	105000000
10	105000001	105040000
10	105040001	105080000
10	105080001	105120000
10	105120001	105160000
10	105160001	105200000
10	105200001	105240000
10	105240001	105280000
10	105280001	105320000
10	105320001	105360000
10	105360001	105400000
10	105400001	105440000
10	105440001	105480000
10	105480001	105520000
10	105520001	105560000
10	105560001	105600000
10	105600001	105640000
10	105640001	105680000
10	105680001	105720000
10	105720001	105760000
10	105760001	105800000
10	105800001	105840000
10	105840001	105880000
10	105880001	105920000
10	105920001	105960000
10	105960001	106000000
10	106000001	106040000
10	106040001	106080000
10	106080001	106120000
10	106120001	106160000
10	106160001	106200000
10	106200001	106240000
10	106240001	106280000
10	106280001	106320000
10	106320001	106360000
10	106360001	106400000
10	106400001	106440000
10	106440001	106480000
10	106480001	106520000
10	106520001	106560000
10	106560001	106600000
10	106600001	106640000
10	106640001	106680000
10	106680001	106720000
10	106720001	106760000
10	106760001	106800000
10	106800001	106840000
10	106840001	106880000
10	106880001	106920000
10	106920001	106960000
10	106960001	107000000
10	107000001	107040000
10	107040001	107080000
10	107080001	107120000
10	107120001	107160000
10	107160001	107200000
10	107200001	107240000
10	107240001	107280000
10	107280001	107320000
10	107320001	107360000
10	107360001	107400000
10	107400001	107440000
10	107440001	107480000
10	107480001	107520000
10	107520001	107560000
10	107560001	107600000
10	107600001	107640000
10	107640001	107680000
10	107680001	107720000
10	107720001	107760000
10	107760001	107800000
10	107800001	107840000
10	107840001	107880000
10	107880001	107920000
10	107920001	107960000
10	107960001	108000000
10	108000001	108040000
10	108040001	108080000
10	108080001	108120000
10	108120001	108160000
10	108160001	108200000
10	108200001	108240000
10	108240001	108280000
10	108280001	108320000
10	108320001	108360000
10	108360001	108400000
10	108400001	108440000
10	108440001	108480000
10	108480001	108520000
10	108520001	108560000
10	108560001	108600000
10	108600001	108640000
10	108640001	108680000
10	108680001	108720000
10	108720001	108760000
10	108760001	108800000
10	108800001	108840000
10	108840001	108880000
10	108880001	108920000
10	108920001	108960000
10	108960001	109000000
10	109000001	109040000
10	109040001	109080000
10	109080001	109120000
10	109120001	109160000
10	109160001	109200000
10	109200001	109240000
10	109240001	109280000
10	109280001	109320000
10	109320001	109360000
10	109360001	109400000
10	109400001	109440000
10	109440001	109480000
10	109480001	109520000
10	109520001	109560000
10	109560001	109600000
10	109600001	109640000
10	109640001	109680000
10	109680001	109720000
10	109720001	109760000
10	109760001	109800000
10	109800001	109840000
10	109840001	109880000
10	109880001	109920000
10	109920001	109960000
10	109960001	110000000
10	110000001	110040000
10	110040001	110080000
10	110080001	110120000
10	110120001	110160000
10	110160001	110200000
10	110200001	110240000
10	110240001	110280000
10	110280001	110320000
10	110320001	110360000
10	110360001	110400000
10	110400001	110440000
10	110440001	110480000
10	110480001	110520000
10	110520001	110560000
10	110560001	110600000
10	110600001	110640000
10	110640001	110680000
10	110680001	110720000
10	110720001	110760000
10	110760001	110800000
10	110800001	110840000
10	110840001	110880000
10	110880001	110920000
10	110920001	110960000
10	110960001	111000000
10	111000001	111040000
10	111040001	111080000
10	111080001	111120000
10	111120001	111160000
10	111160001	111200000
10	111200001	111240000
10	111240001	111280000
10	111280001	111320000
10	111320001	111360000
10	111360001	111400000
10	111400001	111440000
10	111440001	111480000
10	111480001	111520000
10	111520001	111560000
10	111560001	111600000
10	111600001	111640000
10	111640001	111680000
10	111680001	111720000
10	111720001	111760000
10	111760001	111800000
10	111800001	111840000
10	111840001	111880000
10	111880001	111920000
10	111920001	111960000
10	111960001	112000000
10	112000001	112040000
10	112040001	112080000
10	112080001	112120000
10	112120001	112160000
10	112160001	112200000
10	112200001	112240000
10	112240001	112280000
10	112280001	112320000
10	112320001	112360000
10	112360001	112400000
10	112400001	112440000
10	112440001	112480000
10	112480001	112520000
10	112520001	112560000
10	112560001	112600000
10	112600001	112640000
10	112640001	112680000
10	112680001	112720000
10	112720001	112760000
10	112760001	112800000
10	112800001	112840000
10	112840001	112880000
10	112880001	112920000
10	112920001	112960000
10	112960001	113000000
10	113000001	113040000
10	113040001	113080000
10	113080001	113120000
10	113120001	113160000
10	113160001	113200000
10	113200001	113240000
10	113240001	113280000
10	113280001	113320000
10	113320001	113360000
10	113360001	113400000
10	113400001	113440000
10	113440001	113480000
10	113480001	113520000
10	113520001	113560000
10	113560001	113600000
10	113600001	113640000
10	113640001	113680000
10	113680001	113720000
10	113720001	113760000
10	113760001	113800000
10	113800001	113840000
10	113840001	113880000
10	113880001	113920000
10	113920001	113960000
10	113960001	114000000
10	114000001	114040000
10	114040001	114080000
10	114080001	114120000
10	114120001	114160000
10	114160001	114200000
10	114200001	114240000
10	114240001	114280000
10	114280001	114320000
10	114320001	114360000
10	114360001	114400000
10	114400001	114440000
10	114440001	114480000
10	114480001	114520000
10	114520001	114560000
10	114560001	114600000
10	114600001	114640000
10	114640001	114680000
10	114680001	114720000
10	114720001	114760000
10	114760001	114800000
10	114800001	114840000
10	114840001	114880000
10	114880001	114920000
10	114920001	114960000
10	114960001	115000000
10	115000001	115040000
10	115040001	115080000
10	115080001	115120000
10	115120001	115160000
10	115160001	115200000
10	115200001	115240000
10	115240001	115280000
10	115280001	115320000
10	115320001	115360000
10	115360001	115400000
10	115400001	115440000
10	115440001	115480000
10	115480001	115520000
10	115520001	115560000
10	115560001	115600000
10	115600001	115640000
10	115640001	115680000
10	115680001	115720000
10	115720001	115760000
10	115760001	115800000
10	115800001	115840000
10	115840001	115880000
10	115880001	115920000
10	115920001	115960000
10	115960001	116000000
10	116000001	116040000
10	116040001	116080000
10	116080001	116120000
10	116120001	116160000
10	116160001	116200000
10	116200001	116240000
10	116240001	116280000
10	116280001	116320000
10	116320001	116360000
10	116360001	116400000
10	116400001	116440000
10	116440001	116480000
10	116480001	116520000
10	116520001	116560000
10	116560001	116600000
10	116600001	116640000
10	116640001	116680000
10	116680001	116720000
10	116720001	116760000
10	116760001	116800000
10	116800001	116840000
10	116840001	116880000
10	116880001	116920000
10	116920001	116960000
10	116960001	117000000
10	117000001	117040000
10	117040001	117080000
10	117080001	117120000
10	117120001	117160000
10	117160001	117200000
10	117200001	117240000
10	117240001	117280000
10	117280001	117320000
10	117320001	117360000
10	117360001	117400000
10	117400001	117440000
10	117440001	117480000
10	117480001	117520000
10	117520001	117560000
10	117560001	117600000
10	117600001	117640000
10	117640001	117680000
10	117680001	117720000
10	117720001	117760000
10	117760001	117800000
10	117800001	117840000
10	117840001	117880000
10	117880001	117920000
10	117920001	117960000
10	117960001	118000000
10	118000001	118040000
10	118040001	118080000
10	118080001	118120000
10	118120001	118160000
10	118160001	118200000
10	118200001	118240000
10	118240001	118280000
10	118280001	118320000
10	118320001	118360000
10	118360001	118400000
10	118400001	118440000
10	118440001	118480000
10	118480001	118520000
10	118520001	118560000
10	118560001	118600000
10	118600001	118640000
10	118640001	118680000
10	118680001	118720000
10	118720001	118760000
10	118760001	118800000
10	118800001	118840000
10	118840001	118880000
10	118880001	118920000
10	118920001	118960000
10	118960001	119000000
10	119000001	119040000
10	119040001	119080000
10	119080001	119120000
10	119120001	119160000
10	119160001	119200000
10	119200001	119240000
10	119240001	119280000
10	119280001	119320000
10	119320001	119360000
10	119360001	119400000
10	119400001	119440000
10	119440001	119480000
10	119480001	119520000
10	119520001	119560000
10	119560001	119600000
10	119600001	119640000
10	119640001	119680000
10	119680001	119720000
10	119720001	119760000
10	119760001	119800000
10	119800001	119840000
10	119840001	119880000
10	119880001	119920000
10	119920001	119960000
10	119960001	120000000
10	120000001	120040000
10	120040001	120080000
10	120080001	120120000
10	120120001	120160000
10	120160001	120200000
10	120200001	120240000
10	120240001	120280000
10	120280001	120320000
10	120320001	120360000
10	120360001	120400000
10	120400001	120440000
10	120440001	120480000
10	120480001	120520000
10	120520001	120560000
10	120560001	120600000
10	120600001	120640000
10	120640001	120680000
10	120680001	120720000
10	120720001	120760000
10	120760001	120800000
10	120800001	120840000
10	120840001	120880000
10	120880001	120920000
10	120920001	120960000
10	120960001	121000000
10	121000001	121040000
10	121040001	121080000
10	121080001	121120000
10	121120001	121160000
10	121160001	121200000
10	121200001	121240000
10	121240001	121280000
10	121280001	121320000
10	121320001	121360000
10	121360001	121400000
10	121400001	121440000
10	121440001	121480000
10	121480001	121520000
10	121520001	121560000
10	121560001	121600000
10	121600001	121640000
10	121640001	121680000
10	121680001	121720000
10	121720001	121760000
10	121760001	121800000
10	121800001	121840000
10	121840001	121880000
10	121880001	121920000
10	121920001	121960000
10	121960001	122000000
10	122000001	122040000
10	122040001	122080000
10	122080001	122120000
10	122120001	122160000
10	122160001	122200000
10	122200001	122240000
10	122240001	122280000
10	122280001	122320000
10	122320001	122360000
10	122360001	122400000
10	122400001	122440000
10	122440001	122480000
10	122480001	122520000
10	122520001	122560000
10	122560001	122600000
10	122600001	122640000
10	122640001	122680000
10	122680001	122720000
10	122720001	122760000
10	122760001	122800000
10	122800001	122840000
10	122840001	122880000
10	122880001	122920000
10	122920001	122960000
10	122960001	123000000
10	123000001	123040000
10	123040001	123080000
10	123080001	123120000
10	123120001	123160000
10	123160001	123200000
10	123200001	123240000
10	123240001	123280000
10	123280001	123320000
10	123320001	123360000
10	123360001	123400000
10	123400001	123440000
10	123440001	123480000
10	123480001	123520000
10	123520001	123560000
10	123560001	123600000
10	123600001	123640000
10	123640001	123680000
10	123680001	123720000
10	123720001	123760000
10	123760001	123800000
10	123800001	123840000
10	123840001	123880000
10	123880001	123920000
10	123920001	123960000
10	123960001	124000000
10	124000001	124040000
10	124040001	124080000
10	124080001	124120000
10	124120001	124160000
10	124160001	124200000
10	124200001	124240000
10	124240001	124280000
10	124280001	124320000
10	124320001	124360000
10	124360001	124400000
10	124400001	124440000
10	124440001	124480000
10	124480001	124520000
10	124520001	124560000
10	124560001	124600000
10	124600001	124640000
10	124640001	124680000
10	124680001	124720000
10	124720001	124760000
10	124760001	124800000
10	124800001	124840000
10	124840001	124880000
10	124880001	124920000
10	124920001	124960000
10	124960001	125000000
10	125000001	125040000
10	125040001	125080000
10	125080001	125120000
10	125120001	125160000
10	125160001	125200000
10	125200001	125240000
10	125240001	125280000
10	125280001	125320000
10	125320001	125360000
10	125360001	125400000
10	125400001	125440000
10	125440001	125480000
10	125480001	125520000
10	125520001	125560000
10	125560001	125600000
10	125600001	125640000
10	125640001	125680000
10	125680001	125720000
10	125720001	125760000
10	125760001	125800000
10	125800001	125840000
10	125840001	125880000
10	125880001	125920000
10	125920001	125960000
10	125960001	126000000
10	126000001	126040000
10	126040001	126080000
10	126080001	126120000
10	126120001	126160000
10	126160001	126200000
10	126200001	126240000
10	126240001	126280000
10	126280001	126320000
10	126320001	126360000
10	126360001	126400000
10	126400001	126440000
10	126440001	126480000
10	126480001	126520000
10	126520001	126560000
10	126560001	126600000
10	126600001	126640000
10	126640001	126680000
10	126680001	126720000
10	126720001	126760000
10	126760001	126800000
10	126800001	126840000
10	126840001	126880000
10	126880001	126920000
10	126920001	126960000
10	126960001	127000000
10	127000001	127040000
10	127040001	127080000
10	127080001	127120000
10	127120001	127160000
10	127160001	127200000
10	127200001	127240000
10	127240001	127280000
10	127280001	127320000
10	127320001	127360000
10	127360001	127400000
10	127400001	127440000
10	127440001	127480000
10	127480001	127520000
10	127520001	127560000
10	127560001	127600000
10	127600001	127640000
10	127640001	127680000
10	127680001	127720000
10	127720001	127760000
10	127760001	127800000
10	127800001	127840000
10	127840001	127880000
10	127880001	127920000
10	127920001	127960000
10	127960001	128000000
10	128000001	128040000
10	128040001	128080000
10	128080001	128120000
10	128120001	128160000
10	128160001	128200000
10	128200001	128240000
10	128240001	128280000
10	128280001	128320000
10	128320001	128360000
10	128360001	128400000
10	128400001	128440000
10	128440001	128480000
10	128480001	128520000
10	128520001	128560000
10	128560001	128600000
10	128600001	128640000
10	128640001	128680000
10	128680001	128720000
10	128720001	128760000
10	128760001	128800000
10	128800001	128840000
10	128840001	128880000
10	128880001	128920000
10	128920001	128960000
10	128960001	129000000
10	129000001	129040000
10	129040001	129080000
10	129080001	129120000
10	129120001	129160000
10	129160001	129200000
10	129200001	129240000
10	129240001	129280000
10	129280001	129320000
10	129320001	129360000
10	129360001	129400000
10	129400001	129440000
10	129440001	129480000
10	129480001	129520000
10	129520001	129560000
10	129560001	129600000
10	129600001	129640000
10	129640001	129680000
10	129680001	129720000
10	129720001	129760000
10	129760001	129800000
10	129800001	129840000
10	129840001	129880000
10	129880001	129920000
10	129920001	129960000
10	129960001	130000000
10	130000001	130040000
10	130040001	130080000
10	130080001	130120000
10	130120001	130160000
10	130160001	130200000
10	130200001	130240000
10	130240001	130280000
10	130280001	130320000
10	130320001	130360000
10	130360001	130400000
10	130400001	130440000
10	130440001	130480000
10	130480001	130520000
10	130520001	130560000
10	130560001	130600000
10	130600001	130640000
10	130640001	130680000
10	130680001	130720000
10	130720001	130760000
10	130760001	130800000
10	130800001	130840000
10	130840001	130880000
10	130880001	130920000
10	130920001	130960000
10	130960001	131000000
10	131000001	131040000
10	131040001	131080000
10	131080001	131120000
10	131120001	131160000
10	131160001	131200000
10	131200001	131240000
10	131240001	131280000
10	131280001	131320000
10	131320001	131360000
10	131360001	131400000
10	131400001	131440000
10	131440001	131480000
10	131480001	131520000
10	131520001	131560000
10	131560001	131600000
10	131600001	131640000
10	131640001	131680000
10	131680001	131720000
10	131720001	131760000
10	131760001	131800000
10	131800001	131840000
10	131840001	131880000
10	131880001	131920000
10	131920001	131960000
10	131960001	132000000
10	132000001	132040000
10	132040001	132080000
10	132080001	132120000
10	132120001	132160000
10	132160001	132200000
10	132200001	132240000
10	132240001	132280000
10	132280001	132320000
10	132320001	132360000
10	132360001	132400000
10	132400001	132440000
10	132440001	132480000
10	132480001	132520000
10	132520001	132560000
10	132560001	132600000
10	132600001	132640000
10	132640001	132680000
10	132680001	132720000
10	132720001	132760000
10	132760001	132800000
10	132800001	132840000
10	132840001	132880000
10	132880001	132920000
10	132920001	132960000
10	132960001	133000000
10	133000001	133040000
10	133040001	133080000
10	133080001	133120000
10	133120001	133160000
10	133160001	133200000
10	133200001	133240000
10	133240001	133280000
10	133280001	133320000
10	133320001	133360000
10	133360001	133400000
10	133400001	133440000
10	133440001	133480000
10	133480001	133520000
10	133520001	133560000
10	133560001	133600000
10	133600001	133640000
10	133640001	133680000
10	133680001	133720000
10	133720001	133760000
10	133760001	133800000
10	133800001	133840000
10	133840001	133880000
10	133880001	133920000
10	133920001	133960000
10	133960001	134000000
10	134000001	134040000
10	134040001	134080000
10	134080001	134120000
10	134120001	134160000
10	134160001	134200000
10	134200001	134240000
10	134240001	134280000
10	134280001	134320000
10	134320001	134360000
10	134360001	134400000
10	134400001	134440000
10	134440001	134480000
10	134480001	134520000
10	134520001	134560000
10	134560001	134600000
10	134600001	134640000
10	134640001	134680000
10	134680001	134720000
10	134720001	134760000
10	134760001	134800000
10	134800001	134840000
10	134840001	134880000
10	134880001	134920000
10	134920001	134960000
10	134960001	135000000
10	135000001	135006516
