9	1	40000
9	40001	80000
9	80001	120000
9	120001	160000
9	160001	200000
9	200001	240000
9	240001	280000
9	280001	320000
9	320001	360000
9	360001	400000
9	400001	440000
9	440001	480000
9	480001	520000
9	520001	560000
9	560001	600000
9	600001	640000
9	640001	680000
9	680001	720000
9	720001	760000
9	760001	800000
9	800001	840000
9	840001	880000
9	880001	920000
9	920001	960000
9	960001	1000000
9	1000001	1040000
9	1040001	1080000
9	1080001	1120000
9	1120001	1160000
9	1160001	1200000
9	1200001	1240000
9	1240001	1280000
9	1280001	1320000
9	1320001	1360000
9	1360001	1400000
9	1400001	1440000
9	1440001	1480000
9	1480001	1520000
9	1520001	1560000
9	1560001	1600000
9	1600001	1640000
9	1640001	1680000
9	1680001	1720000
9	1720001	1760000
9	1760001	1800000
9	1800001	1840000
9	1840001	1880000
9	1880001	1920000
9	1920001	1960000
9	1960001	2000000
9	2000001	2040000
9	2040001	2080000
9	2080001	2120000
9	2120001	2160000
9	2160001	2200000
9	2200001	2240000
9	2240001	2280000
9	2280001	2320000
9	2320001	2360000
9	2360001	2400000
9	2400001	2440000
9	2440001	2480000
9	2480001	2520000
9	2520001	2560000
9	2560001	2600000
9	2600001	2640000
9	2640001	2680000
9	2680001	2720000
9	2720001	2760000
9	2760001	2800000
9	2800001	2840000
9	2840001	2880000
9	2880001	2920000
9	2920001	2960000
9	2960001	3000000
9	3000001	3040000
9	3040001	3080000
9	3080001	3120000
9	3120001	3160000
9	3160001	3200000
9	3200001	3240000
9	3240001	3280000
9	3280001	3320000
9	3320001	3360000
9	3360001	3400000
9	3400001	3440000
9	3440001	3480000
9	3480001	3520000
9	3520001	3560000
9	3560001	3600000
9	3600001	3640000
9	3640001	3680000
9	3680001	3720000
9	3720001	3760000
9	3760001	3800000
9	3800001	3840000
9	3840001	3880000
9	3880001	3920000
9	3920001	3960000
9	3960001	4000000
9	4000001	4040000
9	4040001	4080000
9	4080001	4120000
9	4120001	4160000
9	4160001	4200000
9	4200001	4240000
9	4240001	4280000
9	4280001	4320000
9	4320001	4360000
9	4360001	4400000
9	4400001	4440000
9	4440001	4480000
9	4480001	4520000
9	4520001	4560000
9	4560001	4600000
9	4600001	4640000
9	4640001	4680000
9	4680001	4720000
9	4720001	4760000
9	4760001	4800000
9	4800001	4840000
9	4840001	4880000
9	4880001	4920000
9	4920001	4960000
9	4960001	5000000
9	5000001	5040000
9	5040001	5080000
9	5080001	5120000
9	5120001	5160000
9	5160001	5200000
9	5200001	5240000
9	5240001	5280000
9	5280001	5320000
9	5320001	5360000
9	5360001	5400000
9	5400001	5440000
9	5440001	5480000
9	5480001	5520000
9	5520001	5560000
9	5560001	5600000
9	5600001	5640000
9	5640001	5680000
9	5680001	5720000
9	5720001	5760000
9	5760001	5800000
9	5800001	5840000
9	5840001	5880000
9	5880001	5920000
9	5920001	5960000
9	5960001	6000000
9	6000001	6040000
9	6040001	6080000
9	6080001	6120000
9	6120001	6160000
9	6160001	6200000
9	6200001	6240000
9	6240001	6280000
9	6280001	6320000
9	6320001	6360000
9	6360001	6400000
9	6400001	6440000
9	6440001	6480000
9	6480001	6520000
9	6520001	6560000
9	6560001	6600000
9	6600001	6640000
9	6640001	6680000
9	6680001	6720000
9	6720001	6760000
9	6760001	6800000
9	6800001	6840000
9	6840001	6880000
9	6880001	6920000
9	6920001	6960000
9	6960001	7000000
9	7000001	7040000
9	7040001	7080000
9	7080001	7120000
9	7120001	7160000
9	7160001	7200000
9	7200001	7240000
9	7240001	7280000
9	7280001	7320000
9	7320001	7360000
9	7360001	7400000
9	7400001	7440000
9	7440001	7480000
9	7480001	7520000
9	7520001	7560000
9	7560001	7600000
9	7600001	7640000
9	7640001	7680000
9	7680001	7720000
9	7720001	7760000
9	7760001	7800000
9	7800001	7840000
9	7840001	7880000
9	7880001	7920000
9	7920001	7960000
9	7960001	8000000
9	8000001	8040000
9	8040001	8080000
9	8080001	8120000
9	8120001	8160000
9	8160001	8200000
9	8200001	8240000
9	8240001	8280000
9	8280001	8320000
9	8320001	8360000
9	8360001	8400000
9	8400001	8440000
9	8440001	8480000
9	8480001	8520000
9	8520001	8560000
9	8560001	8600000
9	8600001	8640000
9	8640001	8680000
9	8680001	8720000
9	8720001	8760000
9	8760001	8800000
9	8800001	8840000
9	8840001	8880000
9	8880001	8920000
9	8920001	8960000
9	8960001	9000000
9	9000001	9040000
9	9040001	9080000
9	9080001	9120000
9	9120001	9160000
9	9160001	9200000
9	9200001	9240000
9	9240001	9280000
9	9280001	9320000
9	9320001	9360000
9	9360001	9400000
9	9400001	9440000
9	9440001	9480000
9	9480001	9520000
9	9520001	9560000
9	9560001	9600000
9	9600001	9640000
9	9640001	9680000
9	9680001	9720000
9	9720001	9760000
9	9760001	9800000
9	9800001	9840000
9	9840001	9880000
9	9880001	9920000
9	9920001	9960000
9	9960001	10000000
9	10000001	10040000
9	10040001	10080000
9	10080001	10120000
9	10120001	10160000
9	10160001	10200000
9	10200001	10240000
9	10240001	10280000
9	10280001	10320000
9	10320001	10360000
9	10360001	10400000
9	10400001	10440000
9	10440001	10480000
9	10480001	10520000
9	10520001	10560000
9	10560001	10600000
9	10600001	10640000
9	10640001	10680000
9	10680001	10720000
9	10720001	10760000
9	10760001	10800000
9	10800001	10840000
9	10840001	10880000
9	10880001	10920000
9	10920001	10960000
9	10960001	11000000
9	11000001	11040000
9	11040001	11080000
9	11080001	11120000
9	11120001	11160000
9	11160001	11200000
9	11200001	11240000
9	11240001	11280000
9	11280001	11320000
9	11320001	11360000
9	11360001	11400000
9	11400001	11440000
9	11440001	11480000
9	11480001	11520000
9	11520001	11560000
9	11560001	11600000
9	11600001	11640000
9	11640001	11680000
9	11680001	11720000
9	11720001	11760000
9	11760001	11800000
9	11800001	11840000
9	11840001	11880000
9	11880001	11920000
9	11920001	11960000
9	11960001	12000000
9	12000001	12040000
9	12040001	12080000
9	12080001	12120000
9	12120001	12160000
9	12160001	12200000
9	12200001	12240000
9	12240001	12280000
9	12280001	12320000
9	12320001	12360000
9	12360001	12400000
9	12400001	12440000
9	12440001	12480000
9	12480001	12520000
9	12520001	12560000
9	12560001	12600000
9	12600001	12640000
9	12640001	12680000
9	12680001	12720000
9	12720001	12760000
9	12760001	12800000
9	12800001	12840000
9	12840001	12880000
9	12880001	12920000
9	12920001	12960000
9	12960001	13000000
9	13000001	13040000
9	13040001	13080000
9	13080001	13120000
9	13120001	13160000
9	13160001	13200000
9	13200001	13240000
9	13240001	13280000
9	13280001	13320000
9	13320001	13360000
9	13360001	13400000
9	13400001	13440000
9	13440001	13480000
9	13480001	13520000
9	13520001	13560000
9	13560001	13600000
9	13600001	13640000
9	13640001	13680000
9	13680001	13720000
9	13720001	13760000
9	13760001	13800000
9	13800001	13840000
9	13840001	13880000
9	13880001	13920000
9	13920001	13960000
9	13960001	14000000
9	14000001	14040000
9	14040001	14080000
9	14080001	14120000
9	14120001	14160000
9	14160001	14200000
9	14200001	14240000
9	14240001	14280000
9	14280001	14320000
9	14320001	14360000
9	14360001	14400000
9	14400001	14440000
9	14440001	14480000
9	14480001	14520000
9	14520001	14560000
9	14560001	14600000
9	14600001	14640000
9	14640001	14680000
9	14680001	14720000
9	14720001	14760000
9	14760001	14800000
9	14800001	14840000
9	14840001	14880000
9	14880001	14920000
9	14920001	14960000
9	14960001	15000000
9	15000001	15040000
9	15040001	15080000
9	15080001	15120000
9	15120001	15160000
9	15160001	15200000
9	15200001	15240000
9	15240001	15280000
9	15280001	15320000
9	15320001	15360000
9	15360001	15400000
9	15400001	15440000
9	15440001	15480000
9	15480001	15520000
9	15520001	15560000
9	15560001	15600000
9	15600001	15640000
9	15640001	15680000
9	15680001	15720000
9	15720001	15760000
9	15760001	15800000
9	15800001	15840000
9	15840001	15880000
9	15880001	15920000
9	15920001	15960000
9	15960001	16000000
9	16000001	16040000
9	16040001	16080000
9	16080001	16120000
9	16120001	16160000
9	16160001	16200000
9	16200001	16240000
9	16240001	16280000
9	16280001	16320000
9	16320001	16360000
9	16360001	16400000
9	16400001	16440000
9	16440001	16480000
9	16480001	16520000
9	16520001	16560000
9	16560001	16600000
9	16600001	16640000
9	16640001	16680000
9	16680001	16720000
9	16720001	16760000
9	16760001	16800000
9	16800001	16840000
9	16840001	16880000
9	16880001	16920000
9	16920001	16960000
9	16960001	17000000
9	17000001	17040000
9	17040001	17080000
9	17080001	17120000
9	17120001	17160000
9	17160001	17200000
9	17200001	17240000
9	17240001	17280000
9	17280001	17320000
9	17320001	17360000
9	17360001	17400000
9	17400001	17440000
9	17440001	17480000
9	17480001	17520000
9	17520001	17560000
9	17560001	17600000
9	17600001	17640000
9	17640001	17680000
9	17680001	17720000
9	17720001	17760000
9	17760001	17800000
9	17800001	17840000
9	17840001	17880000
9	17880001	17920000
9	17920001	17960000
9	17960001	18000000
9	18000001	18040000
9	18040001	18080000
9	18080001	18120000
9	18120001	18160000
9	18160001	18200000
9	18200001	18240000
9	18240001	18280000
9	18280001	18320000
9	18320001	18360000
9	18360001	18400000
9	18400001	18440000
9	18440001	18480000
9	18480001	18520000
9	18520001	18560000
9	18560001	18600000
9	18600001	18640000
9	18640001	18680000
9	18680001	18720000
9	18720001	18760000
9	18760001	18800000
9	18800001	18840000
9	18840001	18880000
9	18880001	18920000
9	18920001	18960000
9	18960001	19000000
9	19000001	19040000
9	19040001	19080000
9	19080001	19120000
9	19120001	19160000
9	19160001	19200000
9	19200001	19240000
9	19240001	19280000
9	19280001	19320000
9	19320001	19360000
9	19360001	19400000
9	19400001	19440000
9	19440001	19480000
9	19480001	19520000
9	19520001	19560000
9	19560001	19600000
9	19600001	19640000
9	19640001	19680000
9	19680001	19720000
9	19720001	19760000
9	19760001	19800000
9	19800001	19840000
9	19840001	19880000
9	19880001	19920000
9	19920001	19960000
9	19960001	20000000
9	20000001	20040000
9	20040001	20080000
9	20080001	20120000
9	20120001	20160000
9	20160001	20200000
9	20200001	20240000
9	20240001	20280000
9	20280001	20320000
9	20320001	20360000
9	20360001	20400000
9	20400001	20440000
9	20440001	20480000
9	20480001	20520000
9	20520001	20560000
9	20560001	20600000
9	20600001	20640000
9	20640001	20680000
9	20680001	20720000
9	20720001	20760000
9	20760001	20800000
9	20800001	20840000
9	20840001	20880000
9	20880001	20920000
9	20920001	20960000
9	20960001	21000000
9	21000001	21040000
9	21040001	21080000
9	21080001	21120000
9	21120001	21160000
9	21160001	21200000
9	21200001	21240000
9	21240001	21280000
9	21280001	21320000
9	21320001	21360000
9	21360001	21400000
9	21400001	21440000
9	21440001	21480000
9	21480001	21520000
9	21520001	21560000
9	21560001	21600000
9	21600001	21640000
9	21640001	21680000
9	21680001	21720000
9	21720001	21760000
9	21760001	21800000
9	21800001	21840000
9	21840001	21880000
9	21880001	21920000
9	21920001	21960000
9	21960001	22000000
9	22000001	22040000
9	22040001	22080000
9	22080001	22120000
9	22120001	22160000
9	22160001	22200000
9	22200001	22240000
9	22240001	22280000
9	22280001	22320000
9	22320001	22360000
9	22360001	22400000
9	22400001	22440000
9	22440001	22480000
9	22480001	22520000
9	22520001	22560000
9	22560001	22600000
9	22600001	22640000
9	22640001	22680000
9	22680001	22720000
9	22720001	22760000
9	22760001	22800000
9	22800001	22840000
9	22840001	22880000
9	22880001	22920000
9	22920001	22960000
9	22960001	23000000
9	23000001	23040000
9	23040001	23080000
9	23080001	23120000
9	23120001	23160000
9	23160001	23200000
9	23200001	23240000
9	23240001	23280000
9	23280001	23320000
9	23320001	23360000
9	23360001	23400000
9	23400001	23440000
9	23440001	23480000
9	23480001	23520000
9	23520001	23560000
9	23560001	23600000
9	23600001	23640000
9	23640001	23680000
9	23680001	23720000
9	23720001	23760000
9	23760001	23800000
9	23800001	23840000
9	23840001	23880000
9	23880001	23920000
9	23920001	23960000
9	23960001	24000000
9	24000001	24040000
9	24040001	24080000
9	24080001	24120000
9	24120001	24160000
9	24160001	24200000
9	24200001	24240000
9	24240001	24280000
9	24280001	24320000
9	24320001	24360000
9	24360001	24400000
9	24400001	24440000
9	24440001	24480000
9	24480001	24520000
9	24520001	24560000
9	24560001	24600000
9	24600001	24640000
9	24640001	24680000
9	24680001	24720000
9	24720001	24760000
9	24760001	24800000
9	24800001	24840000
9	24840001	24880000
9	24880001	24920000
9	24920001	24960000
9	24960001	25000000
9	25000001	25040000
9	25040001	25080000
9	25080001	25120000
9	25120001	25160000
9	25160001	25200000
9	25200001	25240000
9	25240001	25280000
9	25280001	25320000
9	25320001	25360000
9	25360001	25400000
9	25400001	25440000
9	25440001	25480000
9	25480001	25520000
9	25520001	25560000
9	25560001	25600000
9	25600001	25640000
9	25640001	25680000
9	25680001	25720000
9	25720001	25760000
9	25760001	25800000
9	25800001	25840000
9	25840001	25880000
9	25880001	25920000
9	25920001	25960000
9	25960001	26000000
9	26000001	26040000
9	26040001	26080000
9	26080001	26120000
9	26120001	26160000
9	26160001	26200000
9	26200001	26240000
9	26240001	26280000
9	26280001	26320000
9	26320001	26360000
9	26360001	26400000
9	26400001	26440000
9	26440001	26480000
9	26480001	26520000
9	26520001	26560000
9	26560001	26600000
9	26600001	26640000
9	26640001	26680000
9	26680001	26720000
9	26720001	26760000
9	26760001	26800000
9	26800001	26840000
9	26840001	26880000
9	26880001	26920000
9	26920001	26960000
9	26960001	27000000
9	27000001	27040000
9	27040001	27080000
9	27080001	27120000
9	27120001	27160000
9	27160001	27200000
9	27200001	27240000
9	27240001	27280000
9	27280001	27320000
9	27320001	27360000
9	27360001	27400000
9	27400001	27440000
9	27440001	27480000
9	27480001	27520000
9	27520001	27560000
9	27560001	27600000
9	27600001	27640000
9	27640001	27680000
9	27680001	27720000
9	27720001	27760000
9	27760001	27800000
9	27800001	27840000
9	27840001	27880000
9	27880001	27920000
9	27920001	27960000
9	27960001	28000000
9	28000001	28040000
9	28040001	28080000
9	28080001	28120000
9	28120001	28160000
9	28160001	28200000
9	28200001	28240000
9	28240001	28280000
9	28280001	28320000
9	28320001	28360000
9	28360001	28400000
9	28400001	28440000
9	28440001	28480000
9	28480001	28520000
9	28520001	28560000
9	28560001	28600000
9	28600001	28640000
9	28640001	28680000
9	28680001	28720000
9	28720001	28760000
9	28760001	28800000
9	28800001	28840000
9	28840001	28880000
9	28880001	28920000
9	28920001	28960000
9	28960001	29000000
9	29000001	29040000
9	29040001	29080000
9	29080001	29120000
9	29120001	29160000
9	29160001	29200000
9	29200001	29240000
9	29240001	29280000
9	29280001	29320000
9	29320001	29360000
9	29360001	29400000
9	29400001	29440000
9	29440001	29480000
9	29480001	29520000
9	29520001	29560000
9	29560001	29600000
9	29600001	29640000
9	29640001	29680000
9	29680001	29720000
9	29720001	29760000
9	29760001	29800000
9	29800001	29840000
9	29840001	29880000
9	29880001	29920000
9	29920001	29960000
9	29960001	30000000
9	30000001	30040000
9	30040001	30080000
9	30080001	30120000
9	30120001	30160000
9	30160001	30200000
9	30200001	30240000
9	30240001	30280000
9	30280001	30320000
9	30320001	30360000
9	30360001	30400000
9	30400001	30440000
9	30440001	30480000
9	30480001	30520000
9	30520001	30560000
9	30560001	30600000
9	30600001	30640000
9	30640001	30680000
9	30680001	30720000
9	30720001	30760000
9	30760001	30800000
9	30800001	30840000
9	30840001	30880000
9	30880001	30920000
9	30920001	30960000
9	30960001	31000000
9	31000001	31040000
9	31040001	31080000
9	31080001	31120000
9	31120001	31160000
9	31160001	31200000
9	31200001	31240000
9	31240001	31280000
9	31280001	31320000
9	31320001	31360000
9	31360001	31400000
9	31400001	31440000
9	31440001	31480000
9	31480001	31520000
9	31520001	31560000
9	31560001	31600000
9	31600001	31640000
9	31640001	31680000
9	31680001	31720000
9	31720001	31760000
9	31760001	31800000
9	31800001	31840000
9	31840001	31880000
9	31880001	31920000
9	31920001	31960000
9	31960001	32000000
9	32000001	32040000
9	32040001	32080000
9	32080001	32120000
9	32120001	32160000
9	32160001	32200000
9	32200001	32240000
9	32240001	32280000
9	32280001	32320000
9	32320001	32360000
9	32360001	32400000
9	32400001	32440000
9	32440001	32480000
9	32480001	32520000
9	32520001	32560000
9	32560001	32600000
9	32600001	32640000
9	32640001	32680000
9	32680001	32720000
9	32720001	32760000
9	32760001	32800000
9	32800001	32840000
9	32840001	32880000
9	32880001	32920000
9	32920001	32960000
9	32960001	33000000
9	33000001	33040000
9	33040001	33080000
9	33080001	33120000
9	33120001	33160000
9	33160001	33200000
9	33200001	33240000
9	33240001	33280000
9	33280001	33320000
9	33320001	33360000
9	33360001	33400000
9	33400001	33440000
9	33440001	33480000
9	33480001	33520000
9	33520001	33560000
9	33560001	33600000
9	33600001	33640000
9	33640001	33680000
9	33680001	33720000
9	33720001	33760000
9	33760001	33800000
9	33800001	33840000
9	33840001	33880000
9	33880001	33920000
9	33920001	33960000
9	33960001	34000000
9	34000001	34040000
9	34040001	34080000
9	34080001	34120000
9	34120001	34160000
9	34160001	34200000
9	34200001	34240000
9	34240001	34280000
9	34280001	34320000
9	34320001	34360000
9	34360001	34400000
9	34400001	34440000
9	34440001	34480000
9	34480001	34520000
9	34520001	34560000
9	34560001	34600000
9	34600001	34640000
9	34640001	34680000
9	34680001	34720000
9	34720001	34760000
9	34760001	34800000
9	34800001	34840000
9	34840001	34880000
9	34880001	34920000
9	34920001	34960000
9	34960001	35000000
9	35000001	35040000
9	35040001	35080000
9	35080001	35120000
9	35120001	35160000
9	35160001	35200000
9	35200001	35240000
9	35240001	35280000
9	35280001	35320000
9	35320001	35360000
9	35360001	35400000
9	35400001	35440000
9	35440001	35480000
9	35480001	35520000
9	35520001	35560000
9	35560001	35600000
9	35600001	35640000
9	35640001	35680000
9	35680001	35720000
9	35720001	35760000
9	35760001	35800000
9	35800001	35840000
9	35840001	35880000
9	35880001	35920000
9	35920001	35960000
9	35960001	36000000
9	36000001	36040000
9	36040001	36080000
9	36080001	36120000
9	36120001	36160000
9	36160001	36200000
9	36200001	36240000
9	36240001	36280000
9	36280001	36320000
9	36320001	36360000
9	36360001	36400000
9	36400001	36440000
9	36440001	36480000
9	36480001	36520000
9	36520001	36560000
9	36560001	36600000
9	36600001	36640000
9	36640001	36680000
9	36680001	36720000
9	36720001	36760000
9	36760001	36800000
9	36800001	36840000
9	36840001	36880000
9	36880001	36920000
9	36920001	36960000
9	36960001	37000000
9	37000001	37040000
9	37040001	37080000
9	37080001	37120000
9	37120001	37160000
9	37160001	37200000
9	37200001	37240000
9	37240001	37280000
9	37280001	37320000
9	37320001	37360000
9	37360001	37400000
9	37400001	37440000
9	37440001	37480000
9	37480001	37520000
9	37520001	37560000
9	37560001	37600000
9	37600001	37640000
9	37640001	37680000
9	37680001	37720000
9	37720001	37760000
9	37760001	37800000
9	37800001	37840000
9	37840001	37880000
9	37880001	37920000
9	37920001	37960000
9	37960001	38000000
9	38000001	38040000
9	38040001	38080000
9	38080001	38120000
9	38120001	38160000
9	38160001	38200000
9	38200001	38240000
9	38240001	38280000
9	38280001	38320000
9	38320001	38360000
9	38360001	38400000
9	38400001	38440000
9	38440001	38480000
9	38480001	38520000
9	38520001	38560000
9	38560001	38600000
9	38600001	38640000
9	38640001	38680000
9	38680001	38720000
9	38720001	38760000
9	38760001	38800000
9	38800001	38840000
9	38840001	38880000
9	38880001	38920000
9	38920001	38960000
9	38960001	39000000
9	39000001	39040000
9	39040001	39080000
9	39080001	39120000
9	39120001	39160000
9	39160001	39200000
9	39200001	39240000
9	39240001	39280000
9	39280001	39320000
9	39320001	39360000
9	39360001	39400000
9	39400001	39440000
9	39440001	39480000
9	39480001	39520000
9	39520001	39560000
9	39560001	39600000
9	39600001	39640000
9	39640001	39680000
9	39680001	39720000
9	39720001	39760000
9	39760001	39800000
9	39800001	39840000
9	39840001	39880000
9	39880001	39920000
9	39920001	39960000
9	39960001	40000000
9	40000001	40040000
9	40040001	40080000
9	40080001	40120000
9	40120001	40160000
9	40160001	40200000
9	40200001	40240000
9	40240001	40280000
9	40280001	40320000
9	40320001	40360000
9	40360001	40400000
9	40400001	40440000
9	40440001	40480000
9	40480001	40520000
9	40520001	40560000
9	40560001	40600000
9	40600001	40640000
9	40640001	40680000
9	40680001	40720000
9	40720001	40760000
9	40760001	40800000
9	40800001	40840000
9	40840001	40880000
9	40880001	40920000
9	40920001	40960000
9	40960001	41000000
9	41000001	41040000
9	41040001	41080000
9	41080001	41120000
9	41120001	41160000
9	41160001	41200000
9	41200001	41240000
9	41240001	41280000
9	41280001	41320000
9	41320001	41360000
9	41360001	41400000
9	41400001	41440000
9	41440001	41480000
9	41480001	41520000
9	41520001	41560000
9	41560001	41600000
9	41600001	41640000
9	41640001	41680000
9	41680001	41720000
9	41720001	41760000
9	41760001	41800000
9	41800001	41840000
9	41840001	41880000
9	41880001	41920000
9	41920001	41960000
9	41960001	42000000
9	42000001	42040000
9	42040001	42080000
9	42080001	42120000
9	42120001	42160000
9	42160001	42200000
9	42200001	42240000
9	42240001	42280000
9	42280001	42320000
9	42320001	42360000
9	42360001	42400000
9	42400001	42440000
9	42440001	42480000
9	42480001	42520000
9	42520001	42560000
9	42560001	42600000
9	42600001	42640000
9	42640001	42680000
9	42680001	42720000
9	42720001	42760000
9	42760001	42800000
9	42800001	42840000
9	42840001	42880000
9	42880001	42920000
9	42920001	42960000
9	42960001	43000000
9	43000001	43040000
9	43040001	43080000
9	43080001	43120000
9	43120001	43160000
9	43160001	43200000
9	43200001	43240000
9	43240001	43280000
9	43280001	43320000
9	43320001	43360000
9	43360001	43400000
9	43400001	43440000
9	43440001	43480000
9	43480001	43520000
9	43520001	43560000
9	43560001	43600000
9	43600001	43640000
9	43640001	43680000
9	43680001	43720000
9	43720001	43760000
9	43760001	43800000
9	43800001	43840000
9	43840001	43880000
9	43880001	43920000
9	43920001	43960000
9	43960001	44000000
9	44000001	44040000
9	44040001	44080000
9	44080001	44120000
9	44120001	44160000
9	44160001	44200000
9	44200001	44240000
9	44240001	44280000
9	44280001	44320000
9	44320001	44360000
9	44360001	44400000
9	44400001	44440000
9	44440001	44480000
9	44480001	44520000
9	44520001	44560000
9	44560001	44600000
9	44600001	44640000
9	44640001	44680000
9	44680001	44720000
9	44720001	44760000
9	44760001	44800000
9	44800001	44840000
9	44840001	44880000
9	44880001	44920000
9	44920001	44960000
9	44960001	45000000
9	45000001	45040000
9	45040001	45080000
9	45080001	45120000
9	45120001	45160000
9	45160001	45200000
9	45200001	45240000
9	45240001	45280000
9	45280001	45320000
9	45320001	45360000
9	45360001	45400000
9	45400001	45440000
9	45440001	45480000
9	45480001	45520000
9	45520001	45560000
9	45560001	45600000
9	45600001	45640000
9	45640001	45680000
9	45680001	45720000
9	45720001	45760000
9	45760001	45800000
9	45800001	45840000
9	45840001	45880000
9	45880001	45920000
9	45920001	45960000
9	45960001	46000000
9	46000001	46040000
9	46040001	46080000
9	46080001	46120000
9	46120001	46160000
9	46160001	46200000
9	46200001	46240000
9	46240001	46280000
9	46280001	46320000
9	46320001	46360000
9	46360001	46400000
9	46400001	46440000
9	46440001	46480000
9	46480001	46520000
9	46520001	46560000
9	46560001	46600000
9	46600001	46640000
9	46640001	46680000
9	46680001	46720000
9	46720001	46760000
9	46760001	46800000
9	46800001	46840000
9	46840001	46880000
9	46880001	46920000
9	46920001	46960000
9	46960001	47000000
9	47000001	47040000
9	47040001	47080000
9	47080001	47120000
9	47120001	47160000
9	47160001	47200000
9	47200001	47240000
9	47240001	47280000
9	47280001	47320000
9	47320001	47360000
9	47360001	47400000
9	47400001	47440000
9	47440001	47480000
9	47480001	47520000
9	47520001	47560000
9	47560001	47600000
9	47600001	47640000
9	47640001	47680000
9	47680001	47720000
9	47720001	47760000
9	47760001	47800000
9	47800001	47840000
9	47840001	47880000
9	47880001	47920000
9	47920001	47960000
9	47960001	48000000
9	48000001	48040000
9	48040001	48080000
9	48080001	48120000
9	48120001	48160000
9	48160001	48200000
9	48200001	48240000
9	48240001	48280000
9	48280001	48320000
9	48320001	48360000
9	48360001	48400000
9	48400001	48440000
9	48440001	48480000
9	48480001	48520000
9	48520001	48560000
9	48560001	48600000
9	48600001	48640000
9	48640001	48680000
9	48680001	48720000
9	48720001	48760000
9	48760001	48800000
9	48800001	48840000
9	48840001	48880000
9	48880001	48920000
9	48920001	48960000
9	48960001	49000000
9	49000001	49040000
9	49040001	49080000
9	49080001	49120000
9	49120001	49160000
9	49160001	49200000
9	49200001	49240000
9	49240001	49280000
9	49280001	49320000
9	49320001	49360000
9	49360001	49400000
9	49400001	49440000
9	49440001	49480000
9	49480001	49520000
9	49520001	49560000
9	49560001	49600000
9	49600001	49640000
9	49640001	49680000
9	49680001	49720000
9	49720001	49760000
9	49760001	49800000
9	49800001	49840000
9	49840001	49880000
9	49880001	49920000
9	49920001	49960000
9	49960001	50000000
9	50000001	50040000
9	50040001	50080000
9	50080001	50120000
9	50120001	50160000
9	50160001	50200000
9	50200001	50240000
9	50240001	50280000
9	50280001	50320000
9	50320001	50360000
9	50360001	50400000
9	50400001	50440000
9	50440001	50480000
9	50480001	50520000
9	50520001	50560000
9	50560001	50600000
9	50600001	50640000
9	50640001	50680000
9	50680001	50720000
9	50720001	50760000
9	50760001	50800000
9	50800001	50840000
9	50840001	50880000
9	50880001	50920000
9	50920001	50960000
9	50960001	51000000
9	51000001	51040000
9	51040001	51080000
9	51080001	51120000
9	51120001	51160000
9	51160001	51200000
9	51200001	51240000
9	51240001	51280000
9	51280001	51320000
9	51320001	51360000
9	51360001	51400000
9	51400001	51440000
9	51440001	51480000
9	51480001	51520000
9	51520001	51560000
9	51560001	51600000
9	51600001	51640000
9	51640001	51680000
9	51680001	51720000
9	51720001	51760000
9	51760001	51800000
9	51800001	51840000
9	51840001	51880000
9	51880001	51920000
9	51920001	51960000
9	51960001	52000000
9	52000001	52040000
9	52040001	52080000
9	52080001	52120000
9	52120001	52160000
9	52160001	52200000
9	52200001	52240000
9	52240001	52280000
9	52280001	52320000
9	52320001	52360000
9	52360001	52400000
9	52400001	52440000
9	52440001	52480000
9	52480001	52520000
9	52520001	52560000
9	52560001	52600000
9	52600001	52640000
9	52640001	52680000
9	52680001	52720000
9	52720001	52760000
9	52760001	52800000
9	52800001	52840000
9	52840001	52880000
9	52880001	52920000
9	52920001	52960000
9	52960001	53000000
9	53000001	53040000
9	53040001	53080000
9	53080001	53120000
9	53120001	53160000
9	53160001	53200000
9	53200001	53240000
9	53240001	53280000
9	53280001	53320000
9	53320001	53360000
9	53360001	53400000
9	53400001	53440000
9	53440001	53480000
9	53480001	53520000
9	53520001	53560000
9	53560001	53600000
9	53600001	53640000
9	53640001	53680000
9	53680001	53720000
9	53720001	53760000
9	53760001	53800000
9	53800001	53840000
9	53840001	53880000
9	53880001	53920000
9	53920001	53960000
9	53960001	54000000
9	54000001	54040000
9	54040001	54080000
9	54080001	54120000
9	54120001	54160000
9	54160001	54200000
9	54200001	54240000
9	54240001	54280000
9	54280001	54320000
9	54320001	54360000
9	54360001	54400000
9	54400001	54440000
9	54440001	54480000
9	54480001	54520000
9	54520001	54560000
9	54560001	54600000
9	54600001	54640000
9	54640001	54680000
9	54680001	54720000
9	54720001	54760000
9	54760001	54800000
9	54800001	54840000
9	54840001	54880000
9	54880001	54920000
9	54920001	54960000
9	54960001	55000000
9	55000001	55040000
9	55040001	55080000
9	55080001	55120000
9	55120001	55160000
9	55160001	55200000
9	55200001	55240000
9	55240001	55280000
9	55280001	55320000
9	55320001	55360000
9	55360001	55400000
9	55400001	55440000
9	55440001	55480000
9	55480001	55520000
9	55520001	55560000
9	55560001	55600000
9	55600001	55640000
9	55640001	55680000
9	55680001	55720000
9	55720001	55760000
9	55760001	55800000
9	55800001	55840000
9	55840001	55880000
9	55880001	55920000
9	55920001	55960000
9	55960001	56000000
9	56000001	56040000
9	56040001	56080000
9	56080001	56120000
9	56120001	56160000
9	56160001	56200000
9	56200001	56240000
9	56240001	56280000
9	56280001	56320000
9	56320001	56360000
9	56360001	56400000
9	56400001	56440000
9	56440001	56480000
9	56480001	56520000
9	56520001	56560000
9	56560001	56600000
9	56600001	56640000
9	56640001	56680000
9	56680001	56720000
9	56720001	56760000
9	56760001	56800000
9	56800001	56840000
9	56840001	56880000
9	56880001	56920000
9	56920001	56960000
9	56960001	57000000
9	57000001	57040000
9	57040001	57080000
9	57080001	57120000
9	57120001	57160000
9	57160001	57200000
9	57200001	57240000
9	57240001	57280000
9	57280001	57320000
9	57320001	57360000
9	57360001	57400000
9	57400001	57440000
9	57440001	57480000
9	57480001	57520000
9	57520001	57560000
9	57560001	57600000
9	57600001	57640000
9	57640001	57680000
9	57680001	57720000
9	57720001	57760000
9	57760001	57800000
9	57800001	57840000
9	57840001	57880000
9	57880001	57920000
9	57920001	57960000
9	57960001	58000000
9	58000001	58040000
9	58040001	58080000
9	58080001	58120000
9	58120001	58160000
9	58160001	58200000
9	58200001	58240000
9	58240001	58280000
9	58280001	58320000
9	58320001	58360000
9	58360001	58400000
9	58400001	58440000
9	58440001	58480000
9	58480001	58520000
9	58520001	58560000
9	58560001	58600000
9	58600001	58640000
9	58640001	58680000
9	58680001	58720000
9	58720001	58760000
9	58760001	58800000
9	58800001	58840000
9	58840001	58880000
9	58880001	58920000
9	58920001	58960000
9	58960001	59000000
9	59000001	59040000
9	59040001	59080000
9	59080001	59120000
9	59120001	59160000
9	59160001	59200000
9	59200001	59240000
9	59240001	59280000
9	59280001	59320000
9	59320001	59360000
9	59360001	59400000
9	59400001	59440000
9	59440001	59480000
9	59480001	59520000
9	59520001	59560000
9	59560001	59600000
9	59600001	59640000
9	59640001	59680000
9	59680001	59720000
9	59720001	59760000
9	59760001	59800000
9	59800001	59840000
9	59840001	59880000
9	59880001	59920000
9	59920001	59960000
9	59960001	60000000
9	60000001	60040000
9	60040001	60080000
9	60080001	60120000
9	60120001	60160000
9	60160001	60200000
9	60200001	60240000
9	60240001	60280000
9	60280001	60320000
9	60320001	60360000
9	60360001	60400000
9	60400001	60440000
9	60440001	60480000
9	60480001	60520000
9	60520001	60560000
9	60560001	60600000
9	60600001	60640000
9	60640001	60680000
9	60680001	60720000
9	60720001	60760000
9	60760001	60800000
9	60800001	60840000
9	60840001	60880000
9	60880001	60920000
9	60920001	60960000
9	60960001	61000000
9	61000001	61040000
9	61040001	61080000
9	61080001	61120000
9	61120001	61160000
9	61160001	61200000
9	61200001	61240000
9	61240001	61280000
9	61280001	61320000
9	61320001	61360000
9	61360001	61400000
9	61400001	61440000
9	61440001	61480000
9	61480001	61520000
9	61520001	61560000
9	61560001	61600000
9	61600001	61640000
9	61640001	61680000
9	61680001	61720000
9	61720001	61760000
9	61760001	61800000
9	61800001	61840000
9	61840001	61880000
9	61880001	61920000
9	61920001	61960000
9	61960001	62000000
9	62000001	62040000
9	62040001	62080000
9	62080001	62120000
9	62120001	62160000
9	62160001	62200000
9	62200001	62240000
9	62240001	62280000
9	62280001	62320000
9	62320001	62360000
9	62360001	62400000
9	62400001	62440000
9	62440001	62480000
9	62480001	62520000
9	62520001	62560000
9	62560001	62600000
9	62600001	62640000
9	62640001	62680000
9	62680001	62720000
9	62720001	62760000
9	62760001	62800000
9	62800001	62840000
9	62840001	62880000
9	62880001	62920000
9	62920001	62960000
9	62960001	63000000
9	63000001	63040000
9	63040001	63080000
9	63080001	63120000
9	63120001	63160000
9	63160001	63200000
9	63200001	63240000
9	63240001	63280000
9	63280001	63320000
9	63320001	63360000
9	63360001	63400000
9	63400001	63440000
9	63440001	63480000
9	63480001	63520000
9	63520001	63560000
9	63560001	63600000
9	63600001	63640000
9	63640001	63680000
9	63680001	63720000
9	63720001	63760000
9	63760001	63800000
9	63800001	63840000
9	63840001	63880000
9	63880001	63920000
9	63920001	63960000
9	63960001	64000000
9	64000001	64040000
9	64040001	64080000
9	64080001	64120000
9	64120001	64160000
9	64160001	64200000
9	64200001	64240000
9	64240001	64280000
9	64280001	64320000
9	64320001	64360000
9	64360001	64400000
9	64400001	64440000
9	64440001	64480000
9	64480001	64520000
9	64520001	64560000
9	64560001	64600000
9	64600001	64640000
9	64640001	64680000
9	64680001	64720000
9	64720001	64760000
9	64760001	64800000
9	64800001	64840000
9	64840001	64880000
9	64880001	64920000
9	64920001	64960000
9	64960001	65000000
9	65000001	65040000
9	65040001	65080000
9	65080001	65120000
9	65120001	65160000
9	65160001	65200000
9	65200001	65240000
9	65240001	65280000
9	65280001	65320000
9	65320001	65360000
9	65360001	65400000
9	65400001	65440000
9	65440001	65480000
9	65480001	65520000
9	65520001	65560000
9	65560001	65600000
9	65600001	65640000
9	65640001	65680000
9	65680001	65720000
9	65720001	65760000
9	65760001	65800000
9	65800001	65840000
9	65840001	65880000
9	65880001	65920000
9	65920001	65960000
9	65960001	66000000
9	66000001	66040000
9	66040001	66080000
9	66080001	66120000
9	66120001	66160000
9	66160001	66200000
9	66200001	66240000
9	66240001	66280000
9	66280001	66320000
9	66320001	66360000
9	66360001	66400000
9	66400001	66440000
9	66440001	66480000
9	66480001	66520000
9	66520001	66560000
9	66560001	66600000
9	66600001	66640000
9	66640001	66680000
9	66680001	66720000
9	66720001	66760000
9	66760001	66800000
9	66800001	66840000
9	66840001	66880000
9	66880001	66920000
9	66920001	66960000
9	66960001	67000000
9	67000001	67040000
9	67040001	67080000
9	67080001	67120000
9	67120001	67160000
9	67160001	67200000
9	67200001	67240000
9	67240001	67280000
9	67280001	67320000
9	67320001	67360000
9	67360001	67400000
9	67400001	67440000
9	67440001	67480000
9	67480001	67520000
9	67520001	67560000
9	67560001	67600000
9	67600001	67640000
9	67640001	67680000
9	67680001	67720000
9	67720001	67760000
9	67760001	67800000
9	67800001	67840000
9	67840001	67880000
9	67880001	67920000
9	67920001	67960000
9	67960001	68000000
9	68000001	68040000
9	68040001	68080000
9	68080001	68120000
9	68120001	68160000
9	68160001	68200000
9	68200001	68240000
9	68240001	68280000
9	68280001	68320000
9	68320001	68360000
9	68360001	68400000
9	68400001	68440000
9	68440001	68480000
9	68480001	68520000
9	68520001	68560000
9	68560001	68600000
9	68600001	68640000
9	68640001	68680000
9	68680001	68720000
9	68720001	68760000
9	68760001	68800000
9	68800001	68840000
9	68840001	68880000
9	68880001	68920000
9	68920001	68960000
9	68960001	69000000
9	69000001	69040000
9	69040001	69080000
9	69080001	69120000
9	69120001	69160000
9	69160001	69200000
9	69200001	69240000
9	69240001	69280000
9	69280001	69320000
9	69320001	69360000
9	69360001	69400000
9	69400001	69440000
9	69440001	69480000
9	69480001	69520000
9	69520001	69560000
9	69560001	69600000
9	69600001	69640000
9	69640001	69680000
9	69680001	69720000
9	69720001	69760000
9	69760001	69800000
9	69800001	69840000
9	69840001	69880000
9	69880001	69920000
9	69920001	69960000
9	69960001	70000000
9	70000001	70040000
9	70040001	70080000
9	70080001	70120000
9	70120001	70160000
9	70160001	70200000
9	70200001	70240000
9	70240001	70280000
9	70280001	70320000
9	70320001	70360000
9	70360001	70400000
9	70400001	70440000
9	70440001	70480000
9	70480001	70520000
9	70520001	70560000
9	70560001	70600000
9	70600001	70640000
9	70640001	70680000
9	70680001	70720000
9	70720001	70760000
9	70760001	70800000
9	70800001	70840000
9	70840001	70880000
9	70880001	70920000
9	70920001	70960000
9	70960001	71000000
9	71000001	71040000
9	71040001	71080000
9	71080001	71120000
9	71120001	71160000
9	71160001	71200000
9	71200001	71240000
9	71240001	71280000
9	71280001	71320000
9	71320001	71360000
9	71360001	71400000
9	71400001	71440000
9	71440001	71480000
9	71480001	71520000
9	71520001	71560000
9	71560001	71600000
9	71600001	71640000
9	71640001	71680000
9	71680001	71720000
9	71720001	71760000
9	71760001	71800000
9	71800001	71840000
9	71840001	71880000
9	71880001	71920000
9	71920001	71960000
9	71960001	72000000
9	72000001	72040000
9	72040001	72080000
9	72080001	72120000
9	72120001	72160000
9	72160001	72200000
9	72200001	72240000
9	72240001	72280000
9	72280001	72320000
9	72320001	72360000
9	72360001	72400000
9	72400001	72440000
9	72440001	72480000
9	72480001	72520000
9	72520001	72560000
9	72560001	72600000
9	72600001	72640000
9	72640001	72680000
9	72680001	72720000
9	72720001	72760000
9	72760001	72800000
9	72800001	72840000
9	72840001	72880000
9	72880001	72920000
9	72920001	72960000
9	72960001	73000000
9	73000001	73040000
9	73040001	73080000
9	73080001	73120000
9	73120001	73160000
9	73160001	73200000
9	73200001	73240000
9	73240001	73280000
9	73280001	73320000
9	73320001	73360000
9	73360001	73400000
9	73400001	73440000
9	73440001	73480000
9	73480001	73520000
9	73520001	73560000
9	73560001	73600000
9	73600001	73640000
9	73640001	73680000
9	73680001	73720000
9	73720001	73760000
9	73760001	73800000
9	73800001	73840000
9	73840001	73880000
9	73880001	73920000
9	73920001	73960000
9	73960001	74000000
9	74000001	74040000
9	74040001	74080000
9	74080001	74120000
9	74120001	74160000
9	74160001	74200000
9	74200001	74240000
9	74240001	74280000
9	74280001	74320000
9	74320001	74360000
9	74360001	74400000
9	74400001	74440000
9	74440001	74480000
9	74480001	74520000
9	74520001	74560000
9	74560001	74600000
9	74600001	74640000
9	74640001	74680000
9	74680001	74720000
9	74720001	74760000
9	74760001	74800000
9	74800001	74840000
9	74840001	74880000
9	74880001	74920000
9	74920001	74960000
9	74960001	75000000
9	75000001	75040000
9	75040001	75080000
9	75080001	75120000
9	75120001	75160000
9	75160001	75200000
9	75200001	75240000
9	75240001	75280000
9	75280001	75320000
9	75320001	75360000
9	75360001	75400000
9	75400001	75440000
9	75440001	75480000
9	75480001	75520000
9	75520001	75560000
9	75560001	75600000
9	75600001	75640000
9	75640001	75680000
9	75680001	75720000
9	75720001	75760000
9	75760001	75800000
9	75800001	75840000
9	75840001	75880000
9	75880001	75920000
9	75920001	75960000
9	75960001	76000000
9	76000001	76040000
9	76040001	76080000
9	76080001	76120000
9	76120001	76160000
9	76160001	76200000
9	76200001	76240000
9	76240001	76280000
9	76280001	76320000
9	76320001	76360000
9	76360001	76400000
9	76400001	76440000
9	76440001	76480000
9	76480001	76520000
9	76520001	76560000
9	76560001	76600000
9	76600001	76640000
9	76640001	76680000
9	76680001	76720000
9	76720001	76760000
9	76760001	76800000
9	76800001	76840000
9	76840001	76880000
9	76880001	76920000
9	76920001	76960000
9	76960001	77000000
9	77000001	77040000
9	77040001	77080000
9	77080001	77120000
9	77120001	77160000
9	77160001	77200000
9	77200001	77240000
9	77240001	77280000
9	77280001	77320000
9	77320001	77360000
9	77360001	77400000
9	77400001	77440000
9	77440001	77480000
9	77480001	77520000
9	77520001	77560000
9	77560001	77600000
9	77600001	77640000
9	77640001	77680000
9	77680001	77720000
9	77720001	77760000
9	77760001	77800000
9	77800001	77840000
9	77840001	77880000
9	77880001	77920000
9	77920001	77960000
9	77960001	78000000
9	78000001	78040000
9	78040001	78080000
9	78080001	78120000
9	78120001	78160000
9	78160001	78200000
9	78200001	78240000
9	78240001	78280000
9	78280001	78320000
9	78320001	78360000
9	78360001	78400000
9	78400001	78440000
9	78440001	78480000
9	78480001	78520000
9	78520001	78560000
9	78560001	78600000
9	78600001	78640000
9	78640001	78680000
9	78680001	78720000
9	78720001	78760000
9	78760001	78800000
9	78800001	78840000
9	78840001	78880000
9	78880001	78920000
9	78920001	78960000
9	78960001	79000000
9	79000001	79040000
9	79040001	79080000
9	79080001	79120000
9	79120001	79160000
9	79160001	79200000
9	79200001	79240000
9	79240001	79280000
9	79280001	79320000
9	79320001	79360000
9	79360001	79400000
9	79400001	79440000
9	79440001	79480000
9	79480001	79520000
9	79520001	79560000
9	79560001	79600000
9	79600001	79640000
9	79640001	79680000
9	79680001	79720000
9	79720001	79760000
9	79760001	79800000
9	79800001	79840000
9	79840001	79880000
9	79880001	79920000
9	79920001	79960000
9	79960001	80000000
9	80000001	80040000
9	80040001	80080000
9	80080001	80120000
9	80120001	80160000
9	80160001	80200000
9	80200001	80240000
9	80240001	80280000
9	80280001	80320000
9	80320001	80360000
9	80360001	80400000
9	80400001	80440000
9	80440001	80480000
9	80480001	80520000
9	80520001	80560000
9	80560001	80600000
9	80600001	80640000
9	80640001	80680000
9	80680001	80720000
9	80720001	80760000
9	80760001	80800000
9	80800001	80840000
9	80840001	80880000
9	80880001	80920000
9	80920001	80960000
9	80960001	81000000
9	81000001	81040000
9	81040001	81080000
9	81080001	81120000
9	81120001	81160000
9	81160001	81200000
9	81200001	81240000
9	81240001	81280000
9	81280001	81320000
9	81320001	81360000
9	81360001	81400000
9	81400001	81440000
9	81440001	81480000
9	81480001	81520000
9	81520001	81560000
9	81560001	81600000
9	81600001	81640000
9	81640001	81680000
9	81680001	81720000
9	81720001	81760000
9	81760001	81800000
9	81800001	81840000
9	81840001	81880000
9	81880001	81920000
9	81920001	81960000
9	81960001	82000000
9	82000001	82040000
9	82040001	82080000
9	82080001	82120000
9	82120001	82160000
9	82160001	82200000
9	82200001	82240000
9	82240001	82280000
9	82280001	82320000
9	82320001	82360000
9	82360001	82400000
9	82400001	82440000
9	82440001	82480000
9	82480001	82520000
9	82520001	82560000
9	82560001	82600000
9	82600001	82640000
9	82640001	82680000
9	82680001	82720000
9	82720001	82760000
9	82760001	82800000
9	82800001	82840000
9	82840001	82880000
9	82880001	82920000
9	82920001	82960000
9	82960001	83000000
9	83000001	83040000
9	83040001	83080000
9	83080001	83120000
9	83120001	83160000
9	83160001	83200000
9	83200001	83240000
9	83240001	83280000
9	83280001	83320000
9	83320001	83360000
9	83360001	83400000
9	83400001	83440000
9	83440001	83480000
9	83480001	83520000
9	83520001	83560000
9	83560001	83600000
9	83600001	83640000
9	83640001	83680000
9	83680001	83720000
9	83720001	83760000
9	83760001	83800000
9	83800001	83840000
9	83840001	83880000
9	83880001	83920000
9	83920001	83960000
9	83960001	84000000
9	84000001	84040000
9	84040001	84080000
9	84080001	84120000
9	84120001	84160000
9	84160001	84200000
9	84200001	84240000
9	84240001	84280000
9	84280001	84320000
9	84320001	84360000
9	84360001	84400000
9	84400001	84440000
9	84440001	84480000
9	84480001	84520000
9	84520001	84560000
9	84560001	84600000
9	84600001	84640000
9	84640001	84680000
9	84680001	84720000
9	84720001	84760000
9	84760001	84800000
9	84800001	84840000
9	84840001	84880000
9	84880001	84920000
9	84920001	84960000
9	84960001	85000000
9	85000001	85040000
9	85040001	85080000
9	85080001	85120000
9	85120001	85160000
9	85160001	85200000
9	85200001	85240000
9	85240001	85280000
9	85280001	85320000
9	85320001	85360000
9	85360001	85400000
9	85400001	85440000
9	85440001	85480000
9	85480001	85520000
9	85520001	85560000
9	85560001	85600000
9	85600001	85640000
9	85640001	85680000
9	85680001	85720000
9	85720001	85760000
9	85760001	85800000
9	85800001	85840000
9	85840001	85880000
9	85880001	85920000
9	85920001	85960000
9	85960001	86000000
9	86000001	86040000
9	86040001	86080000
9	86080001	86120000
9	86120001	86160000
9	86160001	86200000
9	86200001	86240000
9	86240001	86280000
9	86280001	86320000
9	86320001	86360000
9	86360001	86400000
9	86400001	86440000
9	86440001	86480000
9	86480001	86520000
9	86520001	86560000
9	86560001	86600000
9	86600001	86640000
9	86640001	86680000
9	86680001	86720000
9	86720001	86760000
9	86760001	86800000
9	86800001	86840000
9	86840001	86880000
9	86880001	86920000
9	86920001	86960000
9	86960001	87000000
9	87000001	87040000
9	87040001	87080000
9	87080001	87120000
9	87120001	87160000
9	87160001	87200000
9	87200001	87240000
9	87240001	87280000
9	87280001	87320000
9	87320001	87360000
9	87360001	87400000
9	87400001	87440000
9	87440001	87480000
9	87480001	87520000
9	87520001	87560000
9	87560001	87600000
9	87600001	87640000
9	87640001	87680000
9	87680001	87720000
9	87720001	87760000
9	87760001	87800000
9	87800001	87840000
9	87840001	87880000
9	87880001	87920000
9	87920001	87960000
9	87960001	88000000
9	88000001	88040000
9	88040001	88080000
9	88080001	88120000
9	88120001	88160000
9	88160001	88200000
9	88200001	88240000
9	88240001	88280000
9	88280001	88320000
9	88320001	88360000
9	88360001	88400000
9	88400001	88440000
9	88440001	88480000
9	88480001	88520000
9	88520001	88560000
9	88560001	88600000
9	88600001	88640000
9	88640001	88680000
9	88680001	88720000
9	88720001	88760000
9	88760001	88800000
9	88800001	88840000
9	88840001	88880000
9	88880001	88920000
9	88920001	88960000
9	88960001	89000000
9	89000001	89040000
9	89040001	89080000
9	89080001	89120000
9	89120001	89160000
9	89160001	89200000
9	89200001	89240000
9	89240001	89280000
9	89280001	89320000
9	89320001	89360000
9	89360001	89400000
9	89400001	89440000
9	89440001	89480000
9	89480001	89520000
9	89520001	89560000
9	89560001	89600000
9	89600001	89640000
9	89640001	89680000
9	89680001	89720000
9	89720001	89760000
9	89760001	89800000
9	89800001	89840000
9	89840001	89880000
9	89880001	89920000
9	89920001	89960000
9	89960001	90000000
9	90000001	90040000
9	90040001	90080000
9	90080001	90120000
9	90120001	90160000
9	90160001	90200000
9	90200001	90240000
9	90240001	90280000
9	90280001	90320000
9	90320001	90360000
9	90360001	90400000
9	90400001	90440000
9	90440001	90480000
9	90480001	90520000
9	90520001	90560000
9	90560001	90600000
9	90600001	90640000
9	90640001	90680000
9	90680001	90720000
9	90720001	90760000
9	90760001	90800000
9	90800001	90840000
9	90840001	90880000
9	90880001	90920000
9	90920001	90960000
9	90960001	91000000
9	91000001	91040000
9	91040001	91080000
9	91080001	91120000
9	91120001	91160000
9	91160001	91200000
9	91200001	91240000
9	91240001	91280000
9	91280001	91320000
9	91320001	91360000
9	91360001	91400000
9	91400001	91440000
9	91440001	91480000
9	91480001	91520000
9	91520001	91560000
9	91560001	91600000
9	91600001	91640000
9	91640001	91680000
9	91680001	91720000
9	91720001	91760000
9	91760001	91800000
9	91800001	91840000
9	91840001	91880000
9	91880001	91920000
9	91920001	91960000
9	91960001	92000000
9	92000001	92040000
9	92040001	92080000
9	92080001	92120000
9	92120001	92160000
9	92160001	92200000
9	92200001	92240000
9	92240001	92280000
9	92280001	92320000
9	92320001	92360000
9	92360001	92400000
9	92400001	92440000
9	92440001	92480000
9	92480001	92520000
9	92520001	92560000
9	92560001	92600000
9	92600001	92640000
9	92640001	92680000
9	92680001	92720000
9	92720001	92760000
9	92760001	92800000
9	92800001	92840000
9	92840001	92880000
9	92880001	92920000
9	92920001	92960000
9	92960001	93000000
9	93000001	93040000
9	93040001	93080000
9	93080001	93120000
9	93120001	93160000
9	93160001	93200000
9	93200001	93240000
9	93240001	93280000
9	93280001	93320000
9	93320001	93360000
9	93360001	93400000
9	93400001	93440000
9	93440001	93480000
9	93480001	93520000
9	93520001	93560000
9	93560001	93600000
9	93600001	93640000
9	93640001	93680000
9	93680001	93720000
9	93720001	93760000
9	93760001	93800000
9	93800001	93840000
9	93840001	93880000
9	93880001	93920000
9	93920001	93960000
9	93960001	94000000
9	94000001	94040000
9	94040001	94080000
9	94080001	94120000
9	94120001	94160000
9	94160001	94200000
9	94200001	94240000
9	94240001	94280000
9	94280001	94320000
9	94320001	94360000
9	94360001	94400000
9	94400001	94440000
9	94440001	94480000
9	94480001	94520000
9	94520001	94560000
9	94560001	94600000
9	94600001	94640000
9	94640001	94680000
9	94680001	94720000
9	94720001	94760000
9	94760001	94800000
9	94800001	94840000
9	94840001	94880000
9	94880001	94920000
9	94920001	94960000
9	94960001	95000000
9	95000001	95040000
9	95040001	95080000
9	95080001	95120000
9	95120001	95160000
9	95160001	95200000
9	95200001	95240000
9	95240001	95280000
9	95280001	95320000
9	95320001	95360000
9	95360001	95400000
9	95400001	95440000
9	95440001	95480000
9	95480001	95520000
9	95520001	95560000
9	95560001	95600000
9	95600001	95640000
9	95640001	95680000
9	95680001	95720000
9	95720001	95760000
9	95760001	95800000
9	95800001	95840000
9	95840001	95880000
9	95880001	95920000
9	95920001	95960000
9	95960001	96000000
9	96000001	96040000
9	96040001	96080000
9	96080001	96120000
9	96120001	96160000
9	96160001	96200000
9	96200001	96240000
9	96240001	96280000
9	96280001	96320000
9	96320001	96360000
9	96360001	96400000
9	96400001	96440000
9	96440001	96480000
9	96480001	96520000
9	96520001	96560000
9	96560001	96600000
9	96600001	96640000
9	96640001	96680000
9	96680001	96720000
9	96720001	96760000
9	96760001	96800000
9	96800001	96840000
9	96840001	96880000
9	96880001	96920000
9	96920001	96960000
9	96960001	97000000
9	97000001	97040000
9	97040001	97080000
9	97080001	97120000
9	97120001	97160000
9	97160001	97200000
9	97200001	97240000
9	97240001	97280000
9	97280001	97320000
9	97320001	97360000
9	97360001	97400000
9	97400001	97440000
9	97440001	97480000
9	97480001	97520000
9	97520001	97560000
9	97560001	97600000
9	97600001	97640000
9	97640001	97680000
9	97680001	97720000
9	97720001	97760000
9	97760001	97800000
9	97800001	97840000
9	97840001	97880000
9	97880001	97920000
9	97920001	97960000
9	97960001	98000000
9	98000001	98040000
9	98040001	98080000
9	98080001	98120000
9	98120001	98160000
9	98160001	98200000
9	98200001	98240000
9	98240001	98280000
9	98280001	98320000
9	98320001	98360000
9	98360001	98400000
9	98400001	98440000
9	98440001	98480000
9	98480001	98520000
9	98520001	98560000
9	98560001	98600000
9	98600001	98640000
9	98640001	98680000
9	98680001	98720000
9	98720001	98760000
9	98760001	98800000
9	98800001	98840000
9	98840001	98880000
9	98880001	98920000
9	98920001	98960000
9	98960001	99000000
9	99000001	99040000
9	99040001	99080000
9	99080001	99120000
9	99120001	99160000
9	99160001	99200000
9	99200001	99240000
9	99240001	99280000
9	99280001	99320000
9	99320001	99360000
9	99360001	99400000
9	99400001	99440000
9	99440001	99480000
9	99480001	99520000
9	99520001	99560000
9	99560001	99600000
9	99600001	99640000
9	99640001	99680000
9	99680001	99720000
9	99720001	99760000
9	99760001	99800000
9	99800001	99840000
9	99840001	99880000
9	99880001	99920000
9	99920001	99960000
9	99960001	100000000
9	100000001	100040000
9	100040001	100080000
9	100080001	100120000
9	100120001	100160000
9	100160001	100200000
9	100200001	100240000
9	100240001	100280000
9	100280001	100320000
9	100320001	100360000
9	100360001	100400000
9	100400001	100440000
9	100440001	100480000
9	100480001	100520000
9	100520001	100560000
9	100560001	100600000
9	100600001	100640000
9	100640001	100680000
9	100680001	100720000
9	100720001	100760000
9	100760001	100800000
9	100800001	100840000
9	100840001	100880000
9	100880001	100920000
9	100920001	100960000
9	100960001	101000000
9	101000001	101040000
9	101040001	101080000
9	101080001	101120000
9	101120001	101160000
9	101160001	101200000
9	101200001	101240000
9	101240001	101280000
9	101280001	101320000
9	101320001	101360000
9	101360001	101400000
9	101400001	101440000
9	101440001	101480000
9	101480001	101520000
9	101520001	101560000
9	101560001	101600000
9	101600001	101640000
9	101640001	101680000
9	101680001	101720000
9	101720001	101760000
9	101760001	101800000
9	101800001	101840000
9	101840001	101880000
9	101880001	101920000
9	101920001	101960000
9	101960001	102000000
9	102000001	102040000
9	102040001	102080000
9	102080001	102120000
9	102120001	102160000
9	102160001	102200000
9	102200001	102240000
9	102240001	102280000
9	102280001	102320000
9	102320001	102360000
9	102360001	102400000
9	102400001	102440000
9	102440001	102480000
9	102480001	102520000
9	102520001	102560000
9	102560001	102600000
9	102600001	102640000
9	102640001	102680000
9	102680001	102720000
9	102720001	102760000
9	102760001	102800000
9	102800001	102840000
9	102840001	102880000
9	102880001	102920000
9	102920001	102960000
9	102960001	103000000
9	103000001	103040000
9	103040001	103080000
9	103080001	103120000
9	103120001	103160000
9	103160001	103200000
9	103200001	103240000
9	103240001	103280000
9	103280001	103320000
9	103320001	103360000
9	103360001	103400000
9	103400001	103440000
9	103440001	103480000
9	103480001	103520000
9	103520001	103560000
9	103560001	103600000
9	103600001	103640000
9	103640001	103680000
9	103680001	103720000
9	103720001	103760000
9	103760001	103800000
9	103800001	103840000
9	103840001	103880000
9	103880001	103920000
9	103920001	103960000
9	103960001	104000000
9	104000001	104040000
9	104040001	104080000
9	104080001	104120000
9	104120001	104160000
9	104160001	104200000
9	104200001	104240000
9	104240001	104280000
9	104280001	104320000
9	104320001	104360000
9	104360001	104400000
9	104400001	104440000
9	104440001	104480000
9	104480001	104520000
9	104520001	104560000
9	104560001	104600000
9	104600001	104640000
9	104640001	104680000
9	104680001	104720000
9	104720001	104760000
9	104760001	104800000
9	104800001	104840000
9	104840001	104880000
9	104880001	104920000
9	104920001	104960000
9	104960001	105000000
9	105000001	105040000
9	105040001	105080000
9	105080001	105120000
9	105120001	105160000
9	105160001	105200000
9	105200001	105240000
9	105240001	105280000
9	105280001	105320000
9	105320001	105360000
9	105360001	105400000
9	105400001	105440000
9	105440001	105480000
9	105480001	105520000
9	105520001	105560000
9	105560001	105600000
9	105600001	105640000
9	105640001	105680000
9	105680001	105720000
9	105720001	105760000
9	105760001	105800000
9	105800001	105840000
9	105840001	105880000
9	105880001	105920000
9	105920001	105960000
9	105960001	106000000
9	106000001	106040000
9	106040001	106080000
9	106080001	106120000
9	106120001	106160000
9	106160001	106200000
9	106200001	106240000
9	106240001	106280000
9	106280001	106320000
9	106320001	106360000
9	106360001	106400000
9	106400001	106440000
9	106440001	106480000
9	106480001	106520000
9	106520001	106560000
9	106560001	106600000
9	106600001	106640000
9	106640001	106680000
9	106680001	106720000
9	106720001	106760000
9	106760001	106800000
9	106800001	106840000
9	106840001	106880000
9	106880001	106920000
9	106920001	106960000
9	106960001	107000000
9	107000001	107040000
9	107040001	107080000
9	107080001	107120000
9	107120001	107160000
9	107160001	107200000
9	107200001	107240000
9	107240001	107280000
9	107280001	107320000
9	107320001	107360000
9	107360001	107400000
9	107400001	107440000
9	107440001	107480000
9	107480001	107520000
9	107520001	107560000
9	107560001	107600000
9	107600001	107640000
9	107640001	107680000
9	107680001	107720000
9	107720001	107760000
9	107760001	107800000
9	107800001	107840000
9	107840001	107880000
9	107880001	107920000
9	107920001	107960000
9	107960001	108000000
9	108000001	108040000
9	108040001	108080000
9	108080001	108120000
9	108120001	108160000
9	108160001	108200000
9	108200001	108240000
9	108240001	108280000
9	108280001	108320000
9	108320001	108360000
9	108360001	108400000
9	108400001	108440000
9	108440001	108480000
9	108480001	108520000
9	108520001	108560000
9	108560001	108600000
9	108600001	108640000
9	108640001	108680000
9	108680001	108720000
9	108720001	108760000
9	108760001	108800000
9	108800001	108840000
9	108840001	108880000
9	108880001	108920000
9	108920001	108960000
9	108960001	109000000
9	109000001	109040000
9	109040001	109080000
9	109080001	109120000
9	109120001	109160000
9	109160001	109200000
9	109200001	109240000
9	109240001	109280000
9	109280001	109320000
9	109320001	109360000
9	109360001	109400000
9	109400001	109440000
9	109440001	109480000
9	109480001	109520000
9	109520001	109560000
9	109560001	109600000
9	109600001	109640000
9	109640001	109680000
9	109680001	109720000
9	109720001	109760000
9	109760001	109800000
9	109800001	109840000
9	109840001	109880000
9	109880001	109920000
9	109920001	109960000
9	109960001	110000000
9	110000001	110040000
9	110040001	110080000
9	110080001	110120000
9	110120001	110160000
9	110160001	110200000
9	110200001	110240000
9	110240001	110280000
9	110280001	110320000
9	110320001	110360000
9	110360001	110400000
9	110400001	110440000
9	110440001	110480000
9	110480001	110520000
9	110520001	110560000
9	110560001	110600000
9	110600001	110640000
9	110640001	110680000
9	110680001	110720000
9	110720001	110760000
9	110760001	110800000
9	110800001	110840000
9	110840001	110880000
9	110880001	110920000
9	110920001	110960000
9	110960001	111000000
9	111000001	111040000
9	111040001	111080000
9	111080001	111120000
9	111120001	111160000
9	111160001	111200000
9	111200001	111240000
9	111240001	111280000
9	111280001	111320000
9	111320001	111360000
9	111360001	111400000
9	111400001	111440000
9	111440001	111480000
9	111480001	111520000
9	111520001	111560000
9	111560001	111600000
9	111600001	111640000
9	111640001	111680000
9	111680001	111720000
9	111720001	111760000
9	111760001	111800000
9	111800001	111840000
9	111840001	111880000
9	111880001	111920000
9	111920001	111960000
9	111960001	112000000
9	112000001	112040000
9	112040001	112080000
9	112080001	112120000
9	112120001	112160000
9	112160001	112200000
9	112200001	112240000
9	112240001	112280000
9	112280001	112320000
9	112320001	112360000
9	112360001	112400000
9	112400001	112440000
9	112440001	112480000
9	112480001	112520000
9	112520001	112560000
9	112560001	112600000
9	112600001	112640000
9	112640001	112680000
9	112680001	112720000
9	112720001	112760000
9	112760001	112800000
9	112800001	112840000
9	112840001	112880000
9	112880001	112920000
9	112920001	112960000
9	112960001	113000000
9	113000001	113040000
9	113040001	113080000
9	113080001	113120000
9	113120001	113160000
9	113160001	113200000
9	113200001	113240000
9	113240001	113280000
9	113280001	113320000
9	113320001	113360000
9	113360001	113400000
9	113400001	113440000
9	113440001	113480000
9	113480001	113520000
9	113520001	113560000
9	113560001	113600000
9	113600001	113640000
9	113640001	113680000
9	113680001	113720000
9	113720001	113760000
9	113760001	113800000
9	113800001	113840000
9	113840001	113880000
9	113880001	113920000
9	113920001	113960000
9	113960001	114000000
9	114000001	114040000
9	114040001	114080000
9	114080001	114120000
9	114120001	114160000
9	114160001	114200000
9	114200001	114240000
9	114240001	114280000
9	114280001	114320000
9	114320001	114360000
9	114360001	114400000
9	114400001	114440000
9	114440001	114480000
9	114480001	114520000
9	114520001	114560000
9	114560001	114600000
9	114600001	114640000
9	114640001	114680000
9	114680001	114720000
9	114720001	114760000
9	114760001	114800000
9	114800001	114840000
9	114840001	114880000
9	114880001	114920000
9	114920001	114960000
9	114960001	115000000
9	115000001	115040000
9	115040001	115080000
9	115080001	115120000
9	115120001	115160000
9	115160001	115200000
9	115200001	115240000
9	115240001	115280000
9	115280001	115320000
9	115320001	115360000
9	115360001	115400000
9	115400001	115440000
9	115440001	115480000
9	115480001	115520000
9	115520001	115560000
9	115560001	115600000
9	115600001	115640000
9	115640001	115680000
9	115680001	115720000
9	115720001	115760000
9	115760001	115800000
9	115800001	115840000
9	115840001	115880000
9	115880001	115920000
9	115920001	115960000
9	115960001	116000000
9	116000001	116040000
9	116040001	116080000
9	116080001	116120000
9	116120001	116160000
9	116160001	116200000
9	116200001	116240000
9	116240001	116280000
9	116280001	116320000
9	116320001	116360000
9	116360001	116400000
9	116400001	116440000
9	116440001	116480000
9	116480001	116520000
9	116520001	116560000
9	116560001	116600000
9	116600001	116640000
9	116640001	116680000
9	116680001	116720000
9	116720001	116760000
9	116760001	116800000
9	116800001	116840000
9	116840001	116880000
9	116880001	116920000
9	116920001	116960000
9	116960001	117000000
9	117000001	117040000
9	117040001	117080000
9	117080001	117120000
9	117120001	117160000
9	117160001	117200000
9	117200001	117240000
9	117240001	117280000
9	117280001	117320000
9	117320001	117360000
9	117360001	117400000
9	117400001	117440000
9	117440001	117480000
9	117480001	117520000
9	117520001	117560000
9	117560001	117600000
9	117600001	117640000
9	117640001	117680000
9	117680001	117720000
9	117720001	117760000
9	117760001	117800000
9	117800001	117840000
9	117840001	117880000
9	117880001	117920000
9	117920001	117960000
9	117960001	118000000
9	118000001	118040000
9	118040001	118080000
9	118080001	118120000
9	118120001	118160000
9	118160001	118200000
9	118200001	118240000
9	118240001	118280000
9	118280001	118320000
9	118320001	118360000
9	118360001	118400000
9	118400001	118440000
9	118440001	118480000
9	118480001	118520000
9	118520001	118560000
9	118560001	118600000
9	118600001	118640000
9	118640001	118680000
9	118680001	118720000
9	118720001	118760000
9	118760001	118800000
9	118800001	118840000
9	118840001	118880000
9	118880001	118920000
9	118920001	118960000
9	118960001	119000000
9	119000001	119040000
9	119040001	119080000
9	119080001	119120000
9	119120001	119160000
9	119160001	119200000
9	119200001	119240000
9	119240001	119280000
9	119280001	119320000
9	119320001	119360000
9	119360001	119400000
9	119400001	119440000
9	119440001	119480000
9	119480001	119520000
9	119520001	119560000
9	119560001	119600000
9	119600001	119640000
9	119640001	119680000
9	119680001	119720000
9	119720001	119760000
9	119760001	119800000
9	119800001	119840000
9	119840001	119880000
9	119880001	119920000
9	119920001	119960000
9	119960001	120000000
9	120000001	120040000
9	120040001	120080000
9	120080001	120120000
9	120120001	120160000
9	120160001	120200000
9	120200001	120240000
9	120240001	120280000
9	120280001	120320000
9	120320001	120360000
9	120360001	120400000
9	120400001	120440000
9	120440001	120480000
9	120480001	120520000
9	120520001	120560000
9	120560001	120600000
9	120600001	120640000
9	120640001	120680000
9	120680001	120720000
9	120720001	120760000
9	120760001	120800000
9	120800001	120840000
9	120840001	120880000
9	120880001	120920000
9	120920001	120960000
9	120960001	121000000
9	121000001	121040000
9	121040001	121080000
9	121080001	121120000
9	121120001	121160000
9	121160001	121200000
9	121200001	121240000
9	121240001	121280000
9	121280001	121320000
9	121320001	121360000
9	121360001	121400000
9	121400001	121440000
9	121440001	121480000
9	121480001	121520000
9	121520001	121560000
9	121560001	121600000
9	121600001	121640000
9	121640001	121680000
9	121680001	121720000
9	121720001	121760000
9	121760001	121800000
9	121800001	121840000
9	121840001	121880000
9	121880001	121920000
9	121920001	121960000
9	121960001	122000000
9	122000001	122040000
9	122040001	122080000
9	122080001	122120000
9	122120001	122160000
9	122160001	122200000
9	122200001	122240000
9	122240001	122280000
9	122280001	122320000
9	122320001	122360000
9	122360001	122400000
9	122400001	122440000
9	122440001	122480000
9	122480001	122520000
9	122520001	122560000
9	122560001	122600000
9	122600001	122640000
9	122640001	122680000
9	122680001	122720000
9	122720001	122760000
9	122760001	122800000
9	122800001	122840000
9	122840001	122880000
9	122880001	122920000
9	122920001	122960000
9	122960001	123000000
9	123000001	123040000
9	123040001	123080000
9	123080001	123120000
9	123120001	123160000
9	123160001	123200000
9	123200001	123240000
9	123240001	123280000
9	123280001	123320000
9	123320001	123360000
9	123360001	123400000
9	123400001	123440000
9	123440001	123480000
9	123480001	123520000
9	123520001	123560000
9	123560001	123600000
9	123600001	123640000
9	123640001	123680000
9	123680001	123720000
9	123720001	123760000
9	123760001	123800000
9	123800001	123840000
9	123840001	123880000
9	123880001	123920000
9	123920001	123960000
9	123960001	124000000
9	124000001	124040000
9	124040001	124080000
9	124080001	124120000
9	124120001	124160000
9	124160001	124200000
9	124200001	124240000
9	124240001	124280000
9	124280001	124320000
9	124320001	124360000
9	124360001	124400000
9	124400001	124440000
9	124440001	124480000
9	124480001	124520000
9	124520001	124560000
9	124560001	124600000
9	124600001	124640000
9	124640001	124680000
9	124680001	124720000
9	124720001	124760000
9	124760001	124800000
9	124800001	124840000
9	124840001	124880000
9	124880001	124920000
9	124920001	124960000
9	124960001	125000000
9	125000001	125040000
9	125040001	125080000
9	125080001	125120000
9	125120001	125160000
9	125160001	125200000
9	125200001	125240000
9	125240001	125280000
9	125280001	125320000
9	125320001	125360000
9	125360001	125400000
9	125400001	125440000
9	125440001	125480000
9	125480001	125520000
9	125520001	125560000
9	125560001	125600000
9	125600001	125640000
9	125640001	125680000
9	125680001	125720000
9	125720001	125760000
9	125760001	125800000
9	125800001	125840000
9	125840001	125880000
9	125880001	125920000
9	125920001	125960000
9	125960001	126000000
9	126000001	126040000
9	126040001	126080000
9	126080001	126120000
9	126120001	126160000
9	126160001	126200000
9	126200001	126240000
9	126240001	126280000
9	126280001	126320000
9	126320001	126360000
9	126360001	126400000
9	126400001	126440000
9	126440001	126480000
9	126480001	126520000
9	126520001	126560000
9	126560001	126600000
9	126600001	126640000
9	126640001	126680000
9	126680001	126720000
9	126720001	126760000
9	126760001	126800000
9	126800001	126840000
9	126840001	126880000
9	126880001	126920000
9	126920001	126960000
9	126960001	127000000
9	127000001	127040000
9	127040001	127080000
9	127080001	127120000
9	127120001	127160000
9	127160001	127200000
9	127200001	127240000
9	127240001	127280000
9	127280001	127320000
9	127320001	127360000
9	127360001	127400000
9	127400001	127440000
9	127440001	127480000
9	127480001	127520000
9	127520001	127560000
9	127560001	127600000
9	127600001	127640000
9	127640001	127680000
9	127680001	127720000
9	127720001	127760000
9	127760001	127800000
9	127800001	127840000
9	127840001	127880000
9	127880001	127920000
9	127920001	127960000
9	127960001	128000000
9	128000001	128040000
9	128040001	128080000
9	128080001	128120000
9	128120001	128160000
9	128160001	128200000
9	128200001	128240000
9	128240001	128280000
9	128280001	128320000
9	128320001	128360000
9	128360001	128400000
9	128400001	128440000
9	128440001	128480000
9	128480001	128520000
9	128520001	128560000
9	128560001	128600000
9	128600001	128640000
9	128640001	128680000
9	128680001	128720000
9	128720001	128760000
9	128760001	128800000
9	128800001	128840000
9	128840001	128880000
9	128880001	128920000
9	128920001	128960000
9	128960001	129000000
9	129000001	129040000
9	129040001	129080000
9	129080001	129120000
9	129120001	129160000
9	129160001	129200000
9	129200001	129240000
9	129240001	129280000
9	129280001	129320000
9	129320001	129360000
9	129360001	129400000
9	129400001	129440000
9	129440001	129480000
9	129480001	129520000
9	129520001	129560000
9	129560001	129600000
9	129600001	129640000
9	129640001	129680000
9	129680001	129720000
9	129720001	129760000
9	129760001	129800000
9	129800001	129840000
9	129840001	129880000
9	129880001	129920000
9	129920001	129960000
9	129960001	130000000
9	130000001	130040000
9	130040001	130080000
9	130080001	130120000
9	130120001	130160000
9	130160001	130200000
9	130200001	130240000
9	130240001	130280000
9	130280001	130320000
9	130320001	130360000
9	130360001	130400000
9	130400001	130440000
9	130440001	130480000
9	130480001	130520000
9	130520001	130560000
9	130560001	130600000
9	130600001	130640000
9	130640001	130680000
9	130680001	130720000
9	130720001	130760000
9	130760001	130800000
9	130800001	130840000
9	130840001	130880000
9	130880001	130920000
9	130920001	130960000
9	130960001	131000000
9	131000001	131040000
9	131040001	131080000
9	131080001	131120000
9	131120001	131160000
9	131160001	131200000
9	131200001	131240000
9	131240001	131280000
9	131280001	131320000
9	131320001	131360000
9	131360001	131400000
9	131400001	131440000
9	131440001	131480000
9	131480001	131520000
9	131520001	131560000
9	131560001	131600000
9	131600001	131640000
9	131640001	131680000
9	131680001	131720000
9	131720001	131760000
9	131760001	131800000
9	131800001	131840000
9	131840001	131880000
9	131880001	131920000
9	131920001	131960000
9	131960001	132000000
9	132000001	132040000
9	132040001	132080000
9	132080001	132120000
9	132120001	132160000
9	132160001	132200000
9	132200001	132240000
9	132240001	132280000
9	132280001	132320000
9	132320001	132360000
9	132360001	132400000
9	132400001	132440000
9	132440001	132480000
9	132480001	132520000
9	132520001	132560000
9	132560001	132600000
9	132600001	132640000
9	132640001	132680000
9	132680001	132720000
9	132720001	132760000
9	132760001	132800000
9	132800001	132840000
9	132840001	132880000
9	132880001	132920000
9	132920001	132960000
9	132960001	133000000
9	133000001	133040000
9	133040001	133080000
9	133080001	133120000
9	133120001	133160000
9	133160001	133200000
9	133200001	133240000
9	133240001	133280000
9	133280001	133320000
9	133320001	133360000
9	133360001	133400000
9	133400001	133440000
9	133440001	133480000
9	133480001	133520000
9	133520001	133560000
9	133560001	133600000
9	133600001	133640000
9	133640001	133680000
9	133680001	133720000
9	133720001	133760000
9	133760001	133800000
9	133800001	133840000
9	133840001	133880000
9	133880001	133920000
9	133920001	133960000
9	133960001	134000000
9	134000001	134040000
9	134040001	134080000
9	134080001	134120000
9	134120001	134160000
9	134160001	134200000
9	134200001	134240000
9	134240001	134280000
9	134280001	134320000
9	134320001	134360000
9	134360001	134400000
9	134400001	134440000
9	134440001	134480000
9	134480001	134520000
9	134520001	134560000
9	134560001	134600000
9	134600001	134640000
9	134640001	134680000
9	134680001	134720000
9	134720001	134760000
9	134760001	134800000
9	134800001	134840000
9	134840001	134880000
9	134880001	134920000
9	134920001	134960000
9	134960001	135000000
9	135000001	135040000
9	135040001	135080000
9	135080001	135120000
9	135120001	135160000
9	135160001	135200000
9	135200001	135240000
9	135240001	135280000
9	135280001	135320000
9	135320001	135360000
9	135360001	135400000
9	135400001	135440000
9	135440001	135480000
9	135480001	135520000
9	135520001	135534747
