11	1	40000
11	40001	80000
11	80001	120000
11	120001	160000
11	160001	200000
11	200001	240000
11	240001	280000
11	280001	320000
11	320001	360000
11	360001	400000
11	400001	440000
11	440001	480000
11	480001	520000
11	520001	560000
11	560001	600000
11	600001	640000
11	640001	680000
11	680001	720000
11	720001	760000
11	760001	800000
11	800001	840000
11	840001	880000
11	880001	920000
11	920001	960000
11	960001	1000000
11	1000001	1040000
11	1040001	1080000
11	1080001	1120000
11	1120001	1160000
11	1160001	1200000
11	1200001	1240000
11	1240001	1280000
11	1280001	1320000
11	1320001	1360000
11	1360001	1400000
11	1400001	1440000
11	1440001	1480000
11	1480001	1520000
11	1520001	1560000
11	1560001	1600000
11	1600001	1640000
11	1640001	1680000
11	1680001	1720000
11	1720001	1760000
11	1760001	1800000
11	1800001	1840000
11	1840001	1880000
11	1880001	1920000
11	1920001	1960000
11	1960001	2000000
11	2000001	2040000
11	2040001	2080000
11	2080001	2120000
11	2120001	2160000
11	2160001	2200000
11	2200001	2240000
11	2240001	2280000
11	2280001	2320000
11	2320001	2360000
11	2360001	2400000
11	2400001	2440000
11	2440001	2480000
11	2480001	2520000
11	2520001	2560000
11	2560001	2600000
11	2600001	2640000
11	2640001	2680000
11	2680001	2720000
11	2720001	2760000
11	2760001	2800000
11	2800001	2840000
11	2840001	2880000
11	2880001	2920000
11	2920001	2960000
11	2960001	3000000
11	3000001	3040000
11	3040001	3080000
11	3080001	3120000
11	3120001	3160000
11	3160001	3200000
11	3200001	3240000
11	3240001	3280000
11	3280001	3320000
11	3320001	3360000
11	3360001	3400000
11	3400001	3440000
11	3440001	3480000
11	3480001	3520000
11	3520001	3560000
11	3560001	3600000
11	3600001	3640000
11	3640001	3680000
11	3680001	3720000
11	3720001	3760000
11	3760001	3800000
11	3800001	3840000
11	3840001	3880000
11	3880001	3920000
11	3920001	3960000
11	3960001	4000000
11	4000001	4040000
11	4040001	4080000
11	4080001	4120000
11	4120001	4160000
11	4160001	4200000
11	4200001	4240000
11	4240001	4280000
11	4280001	4320000
11	4320001	4360000
11	4360001	4400000
11	4400001	4440000
11	4440001	4480000
11	4480001	4520000
11	4520001	4560000
11	4560001	4600000
11	4600001	4640000
11	4640001	4680000
11	4680001	4720000
11	4720001	4760000
11	4760001	4800000
11	4800001	4840000
11	4840001	4880000
11	4880001	4920000
11	4920001	4960000
11	4960001	5000000
11	5000001	5040000
11	5040001	5080000
11	5080001	5120000
11	5120001	5160000
11	5160001	5200000
11	5200001	5240000
11	5240001	5280000
11	5280001	5320000
11	5320001	5360000
11	5360001	5400000
11	5400001	5440000
11	5440001	5480000
11	5480001	5520000
11	5520001	5560000
11	5560001	5600000
11	5600001	5640000
11	5640001	5680000
11	5680001	5720000
11	5720001	5760000
11	5760001	5800000
11	5800001	5840000
11	5840001	5880000
11	5880001	5920000
11	5920001	5960000
11	5960001	6000000
11	6000001	6040000
11	6040001	6080000
11	6080001	6120000
11	6120001	6160000
11	6160001	6200000
11	6200001	6240000
11	6240001	6280000
11	6280001	6320000
11	6320001	6360000
11	6360001	6400000
11	6400001	6440000
11	6440001	6480000
11	6480001	6520000
11	6520001	6560000
11	6560001	6600000
11	6600001	6640000
11	6640001	6680000
11	6680001	6720000
11	6720001	6760000
11	6760001	6800000
11	6800001	6840000
11	6840001	6880000
11	6880001	6920000
11	6920001	6960000
11	6960001	7000000
11	7000001	7040000
11	7040001	7080000
11	7080001	7120000
11	7120001	7160000
11	7160001	7200000
11	7200001	7240000
11	7240001	7280000
11	7280001	7320000
11	7320001	7360000
11	7360001	7400000
11	7400001	7440000
11	7440001	7480000
11	7480001	7520000
11	7520001	7560000
11	7560001	7600000
11	7600001	7640000
11	7640001	7680000
11	7680001	7720000
11	7720001	7760000
11	7760001	7800000
11	7800001	7840000
11	7840001	7880000
11	7880001	7920000
11	7920001	7960000
11	7960001	8000000
11	8000001	8040000
11	8040001	8080000
11	8080001	8120000
11	8120001	8160000
11	8160001	8200000
11	8200001	8240000
11	8240001	8280000
11	8280001	8320000
11	8320001	8360000
11	8360001	8400000
11	8400001	8440000
11	8440001	8480000
11	8480001	8520000
11	8520001	8560000
11	8560001	8600000
11	8600001	8640000
11	8640001	8680000
11	8680001	8720000
11	8720001	8760000
11	8760001	8800000
11	8800001	8840000
11	8840001	8880000
11	8880001	8920000
11	8920001	8960000
11	8960001	9000000
11	9000001	9040000
11	9040001	9080000
11	9080001	9120000
11	9120001	9160000
11	9160001	9200000
11	9200001	9240000
11	9240001	9280000
11	9280001	9320000
11	9320001	9360000
11	9360001	9400000
11	9400001	9440000
11	9440001	9480000
11	9480001	9520000
11	9520001	9560000
11	9560001	9600000
11	9600001	9640000
11	9640001	9680000
11	9680001	9720000
11	9720001	9760000
11	9760001	9800000
11	9800001	9840000
11	9840001	9880000
11	9880001	9920000
11	9920001	9960000
11	9960001	10000000
11	10000001	10040000
11	10040001	10080000
11	10080001	10120000
11	10120001	10160000
11	10160001	10200000
11	10200001	10240000
11	10240001	10280000
11	10280001	10320000
11	10320001	10360000
11	10360001	10400000
11	10400001	10440000
11	10440001	10480000
11	10480001	10520000
11	10520001	10560000
11	10560001	10600000
11	10600001	10640000
11	10640001	10680000
11	10680001	10720000
11	10720001	10760000
11	10760001	10800000
11	10800001	10840000
11	10840001	10880000
11	10880001	10920000
11	10920001	10960000
11	10960001	11000000
11	11000001	11040000
11	11040001	11080000
11	11080001	11120000
11	11120001	11160000
11	11160001	11200000
11	11200001	11240000
11	11240001	11280000
11	11280001	11320000
11	11320001	11360000
11	11360001	11400000
11	11400001	11440000
11	11440001	11480000
11	11480001	11520000
11	11520001	11560000
11	11560001	11600000
11	11600001	11640000
11	11640001	11680000
11	11680001	11720000
11	11720001	11760000
11	11760001	11800000
11	11800001	11840000
11	11840001	11880000
11	11880001	11920000
11	11920001	11960000
11	11960001	12000000
11	12000001	12040000
11	12040001	12080000
11	12080001	12120000
11	12120001	12160000
11	12160001	12200000
11	12200001	12240000
11	12240001	12280000
11	12280001	12320000
11	12320001	12360000
11	12360001	12400000
11	12400001	12440000
11	12440001	12480000
11	12480001	12520000
11	12520001	12560000
11	12560001	12600000
11	12600001	12640000
11	12640001	12680000
11	12680001	12720000
11	12720001	12760000
11	12760001	12800000
11	12800001	12840000
11	12840001	12880000
11	12880001	12920000
11	12920001	12960000
11	12960001	13000000
11	13000001	13040000
11	13040001	13080000
11	13080001	13120000
11	13120001	13160000
11	13160001	13200000
11	13200001	13240000
11	13240001	13280000
11	13280001	13320000
11	13320001	13360000
11	13360001	13400000
11	13400001	13440000
11	13440001	13480000
11	13480001	13520000
11	13520001	13560000
11	13560001	13600000
11	13600001	13640000
11	13640001	13680000
11	13680001	13720000
11	13720001	13760000
11	13760001	13800000
11	13800001	13840000
11	13840001	13880000
11	13880001	13920000
11	13920001	13960000
11	13960001	14000000
11	14000001	14040000
11	14040001	14080000
11	14080001	14120000
11	14120001	14160000
11	14160001	14200000
11	14200001	14240000
11	14240001	14280000
11	14280001	14320000
11	14320001	14360000
11	14360001	14400000
11	14400001	14440000
11	14440001	14480000
11	14480001	14520000
11	14520001	14560000
11	14560001	14600000
11	14600001	14640000
11	14640001	14680000
11	14680001	14720000
11	14720001	14760000
11	14760001	14800000
11	14800001	14840000
11	14840001	14880000
11	14880001	14920000
11	14920001	14960000
11	14960001	15000000
11	15000001	15040000
11	15040001	15080000
11	15080001	15120000
11	15120001	15160000
11	15160001	15200000
11	15200001	15240000
11	15240001	15280000
11	15280001	15320000
11	15320001	15360000
11	15360001	15400000
11	15400001	15440000
11	15440001	15480000
11	15480001	15520000
11	15520001	15560000
11	15560001	15600000
11	15600001	15640000
11	15640001	15680000
11	15680001	15720000
11	15720001	15760000
11	15760001	15800000
11	15800001	15840000
11	15840001	15880000
11	15880001	15920000
11	15920001	15960000
11	15960001	16000000
11	16000001	16040000
11	16040001	16080000
11	16080001	16120000
11	16120001	16160000
11	16160001	16200000
11	16200001	16240000
11	16240001	16280000
11	16280001	16320000
11	16320001	16360000
11	16360001	16400000
11	16400001	16440000
11	16440001	16480000
11	16480001	16520000
11	16520001	16560000
11	16560001	16600000
11	16600001	16640000
11	16640001	16680000
11	16680001	16720000
11	16720001	16760000
11	16760001	16800000
11	16800001	16840000
11	16840001	16880000
11	16880001	16920000
11	16920001	16960000
11	16960001	17000000
11	17000001	17040000
11	17040001	17080000
11	17080001	17120000
11	17120001	17160000
11	17160001	17200000
11	17200001	17240000
11	17240001	17280000
11	17280001	17320000
11	17320001	17360000
11	17360001	17400000
11	17400001	17440000
11	17440001	17480000
11	17480001	17520000
11	17520001	17560000
11	17560001	17600000
11	17600001	17640000
11	17640001	17680000
11	17680001	17720000
11	17720001	17760000
11	17760001	17800000
11	17800001	17840000
11	17840001	17880000
11	17880001	17920000
11	17920001	17960000
11	17960001	18000000
11	18000001	18040000
11	18040001	18080000
11	18080001	18120000
11	18120001	18160000
11	18160001	18200000
11	18200001	18240000
11	18240001	18280000
11	18280001	18320000
11	18320001	18360000
11	18360001	18400000
11	18400001	18440000
11	18440001	18480000
11	18480001	18520000
11	18520001	18560000
11	18560001	18600000
11	18600001	18640000
11	18640001	18680000
11	18680001	18720000
11	18720001	18760000
11	18760001	18800000
11	18800001	18840000
11	18840001	18880000
11	18880001	18920000
11	18920001	18960000
11	18960001	19000000
11	19000001	19040000
11	19040001	19080000
11	19080001	19120000
11	19120001	19160000
11	19160001	19200000
11	19200001	19240000
11	19240001	19280000
11	19280001	19320000
11	19320001	19360000
11	19360001	19400000
11	19400001	19440000
11	19440001	19480000
11	19480001	19520000
11	19520001	19560000
11	19560001	19600000
11	19600001	19640000
11	19640001	19680000
11	19680001	19720000
11	19720001	19760000
11	19760001	19800000
11	19800001	19840000
11	19840001	19880000
11	19880001	19920000
11	19920001	19960000
11	19960001	20000000
11	20000001	20040000
11	20040001	20080000
11	20080001	20120000
11	20120001	20160000
11	20160001	20200000
11	20200001	20240000
11	20240001	20280000
11	20280001	20320000
11	20320001	20360000
11	20360001	20400000
11	20400001	20440000
11	20440001	20480000
11	20480001	20520000
11	20520001	20560000
11	20560001	20600000
11	20600001	20640000
11	20640001	20680000
11	20680001	20720000
11	20720001	20760000
11	20760001	20800000
11	20800001	20840000
11	20840001	20880000
11	20880001	20920000
11	20920001	20960000
11	20960001	21000000
11	21000001	21040000
11	21040001	21080000
11	21080001	21120000
11	21120001	21160000
11	21160001	21200000
11	21200001	21240000
11	21240001	21280000
11	21280001	21320000
11	21320001	21360000
11	21360001	21400000
11	21400001	21440000
11	21440001	21480000
11	21480001	21520000
11	21520001	21560000
11	21560001	21600000
11	21600001	21640000
11	21640001	21680000
11	21680001	21720000
11	21720001	21760000
11	21760001	21800000
11	21800001	21840000
11	21840001	21880000
11	21880001	21920000
11	21920001	21960000
11	21960001	22000000
11	22000001	22040000
11	22040001	22080000
11	22080001	22120000
11	22120001	22160000
11	22160001	22200000
11	22200001	22240000
11	22240001	22280000
11	22280001	22320000
11	22320001	22360000
11	22360001	22400000
11	22400001	22440000
11	22440001	22480000
11	22480001	22520000
11	22520001	22560000
11	22560001	22600000
11	22600001	22640000
11	22640001	22680000
11	22680001	22720000
11	22720001	22760000
11	22760001	22800000
11	22800001	22840000
11	22840001	22880000
11	22880001	22920000
11	22920001	22960000
11	22960001	23000000
11	23000001	23040000
11	23040001	23080000
11	23080001	23120000
11	23120001	23160000
11	23160001	23200000
11	23200001	23240000
11	23240001	23280000
11	23280001	23320000
11	23320001	23360000
11	23360001	23400000
11	23400001	23440000
11	23440001	23480000
11	23480001	23520000
11	23520001	23560000
11	23560001	23600000
11	23600001	23640000
11	23640001	23680000
11	23680001	23720000
11	23720001	23760000
11	23760001	23800000
11	23800001	23840000
11	23840001	23880000
11	23880001	23920000
11	23920001	23960000
11	23960001	24000000
11	24000001	24040000
11	24040001	24080000
11	24080001	24120000
11	24120001	24160000
11	24160001	24200000
11	24200001	24240000
11	24240001	24280000
11	24280001	24320000
11	24320001	24360000
11	24360001	24400000
11	24400001	24440000
11	24440001	24480000
11	24480001	24520000
11	24520001	24560000
11	24560001	24600000
11	24600001	24640000
11	24640001	24680000
11	24680001	24720000
11	24720001	24760000
11	24760001	24800000
11	24800001	24840000
11	24840001	24880000
11	24880001	24920000
11	24920001	24960000
11	24960001	25000000
11	25000001	25040000
11	25040001	25080000
11	25080001	25120000
11	25120001	25160000
11	25160001	25200000
11	25200001	25240000
11	25240001	25280000
11	25280001	25320000
11	25320001	25360000
11	25360001	25400000
11	25400001	25440000
11	25440001	25480000
11	25480001	25520000
11	25520001	25560000
11	25560001	25600000
11	25600001	25640000
11	25640001	25680000
11	25680001	25720000
11	25720001	25760000
11	25760001	25800000
11	25800001	25840000
11	25840001	25880000
11	25880001	25920000
11	25920001	25960000
11	25960001	26000000
11	26000001	26040000
11	26040001	26080000
11	26080001	26120000
11	26120001	26160000
11	26160001	26200000
11	26200001	26240000
11	26240001	26280000
11	26280001	26320000
11	26320001	26360000
11	26360001	26400000
11	26400001	26440000
11	26440001	26480000
11	26480001	26520000
11	26520001	26560000
11	26560001	26600000
11	26600001	26640000
11	26640001	26680000
11	26680001	26720000
11	26720001	26760000
11	26760001	26800000
11	26800001	26840000
11	26840001	26880000
11	26880001	26920000
11	26920001	26960000
11	26960001	27000000
11	27000001	27040000
11	27040001	27080000
11	27080001	27120000
11	27120001	27160000
11	27160001	27200000
11	27200001	27240000
11	27240001	27280000
11	27280001	27320000
11	27320001	27360000
11	27360001	27400000
11	27400001	27440000
11	27440001	27480000
11	27480001	27520000
11	27520001	27560000
11	27560001	27600000
11	27600001	27640000
11	27640001	27680000
11	27680001	27720000
11	27720001	27760000
11	27760001	27800000
11	27800001	27840000
11	27840001	27880000
11	27880001	27920000
11	27920001	27960000
11	27960001	28000000
11	28000001	28040000
11	28040001	28080000
11	28080001	28120000
11	28120001	28160000
11	28160001	28200000
11	28200001	28240000
11	28240001	28280000
11	28280001	28320000
11	28320001	28360000
11	28360001	28400000
11	28400001	28440000
11	28440001	28480000
11	28480001	28520000
11	28520001	28560000
11	28560001	28600000
11	28600001	28640000
11	28640001	28680000
11	28680001	28720000
11	28720001	28760000
11	28760001	28800000
11	28800001	28840000
11	28840001	28880000
11	28880001	28920000
11	28920001	28960000
11	28960001	29000000
11	29000001	29040000
11	29040001	29080000
11	29080001	29120000
11	29120001	29160000
11	29160001	29200000
11	29200001	29240000
11	29240001	29280000
11	29280001	29320000
11	29320001	29360000
11	29360001	29400000
11	29400001	29440000
11	29440001	29480000
11	29480001	29520000
11	29520001	29560000
11	29560001	29600000
11	29600001	29640000
11	29640001	29680000
11	29680001	29720000
11	29720001	29760000
11	29760001	29800000
11	29800001	29840000
11	29840001	29880000
11	29880001	29920000
11	29920001	29960000
11	29960001	30000000
11	30000001	30040000
11	30040001	30080000
11	30080001	30120000
11	30120001	30160000
11	30160001	30200000
11	30200001	30240000
11	30240001	30280000
11	30280001	30320000
11	30320001	30360000
11	30360001	30400000
11	30400001	30440000
11	30440001	30480000
11	30480001	30520000
11	30520001	30560000
11	30560001	30600000
11	30600001	30640000
11	30640001	30680000
11	30680001	30720000
11	30720001	30760000
11	30760001	30800000
11	30800001	30840000
11	30840001	30880000
11	30880001	30920000
11	30920001	30960000
11	30960001	31000000
11	31000001	31040000
11	31040001	31080000
11	31080001	31120000
11	31120001	31160000
11	31160001	31200000
11	31200001	31240000
11	31240001	31280000
11	31280001	31320000
11	31320001	31360000
11	31360001	31400000
11	31400001	31440000
11	31440001	31480000
11	31480001	31520000
11	31520001	31560000
11	31560001	31600000
11	31600001	31640000
11	31640001	31680000
11	31680001	31720000
11	31720001	31760000
11	31760001	31800000
11	31800001	31840000
11	31840001	31880000
11	31880001	31920000
11	31920001	31960000
11	31960001	32000000
11	32000001	32040000
11	32040001	32080000
11	32080001	32120000
11	32120001	32160000
11	32160001	32200000
11	32200001	32240000
11	32240001	32280000
11	32280001	32320000
11	32320001	32360000
11	32360001	32400000
11	32400001	32440000
11	32440001	32480000
11	32480001	32520000
11	32520001	32560000
11	32560001	32600000
11	32600001	32640000
11	32640001	32680000
11	32680001	32720000
11	32720001	32760000
11	32760001	32800000
11	32800001	32840000
11	32840001	32880000
11	32880001	32920000
11	32920001	32960000
11	32960001	33000000
11	33000001	33040000
11	33040001	33080000
11	33080001	33120000
11	33120001	33160000
11	33160001	33200000
11	33200001	33240000
11	33240001	33280000
11	33280001	33320000
11	33320001	33360000
11	33360001	33400000
11	33400001	33440000
11	33440001	33480000
11	33480001	33520000
11	33520001	33560000
11	33560001	33600000
11	33600001	33640000
11	33640001	33680000
11	33680001	33720000
11	33720001	33760000
11	33760001	33800000
11	33800001	33840000
11	33840001	33880000
11	33880001	33920000
11	33920001	33960000
11	33960001	34000000
11	34000001	34040000
11	34040001	34080000
11	34080001	34120000
11	34120001	34160000
11	34160001	34200000
11	34200001	34240000
11	34240001	34280000
11	34280001	34320000
11	34320001	34360000
11	34360001	34400000
11	34400001	34440000
11	34440001	34480000
11	34480001	34520000
11	34520001	34560000
11	34560001	34600000
11	34600001	34640000
11	34640001	34680000
11	34680001	34720000
11	34720001	34760000
11	34760001	34800000
11	34800001	34840000
11	34840001	34880000
11	34880001	34920000
11	34920001	34960000
11	34960001	35000000
11	35000001	35040000
11	35040001	35080000
11	35080001	35120000
11	35120001	35160000
11	35160001	35200000
11	35200001	35240000
11	35240001	35280000
11	35280001	35320000
11	35320001	35360000
11	35360001	35400000
11	35400001	35440000
11	35440001	35480000
11	35480001	35520000
11	35520001	35560000
11	35560001	35600000
11	35600001	35640000
11	35640001	35680000
11	35680001	35720000
11	35720001	35760000
11	35760001	35800000
11	35800001	35840000
11	35840001	35880000
11	35880001	35920000
11	35920001	35960000
11	35960001	36000000
11	36000001	36040000
11	36040001	36080000
11	36080001	36120000
11	36120001	36160000
11	36160001	36200000
11	36200001	36240000
11	36240001	36280000
11	36280001	36320000
11	36320001	36360000
11	36360001	36400000
11	36400001	36440000
11	36440001	36480000
11	36480001	36520000
11	36520001	36560000
11	36560001	36600000
11	36600001	36640000
11	36640001	36680000
11	36680001	36720000
11	36720001	36760000
11	36760001	36800000
11	36800001	36840000
11	36840001	36880000
11	36880001	36920000
11	36920001	36960000
11	36960001	37000000
11	37000001	37040000
11	37040001	37080000
11	37080001	37120000
11	37120001	37160000
11	37160001	37200000
11	37200001	37240000
11	37240001	37280000
11	37280001	37320000
11	37320001	37360000
11	37360001	37400000
11	37400001	37440000
11	37440001	37480000
11	37480001	37520000
11	37520001	37560000
11	37560001	37600000
11	37600001	37640000
11	37640001	37680000
11	37680001	37720000
11	37720001	37760000
11	37760001	37800000
11	37800001	37840000
11	37840001	37880000
11	37880001	37920000
11	37920001	37960000
11	37960001	38000000
11	38000001	38040000
11	38040001	38080000
11	38080001	38120000
11	38120001	38160000
11	38160001	38200000
11	38200001	38240000
11	38240001	38280000
11	38280001	38320000
11	38320001	38360000
11	38360001	38400000
11	38400001	38440000
11	38440001	38480000
11	38480001	38520000
11	38520001	38560000
11	38560001	38600000
11	38600001	38640000
11	38640001	38680000
11	38680001	38720000
11	38720001	38760000
11	38760001	38800000
11	38800001	38840000
11	38840001	38880000
11	38880001	38920000
11	38920001	38960000
11	38960001	39000000
11	39000001	39040000
11	39040001	39080000
11	39080001	39120000
11	39120001	39160000
11	39160001	39200000
11	39200001	39240000
11	39240001	39280000
11	39280001	39320000
11	39320001	39360000
11	39360001	39400000
11	39400001	39440000
11	39440001	39480000
11	39480001	39520000
11	39520001	39560000
11	39560001	39600000
11	39600001	39640000
11	39640001	39680000
11	39680001	39720000
11	39720001	39760000
11	39760001	39800000
11	39800001	39840000
11	39840001	39880000
11	39880001	39920000
11	39920001	39960000
11	39960001	40000000
11	40000001	40040000
11	40040001	40080000
11	40080001	40120000
11	40120001	40160000
11	40160001	40200000
11	40200001	40240000
11	40240001	40280000
11	40280001	40320000
11	40320001	40360000
11	40360001	40400000
11	40400001	40440000
11	40440001	40480000
11	40480001	40520000
11	40520001	40560000
11	40560001	40600000
11	40600001	40640000
11	40640001	40680000
11	40680001	40720000
11	40720001	40760000
11	40760001	40800000
11	40800001	40840000
11	40840001	40880000
11	40880001	40920000
11	40920001	40960000
11	40960001	41000000
11	41000001	41040000
11	41040001	41080000
11	41080001	41120000
11	41120001	41160000
11	41160001	41200000
11	41200001	41240000
11	41240001	41280000
11	41280001	41320000
11	41320001	41360000
11	41360001	41400000
11	41400001	41440000
11	41440001	41480000
11	41480001	41520000
11	41520001	41560000
11	41560001	41600000
11	41600001	41640000
11	41640001	41680000
11	41680001	41720000
11	41720001	41760000
11	41760001	41800000
11	41800001	41840000
11	41840001	41880000
11	41880001	41920000
11	41920001	41960000
11	41960001	42000000
11	42000001	42040000
11	42040001	42080000
11	42080001	42120000
11	42120001	42160000
11	42160001	42200000
11	42200001	42240000
11	42240001	42280000
11	42280001	42320000
11	42320001	42360000
11	42360001	42400000
11	42400001	42440000
11	42440001	42480000
11	42480001	42520000
11	42520001	42560000
11	42560001	42600000
11	42600001	42640000
11	42640001	42680000
11	42680001	42720000
11	42720001	42760000
11	42760001	42800000
11	42800001	42840000
11	42840001	42880000
11	42880001	42920000
11	42920001	42960000
11	42960001	43000000
11	43000001	43040000
11	43040001	43080000
11	43080001	43120000
11	43120001	43160000
11	43160001	43200000
11	43200001	43240000
11	43240001	43280000
11	43280001	43320000
11	43320001	43360000
11	43360001	43400000
11	43400001	43440000
11	43440001	43480000
11	43480001	43520000
11	43520001	43560000
11	43560001	43600000
11	43600001	43640000
11	43640001	43680000
11	43680001	43720000
11	43720001	43760000
11	43760001	43800000
11	43800001	43840000
11	43840001	43880000
11	43880001	43920000
11	43920001	43960000
11	43960001	44000000
11	44000001	44040000
11	44040001	44080000
11	44080001	44120000
11	44120001	44160000
11	44160001	44200000
11	44200001	44240000
11	44240001	44280000
11	44280001	44320000
11	44320001	44360000
11	44360001	44400000
11	44400001	44440000
11	44440001	44480000
11	44480001	44520000
11	44520001	44560000
11	44560001	44600000
11	44600001	44640000
11	44640001	44680000
11	44680001	44720000
11	44720001	44760000
11	44760001	44800000
11	44800001	44840000
11	44840001	44880000
11	44880001	44920000
11	44920001	44960000
11	44960001	45000000
11	45000001	45040000
11	45040001	45080000
11	45080001	45120000
11	45120001	45160000
11	45160001	45200000
11	45200001	45240000
11	45240001	45280000
11	45280001	45320000
11	45320001	45360000
11	45360001	45400000
11	45400001	45440000
11	45440001	45480000
11	45480001	45520000
11	45520001	45560000
11	45560001	45600000
11	45600001	45640000
11	45640001	45680000
11	45680001	45720000
11	45720001	45760000
11	45760001	45800000
11	45800001	45840000
11	45840001	45880000
11	45880001	45920000
11	45920001	45960000
11	45960001	46000000
11	46000001	46040000
11	46040001	46080000
11	46080001	46120000
11	46120001	46160000
11	46160001	46200000
11	46200001	46240000
11	46240001	46280000
11	46280001	46320000
11	46320001	46360000
11	46360001	46400000
11	46400001	46440000
11	46440001	46480000
11	46480001	46520000
11	46520001	46560000
11	46560001	46600000
11	46600001	46640000
11	46640001	46680000
11	46680001	46720000
11	46720001	46760000
11	46760001	46800000
11	46800001	46840000
11	46840001	46880000
11	46880001	46920000
11	46920001	46960000
11	46960001	47000000
11	47000001	47040000
11	47040001	47080000
11	47080001	47120000
11	47120001	47160000
11	47160001	47200000
11	47200001	47240000
11	47240001	47280000
11	47280001	47320000
11	47320001	47360000
11	47360001	47400000
11	47400001	47440000
11	47440001	47480000
11	47480001	47520000
11	47520001	47560000
11	47560001	47600000
11	47600001	47640000
11	47640001	47680000
11	47680001	47720000
11	47720001	47760000
11	47760001	47800000
11	47800001	47840000
11	47840001	47880000
11	47880001	47920000
11	47920001	47960000
11	47960001	48000000
11	48000001	48040000
11	48040001	48080000
11	48080001	48120000
11	48120001	48160000
11	48160001	48200000
11	48200001	48240000
11	48240001	48280000
11	48280001	48320000
11	48320001	48360000
11	48360001	48400000
11	48400001	48440000
11	48440001	48480000
11	48480001	48520000
11	48520001	48560000
11	48560001	48600000
11	48600001	48640000
11	48640001	48680000
11	48680001	48720000
11	48720001	48760000
11	48760001	48800000
11	48800001	48840000
11	48840001	48880000
11	48880001	48920000
11	48920001	48960000
11	48960001	49000000
11	49000001	49040000
11	49040001	49080000
11	49080001	49120000
11	49120001	49160000
11	49160001	49200000
11	49200001	49240000
11	49240001	49280000
11	49280001	49320000
11	49320001	49360000
11	49360001	49400000
11	49400001	49440000
11	49440001	49480000
11	49480001	49520000
11	49520001	49560000
11	49560001	49600000
11	49600001	49640000
11	49640001	49680000
11	49680001	49720000
11	49720001	49760000
11	49760001	49800000
11	49800001	49840000
11	49840001	49880000
11	49880001	49920000
11	49920001	49960000
11	49960001	50000000
11	50000001	50040000
11	50040001	50080000
11	50080001	50120000
11	50120001	50160000
11	50160001	50200000
11	50200001	50240000
11	50240001	50280000
11	50280001	50320000
11	50320001	50360000
11	50360001	50400000
11	50400001	50440000
11	50440001	50480000
11	50480001	50520000
11	50520001	50560000
11	50560001	50600000
11	50600001	50640000
11	50640001	50680000
11	50680001	50720000
11	50720001	50760000
11	50760001	50800000
11	50800001	50840000
11	50840001	50880000
11	50880001	50920000
11	50920001	50960000
11	50960001	51000000
11	51000001	51040000
11	51040001	51080000
11	51080001	51120000
11	51120001	51160000
11	51160001	51200000
11	51200001	51240000
11	51240001	51280000
11	51280001	51320000
11	51320001	51360000
11	51360001	51400000
11	51400001	51440000
11	51440001	51480000
11	51480001	51520000
11	51520001	51560000
11	51560001	51600000
11	51600001	51640000
11	51640001	51680000
11	51680001	51720000
11	51720001	51760000
11	51760001	51800000
11	51800001	51840000
11	51840001	51880000
11	51880001	51920000
11	51920001	51960000
11	51960001	52000000
11	52000001	52040000
11	52040001	52080000
11	52080001	52120000
11	52120001	52160000
11	52160001	52200000
11	52200001	52240000
11	52240001	52280000
11	52280001	52320000
11	52320001	52360000
11	52360001	52400000
11	52400001	52440000
11	52440001	52480000
11	52480001	52520000
11	52520001	52560000
11	52560001	52600000
11	52600001	52640000
11	52640001	52680000
11	52680001	52720000
11	52720001	52760000
11	52760001	52800000
11	52800001	52840000
11	52840001	52880000
11	52880001	52920000
11	52920001	52960000
11	52960001	53000000
11	53000001	53040000
11	53040001	53080000
11	53080001	53120000
11	53120001	53160000
11	53160001	53200000
11	53200001	53240000
11	53240001	53280000
11	53280001	53320000
11	53320001	53360000
11	53360001	53400000
11	53400001	53440000
11	53440001	53480000
11	53480001	53520000
11	53520001	53560000
11	53560001	53600000
11	53600001	53640000
11	53640001	53680000
11	53680001	53720000
11	53720001	53760000
11	53760001	53800000
11	53800001	53840000
11	53840001	53880000
11	53880001	53920000
11	53920001	53960000
11	53960001	54000000
11	54000001	54040000
11	54040001	54080000
11	54080001	54120000
11	54120001	54160000
11	54160001	54200000
11	54200001	54240000
11	54240001	54280000
11	54280001	54320000
11	54320001	54360000
11	54360001	54400000
11	54400001	54440000
11	54440001	54480000
11	54480001	54520000
11	54520001	54560000
11	54560001	54600000
11	54600001	54640000
11	54640001	54680000
11	54680001	54720000
11	54720001	54760000
11	54760001	54800000
11	54800001	54840000
11	54840001	54880000
11	54880001	54920000
11	54920001	54960000
11	54960001	55000000
11	55000001	55040000
11	55040001	55080000
11	55080001	55120000
11	55120001	55160000
11	55160001	55200000
11	55200001	55240000
11	55240001	55280000
11	55280001	55320000
11	55320001	55360000
11	55360001	55400000
11	55400001	55440000
11	55440001	55480000
11	55480001	55520000
11	55520001	55560000
11	55560001	55600000
11	55600001	55640000
11	55640001	55680000
11	55680001	55720000
11	55720001	55760000
11	55760001	55800000
11	55800001	55840000
11	55840001	55880000
11	55880001	55920000
11	55920001	55960000
11	55960001	56000000
11	56000001	56040000
11	56040001	56080000
11	56080001	56120000
11	56120001	56160000
11	56160001	56200000
11	56200001	56240000
11	56240001	56280000
11	56280001	56320000
11	56320001	56360000
11	56360001	56400000
11	56400001	56440000
11	56440001	56480000
11	56480001	56520000
11	56520001	56560000
11	56560001	56600000
11	56600001	56640000
11	56640001	56680000
11	56680001	56720000
11	56720001	56760000
11	56760001	56800000
11	56800001	56840000
11	56840001	56880000
11	56880001	56920000
11	56920001	56960000
11	56960001	57000000
11	57000001	57040000
11	57040001	57080000
11	57080001	57120000
11	57120001	57160000
11	57160001	57200000
11	57200001	57240000
11	57240001	57280000
11	57280001	57320000
11	57320001	57360000
11	57360001	57400000
11	57400001	57440000
11	57440001	57480000
11	57480001	57520000
11	57520001	57560000
11	57560001	57600000
11	57600001	57640000
11	57640001	57680000
11	57680001	57720000
11	57720001	57760000
11	57760001	57800000
11	57800001	57840000
11	57840001	57880000
11	57880001	57920000
11	57920001	57960000
11	57960001	58000000
11	58000001	58040000
11	58040001	58080000
11	58080001	58120000
11	58120001	58160000
11	58160001	58200000
11	58200001	58240000
11	58240001	58280000
11	58280001	58320000
11	58320001	58360000
11	58360001	58400000
11	58400001	58440000
11	58440001	58480000
11	58480001	58520000
11	58520001	58560000
11	58560001	58600000
11	58600001	58640000
11	58640001	58680000
11	58680001	58720000
11	58720001	58760000
11	58760001	58800000
11	58800001	58840000
11	58840001	58880000
11	58880001	58920000
11	58920001	58960000
11	58960001	59000000
11	59000001	59040000
11	59040001	59080000
11	59080001	59120000
11	59120001	59160000
11	59160001	59200000
11	59200001	59240000
11	59240001	59280000
11	59280001	59320000
11	59320001	59360000
11	59360001	59400000
11	59400001	59440000
11	59440001	59480000
11	59480001	59520000
11	59520001	59560000
11	59560001	59600000
11	59600001	59640000
11	59640001	59680000
11	59680001	59720000
11	59720001	59760000
11	59760001	59800000
11	59800001	59840000
11	59840001	59880000
11	59880001	59920000
11	59920001	59960000
11	59960001	60000000
11	60000001	60040000
11	60040001	60080000
11	60080001	60120000
11	60120001	60160000
11	60160001	60200000
11	60200001	60240000
11	60240001	60280000
11	60280001	60320000
11	60320001	60360000
11	60360001	60400000
11	60400001	60440000
11	60440001	60480000
11	60480001	60520000
11	60520001	60560000
11	60560001	60600000
11	60600001	60640000
11	60640001	60680000
11	60680001	60720000
11	60720001	60760000
11	60760001	60800000
11	60800001	60840000
11	60840001	60880000
11	60880001	60920000
11	60920001	60960000
11	60960001	61000000
11	61000001	61040000
11	61040001	61080000
11	61080001	61120000
11	61120001	61160000
11	61160001	61200000
11	61200001	61240000
11	61240001	61280000
11	61280001	61320000
11	61320001	61360000
11	61360001	61400000
11	61400001	61440000
11	61440001	61480000
11	61480001	61520000
11	61520001	61560000
11	61560001	61600000
11	61600001	61640000
11	61640001	61680000
11	61680001	61720000
11	61720001	61760000
11	61760001	61800000
11	61800001	61840000
11	61840001	61880000
11	61880001	61920000
11	61920001	61960000
11	61960001	62000000
11	62000001	62040000
11	62040001	62080000
11	62080001	62120000
11	62120001	62160000
11	62160001	62200000
11	62200001	62240000
11	62240001	62280000
11	62280001	62320000
11	62320001	62360000
11	62360001	62400000
11	62400001	62440000
11	62440001	62480000
11	62480001	62520000
11	62520001	62560000
11	62560001	62600000
11	62600001	62640000
11	62640001	62680000
11	62680001	62720000
11	62720001	62760000
11	62760001	62800000
11	62800001	62840000
11	62840001	62880000
11	62880001	62920000
11	62920001	62960000
11	62960001	63000000
11	63000001	63040000
11	63040001	63080000
11	63080001	63120000
11	63120001	63160000
11	63160001	63200000
11	63200001	63240000
11	63240001	63280000
11	63280001	63320000
11	63320001	63360000
11	63360001	63400000
11	63400001	63440000
11	63440001	63480000
11	63480001	63520000
11	63520001	63560000
11	63560001	63600000
11	63600001	63640000
11	63640001	63680000
11	63680001	63720000
11	63720001	63760000
11	63760001	63800000
11	63800001	63840000
11	63840001	63880000
11	63880001	63920000
11	63920001	63960000
11	63960001	64000000
11	64000001	64040000
11	64040001	64080000
11	64080001	64120000
11	64120001	64160000
11	64160001	64200000
11	64200001	64240000
11	64240001	64280000
11	64280001	64320000
11	64320001	64360000
11	64360001	64400000
11	64400001	64440000
11	64440001	64480000
11	64480001	64520000
11	64520001	64560000
11	64560001	64600000
11	64600001	64640000
11	64640001	64680000
11	64680001	64720000
11	64720001	64760000
11	64760001	64800000
11	64800001	64840000
11	64840001	64880000
11	64880001	64920000
11	64920001	64960000
11	64960001	65000000
11	65000001	65040000
11	65040001	65080000
11	65080001	65120000
11	65120001	65160000
11	65160001	65200000
11	65200001	65240000
11	65240001	65280000
11	65280001	65320000
11	65320001	65360000
11	65360001	65400000
11	65400001	65440000
11	65440001	65480000
11	65480001	65520000
11	65520001	65560000
11	65560001	65600000
11	65600001	65640000
11	65640001	65680000
11	65680001	65720000
11	65720001	65760000
11	65760001	65800000
11	65800001	65840000
11	65840001	65880000
11	65880001	65920000
11	65920001	65960000
11	65960001	66000000
11	66000001	66040000
11	66040001	66080000
11	66080001	66120000
11	66120001	66160000
11	66160001	66200000
11	66200001	66240000
11	66240001	66280000
11	66280001	66320000
11	66320001	66360000
11	66360001	66400000
11	66400001	66440000
11	66440001	66480000
11	66480001	66520000
11	66520001	66560000
11	66560001	66600000
11	66600001	66640000
11	66640001	66680000
11	66680001	66720000
11	66720001	66760000
11	66760001	66800000
11	66800001	66840000
11	66840001	66880000
11	66880001	66920000
11	66920001	66960000
11	66960001	67000000
11	67000001	67040000
11	67040001	67080000
11	67080001	67120000
11	67120001	67160000
11	67160001	67200000
11	67200001	67240000
11	67240001	67280000
11	67280001	67320000
11	67320001	67360000
11	67360001	67400000
11	67400001	67440000
11	67440001	67480000
11	67480001	67520000
11	67520001	67560000
11	67560001	67600000
11	67600001	67640000
11	67640001	67680000
11	67680001	67720000
11	67720001	67760000
11	67760001	67800000
11	67800001	67840000
11	67840001	67880000
11	67880001	67920000
11	67920001	67960000
11	67960001	68000000
11	68000001	68040000
11	68040001	68080000
11	68080001	68120000
11	68120001	68160000
11	68160001	68200000
11	68200001	68240000
11	68240001	68280000
11	68280001	68320000
11	68320001	68360000
11	68360001	68400000
11	68400001	68440000
11	68440001	68480000
11	68480001	68520000
11	68520001	68560000
11	68560001	68600000
11	68600001	68640000
11	68640001	68680000
11	68680001	68720000
11	68720001	68760000
11	68760001	68800000
11	68800001	68840000
11	68840001	68880000
11	68880001	68920000
11	68920001	68960000
11	68960001	69000000
11	69000001	69040000
11	69040001	69080000
11	69080001	69120000
11	69120001	69160000
11	69160001	69200000
11	69200001	69240000
11	69240001	69280000
11	69280001	69320000
11	69320001	69360000
11	69360001	69400000
11	69400001	69440000
11	69440001	69480000
11	69480001	69520000
11	69520001	69560000
11	69560001	69600000
11	69600001	69640000
11	69640001	69680000
11	69680001	69720000
11	69720001	69760000
11	69760001	69800000
11	69800001	69840000
11	69840001	69880000
11	69880001	69920000
11	69920001	69960000
11	69960001	70000000
11	70000001	70040000
11	70040001	70080000
11	70080001	70120000
11	70120001	70160000
11	70160001	70200000
11	70200001	70240000
11	70240001	70280000
11	70280001	70320000
11	70320001	70360000
11	70360001	70400000
11	70400001	70440000
11	70440001	70480000
11	70480001	70520000
11	70520001	70560000
11	70560001	70600000
11	70600001	70640000
11	70640001	70680000
11	70680001	70720000
11	70720001	70760000
11	70760001	70800000
11	70800001	70840000
11	70840001	70880000
11	70880001	70920000
11	70920001	70960000
11	70960001	71000000
11	71000001	71040000
11	71040001	71080000
11	71080001	71120000
11	71120001	71160000
11	71160001	71200000
11	71200001	71240000
11	71240001	71280000
11	71280001	71320000
11	71320001	71360000
11	71360001	71400000
11	71400001	71440000
11	71440001	71480000
11	71480001	71520000
11	71520001	71560000
11	71560001	71600000
11	71600001	71640000
11	71640001	71680000
11	71680001	71720000
11	71720001	71760000
11	71760001	71800000
11	71800001	71840000
11	71840001	71880000
11	71880001	71920000
11	71920001	71960000
11	71960001	72000000
11	72000001	72040000
11	72040001	72080000
11	72080001	72120000
11	72120001	72160000
11	72160001	72200000
11	72200001	72240000
11	72240001	72280000
11	72280001	72320000
11	72320001	72360000
11	72360001	72400000
11	72400001	72440000
11	72440001	72480000
11	72480001	72520000
11	72520001	72560000
11	72560001	72600000
11	72600001	72640000
11	72640001	72680000
11	72680001	72720000
11	72720001	72760000
11	72760001	72800000
11	72800001	72840000
11	72840001	72880000
11	72880001	72920000
11	72920001	72960000
11	72960001	73000000
11	73000001	73040000
11	73040001	73080000
11	73080001	73120000
11	73120001	73160000
11	73160001	73200000
11	73200001	73240000
11	73240001	73280000
11	73280001	73320000
11	73320001	73360000
11	73360001	73400000
11	73400001	73440000
11	73440001	73480000
11	73480001	73520000
11	73520001	73560000
11	73560001	73600000
11	73600001	73640000
11	73640001	73680000
11	73680001	73720000
11	73720001	73760000
11	73760001	73800000
11	73800001	73840000
11	73840001	73880000
11	73880001	73920000
11	73920001	73960000
11	73960001	74000000
11	74000001	74040000
11	74040001	74080000
11	74080001	74120000
11	74120001	74160000
11	74160001	74200000
11	74200001	74240000
11	74240001	74280000
11	74280001	74320000
11	74320001	74360000
11	74360001	74400000
11	74400001	74440000
11	74440001	74480000
11	74480001	74520000
11	74520001	74560000
11	74560001	74600000
11	74600001	74640000
11	74640001	74680000
11	74680001	74720000
11	74720001	74760000
11	74760001	74800000
11	74800001	74840000
11	74840001	74880000
11	74880001	74920000
11	74920001	74960000
11	74960001	75000000
11	75000001	75040000
11	75040001	75080000
11	75080001	75120000
11	75120001	75160000
11	75160001	75200000
11	75200001	75240000
11	75240001	75280000
11	75280001	75320000
11	75320001	75360000
11	75360001	75400000
11	75400001	75440000
11	75440001	75480000
11	75480001	75520000
11	75520001	75560000
11	75560001	75600000
11	75600001	75640000
11	75640001	75680000
11	75680001	75720000
11	75720001	75760000
11	75760001	75800000
11	75800001	75840000
11	75840001	75880000
11	75880001	75920000
11	75920001	75960000
11	75960001	76000000
11	76000001	76040000
11	76040001	76080000
11	76080001	76120000
11	76120001	76160000
11	76160001	76200000
11	76200001	76240000
11	76240001	76280000
11	76280001	76320000
11	76320001	76360000
11	76360001	76400000
11	76400001	76440000
11	76440001	76480000
11	76480001	76520000
11	76520001	76560000
11	76560001	76600000
11	76600001	76640000
11	76640001	76680000
11	76680001	76720000
11	76720001	76760000
11	76760001	76800000
11	76800001	76840000
11	76840001	76880000
11	76880001	76920000
11	76920001	76960000
11	76960001	77000000
11	77000001	77040000
11	77040001	77080000
11	77080001	77120000
11	77120001	77160000
11	77160001	77200000
11	77200001	77240000
11	77240001	77280000
11	77280001	77320000
11	77320001	77360000
11	77360001	77400000
11	77400001	77440000
11	77440001	77480000
11	77480001	77520000
11	77520001	77560000
11	77560001	77600000
11	77600001	77640000
11	77640001	77680000
11	77680001	77720000
11	77720001	77760000
11	77760001	77800000
11	77800001	77840000
11	77840001	77880000
11	77880001	77920000
11	77920001	77960000
11	77960001	78000000
11	78000001	78040000
11	78040001	78080000
11	78080001	78120000
11	78120001	78160000
11	78160001	78200000
11	78200001	78240000
11	78240001	78280000
11	78280001	78320000
11	78320001	78360000
11	78360001	78400000
11	78400001	78440000
11	78440001	78480000
11	78480001	78520000
11	78520001	78560000
11	78560001	78600000
11	78600001	78640000
11	78640001	78680000
11	78680001	78720000
11	78720001	78760000
11	78760001	78800000
11	78800001	78840000
11	78840001	78880000
11	78880001	78920000
11	78920001	78960000
11	78960001	79000000
11	79000001	79040000
11	79040001	79080000
11	79080001	79120000
11	79120001	79160000
11	79160001	79200000
11	79200001	79240000
11	79240001	79280000
11	79280001	79320000
11	79320001	79360000
11	79360001	79400000
11	79400001	79440000
11	79440001	79480000
11	79480001	79520000
11	79520001	79560000
11	79560001	79600000
11	79600001	79640000
11	79640001	79680000
11	79680001	79720000
11	79720001	79760000
11	79760001	79800000
11	79800001	79840000
11	79840001	79880000
11	79880001	79920000
11	79920001	79960000
11	79960001	80000000
11	80000001	80040000
11	80040001	80080000
11	80080001	80120000
11	80120001	80160000
11	80160001	80200000
11	80200001	80240000
11	80240001	80280000
11	80280001	80320000
11	80320001	80360000
11	80360001	80400000
11	80400001	80440000
11	80440001	80480000
11	80480001	80520000
11	80520001	80560000
11	80560001	80600000
11	80600001	80640000
11	80640001	80680000
11	80680001	80720000
11	80720001	80760000
11	80760001	80800000
11	80800001	80840000
11	80840001	80880000
11	80880001	80920000
11	80920001	80960000
11	80960001	81000000
11	81000001	81040000
11	81040001	81080000
11	81080001	81120000
11	81120001	81160000
11	81160001	81200000
11	81200001	81240000
11	81240001	81280000
11	81280001	81320000
11	81320001	81360000
11	81360001	81400000
11	81400001	81440000
11	81440001	81480000
11	81480001	81520000
11	81520001	81560000
11	81560001	81600000
11	81600001	81640000
11	81640001	81680000
11	81680001	81720000
11	81720001	81760000
11	81760001	81800000
11	81800001	81840000
11	81840001	81880000
11	81880001	81920000
11	81920001	81960000
11	81960001	82000000
11	82000001	82040000
11	82040001	82080000
11	82080001	82120000
11	82120001	82160000
11	82160001	82200000
11	82200001	82240000
11	82240001	82280000
11	82280001	82320000
11	82320001	82360000
11	82360001	82400000
11	82400001	82440000
11	82440001	82480000
11	82480001	82520000
11	82520001	82560000
11	82560001	82600000
11	82600001	82640000
11	82640001	82680000
11	82680001	82720000
11	82720001	82760000
11	82760001	82800000
11	82800001	82840000
11	82840001	82880000
11	82880001	82920000
11	82920001	82960000
11	82960001	83000000
11	83000001	83040000
11	83040001	83080000
11	83080001	83120000
11	83120001	83160000
11	83160001	83200000
11	83200001	83240000
11	83240001	83280000
11	83280001	83320000
11	83320001	83360000
11	83360001	83400000
11	83400001	83440000
11	83440001	83480000
11	83480001	83520000
11	83520001	83560000
11	83560001	83600000
11	83600001	83640000
11	83640001	83680000
11	83680001	83720000
11	83720001	83760000
11	83760001	83800000
11	83800001	83840000
11	83840001	83880000
11	83880001	83920000
11	83920001	83960000
11	83960001	84000000
11	84000001	84040000
11	84040001	84080000
11	84080001	84120000
11	84120001	84160000
11	84160001	84200000
11	84200001	84240000
11	84240001	84280000
11	84280001	84320000
11	84320001	84360000
11	84360001	84400000
11	84400001	84440000
11	84440001	84480000
11	84480001	84520000
11	84520001	84560000
11	84560001	84600000
11	84600001	84640000
11	84640001	84680000
11	84680001	84720000
11	84720001	84760000
11	84760001	84800000
11	84800001	84840000
11	84840001	84880000
11	84880001	84920000
11	84920001	84960000
11	84960001	85000000
11	85000001	85040000
11	85040001	85080000
11	85080001	85120000
11	85120001	85160000
11	85160001	85200000
11	85200001	85240000
11	85240001	85280000
11	85280001	85320000
11	85320001	85360000
11	85360001	85400000
11	85400001	85440000
11	85440001	85480000
11	85480001	85520000
11	85520001	85560000
11	85560001	85600000
11	85600001	85640000
11	85640001	85680000
11	85680001	85720000
11	85720001	85760000
11	85760001	85800000
11	85800001	85840000
11	85840001	85880000
11	85880001	85920000
11	85920001	85960000
11	85960001	86000000
11	86000001	86040000
11	86040001	86080000
11	86080001	86120000
11	86120001	86160000
11	86160001	86200000
11	86200001	86240000
11	86240001	86280000
11	86280001	86320000
11	86320001	86360000
11	86360001	86400000
11	86400001	86440000
11	86440001	86480000
11	86480001	86520000
11	86520001	86560000
11	86560001	86600000
11	86600001	86640000
11	86640001	86680000
11	86680001	86720000
11	86720001	86760000
11	86760001	86800000
11	86800001	86840000
11	86840001	86880000
11	86880001	86920000
11	86920001	86960000
11	86960001	87000000
11	87000001	87040000
11	87040001	87080000
11	87080001	87120000
11	87120001	87160000
11	87160001	87200000
11	87200001	87240000
11	87240001	87280000
11	87280001	87320000
11	87320001	87360000
11	87360001	87400000
11	87400001	87440000
11	87440001	87480000
11	87480001	87520000
11	87520001	87560000
11	87560001	87600000
11	87600001	87640000
11	87640001	87680000
11	87680001	87720000
11	87720001	87760000
11	87760001	87800000
11	87800001	87840000
11	87840001	87880000
11	87880001	87920000
11	87920001	87960000
11	87960001	88000000
11	88000001	88040000
11	88040001	88080000
11	88080001	88120000
11	88120001	88160000
11	88160001	88200000
11	88200001	88240000
11	88240001	88280000
11	88280001	88320000
11	88320001	88360000
11	88360001	88400000
11	88400001	88440000
11	88440001	88480000
11	88480001	88520000
11	88520001	88560000
11	88560001	88600000
11	88600001	88640000
11	88640001	88680000
11	88680001	88720000
11	88720001	88760000
11	88760001	88800000
11	88800001	88840000
11	88840001	88880000
11	88880001	88920000
11	88920001	88960000
11	88960001	89000000
11	89000001	89040000
11	89040001	89080000
11	89080001	89120000
11	89120001	89160000
11	89160001	89200000
11	89200001	89240000
11	89240001	89280000
11	89280001	89320000
11	89320001	89360000
11	89360001	89400000
11	89400001	89440000
11	89440001	89480000
11	89480001	89520000
11	89520001	89560000
11	89560001	89600000
11	89600001	89640000
11	89640001	89680000
11	89680001	89720000
11	89720001	89760000
11	89760001	89800000
11	89800001	89840000
11	89840001	89880000
11	89880001	89920000
11	89920001	89960000
11	89960001	90000000
11	90000001	90040000
11	90040001	90080000
11	90080001	90120000
11	90120001	90160000
11	90160001	90200000
11	90200001	90240000
11	90240001	90280000
11	90280001	90320000
11	90320001	90360000
11	90360001	90400000
11	90400001	90440000
11	90440001	90480000
11	90480001	90520000
11	90520001	90560000
11	90560001	90600000
11	90600001	90640000
11	90640001	90680000
11	90680001	90720000
11	90720001	90760000
11	90760001	90800000
11	90800001	90840000
11	90840001	90880000
11	90880001	90920000
11	90920001	90960000
11	90960001	91000000
11	91000001	91040000
11	91040001	91080000
11	91080001	91120000
11	91120001	91160000
11	91160001	91200000
11	91200001	91240000
11	91240001	91280000
11	91280001	91320000
11	91320001	91360000
11	91360001	91400000
11	91400001	91440000
11	91440001	91480000
11	91480001	91520000
11	91520001	91560000
11	91560001	91600000
11	91600001	91640000
11	91640001	91680000
11	91680001	91720000
11	91720001	91760000
11	91760001	91800000
11	91800001	91840000
11	91840001	91880000
11	91880001	91920000
11	91920001	91960000
11	91960001	92000000
11	92000001	92040000
11	92040001	92080000
11	92080001	92120000
11	92120001	92160000
11	92160001	92200000
11	92200001	92240000
11	92240001	92280000
11	92280001	92320000
11	92320001	92360000
11	92360001	92400000
11	92400001	92440000
11	92440001	92480000
11	92480001	92520000
11	92520001	92560000
11	92560001	92600000
11	92600001	92640000
11	92640001	92680000
11	92680001	92720000
11	92720001	92760000
11	92760001	92800000
11	92800001	92840000
11	92840001	92880000
11	92880001	92920000
11	92920001	92960000
11	92960001	93000000
11	93000001	93040000
11	93040001	93080000
11	93080001	93120000
11	93120001	93160000
11	93160001	93200000
11	93200001	93240000
11	93240001	93280000
11	93280001	93320000
11	93320001	93360000
11	93360001	93400000
11	93400001	93440000
11	93440001	93480000
11	93480001	93520000
11	93520001	93560000
11	93560001	93600000
11	93600001	93640000
11	93640001	93680000
11	93680001	93720000
11	93720001	93760000
11	93760001	93800000
11	93800001	93840000
11	93840001	93880000
11	93880001	93920000
11	93920001	93960000
11	93960001	94000000
11	94000001	94040000
11	94040001	94080000
11	94080001	94120000
11	94120001	94160000
11	94160001	94200000
11	94200001	94240000
11	94240001	94280000
11	94280001	94320000
11	94320001	94360000
11	94360001	94400000
11	94400001	94440000
11	94440001	94480000
11	94480001	94520000
11	94520001	94560000
11	94560001	94600000
11	94600001	94640000
11	94640001	94680000
11	94680001	94720000
11	94720001	94760000
11	94760001	94800000
11	94800001	94840000
11	94840001	94880000
11	94880001	94920000
11	94920001	94960000
11	94960001	95000000
11	95000001	95040000
11	95040001	95080000
11	95080001	95120000
11	95120001	95160000
11	95160001	95200000
11	95200001	95240000
11	95240001	95280000
11	95280001	95320000
11	95320001	95360000
11	95360001	95400000
11	95400001	95440000
11	95440001	95480000
11	95480001	95520000
11	95520001	95560000
11	95560001	95600000
11	95600001	95640000
11	95640001	95680000
11	95680001	95720000
11	95720001	95760000
11	95760001	95800000
11	95800001	95840000
11	95840001	95880000
11	95880001	95920000
11	95920001	95960000
11	95960001	96000000
11	96000001	96040000
11	96040001	96080000
11	96080001	96120000
11	96120001	96160000
11	96160001	96200000
11	96200001	96240000
11	96240001	96280000
11	96280001	96320000
11	96320001	96360000
11	96360001	96400000
11	96400001	96440000
11	96440001	96480000
11	96480001	96520000
11	96520001	96560000
11	96560001	96600000
11	96600001	96640000
11	96640001	96680000
11	96680001	96720000
11	96720001	96760000
11	96760001	96800000
11	96800001	96840000
11	96840001	96880000
11	96880001	96920000
11	96920001	96960000
11	96960001	97000000
11	97000001	97040000
11	97040001	97080000
11	97080001	97120000
11	97120001	97160000
11	97160001	97200000
11	97200001	97240000
11	97240001	97280000
11	97280001	97320000
11	97320001	97360000
11	97360001	97400000
11	97400001	97440000
11	97440001	97480000
11	97480001	97520000
11	97520001	97560000
11	97560001	97600000
11	97600001	97640000
11	97640001	97680000
11	97680001	97720000
11	97720001	97760000
11	97760001	97800000
11	97800001	97840000
11	97840001	97880000
11	97880001	97920000
11	97920001	97960000
11	97960001	98000000
11	98000001	98040000
11	98040001	98080000
11	98080001	98120000
11	98120001	98160000
11	98160001	98200000
11	98200001	98240000
11	98240001	98280000
11	98280001	98320000
11	98320001	98360000
11	98360001	98400000
11	98400001	98440000
11	98440001	98480000
11	98480001	98520000
11	98520001	98560000
11	98560001	98600000
11	98600001	98640000
11	98640001	98680000
11	98680001	98720000
11	98720001	98760000
11	98760001	98800000
11	98800001	98840000
11	98840001	98880000
11	98880001	98920000
11	98920001	98960000
11	98960001	99000000
11	99000001	99040000
11	99040001	99080000
11	99080001	99120000
11	99120001	99160000
11	99160001	99200000
11	99200001	99240000
11	99240001	99280000
11	99280001	99320000
11	99320001	99360000
11	99360001	99400000
11	99400001	99440000
11	99440001	99480000
11	99480001	99520000
11	99520001	99560000
11	99560001	99600000
11	99600001	99640000
11	99640001	99680000
11	99680001	99720000
11	99720001	99760000
11	99760001	99800000
11	99800001	99840000
11	99840001	99880000
11	99880001	99920000
11	99920001	99960000
11	99960001	100000000
11	100000001	100040000
11	100040001	100080000
11	100080001	100120000
11	100120001	100160000
11	100160001	100200000
11	100200001	100240000
11	100240001	100280000
11	100280001	100320000
11	100320001	100360000
11	100360001	100400000
11	100400001	100440000
11	100440001	100480000
11	100480001	100520000
11	100520001	100560000
11	100560001	100600000
11	100600001	100640000
11	100640001	100680000
11	100680001	100720000
11	100720001	100760000
11	100760001	100800000
11	100800001	100840000
11	100840001	100880000
11	100880001	100920000
11	100920001	100960000
11	100960001	101000000
11	101000001	101040000
11	101040001	101080000
11	101080001	101120000
11	101120001	101160000
11	101160001	101200000
11	101200001	101240000
11	101240001	101280000
11	101280001	101320000
11	101320001	101360000
11	101360001	101400000
11	101400001	101440000
11	101440001	101480000
11	101480001	101520000
11	101520001	101560000
11	101560001	101600000
11	101600001	101640000
11	101640001	101680000
11	101680001	101720000
11	101720001	101760000
11	101760001	101800000
11	101800001	101840000
11	101840001	101880000
11	101880001	101920000
11	101920001	101960000
11	101960001	102000000
11	102000001	102040000
11	102040001	102080000
11	102080001	102120000
11	102120001	102160000
11	102160001	102200000
11	102200001	102240000
11	102240001	102280000
11	102280001	102320000
11	102320001	102360000
11	102360001	102400000
11	102400001	102440000
11	102440001	102480000
11	102480001	102520000
11	102520001	102560000
11	102560001	102600000
11	102600001	102640000
11	102640001	102680000
11	102680001	102720000
11	102720001	102760000
11	102760001	102800000
11	102800001	102840000
11	102840001	102880000
11	102880001	102920000
11	102920001	102960000
11	102960001	103000000
11	103000001	103040000
11	103040001	103080000
11	103080001	103120000
11	103120001	103160000
11	103160001	103200000
11	103200001	103240000
11	103240001	103280000
11	103280001	103320000
11	103320001	103360000
11	103360001	103400000
11	103400001	103440000
11	103440001	103480000
11	103480001	103520000
11	103520001	103560000
11	103560001	103600000
11	103600001	103640000
11	103640001	103680000
11	103680001	103720000
11	103720001	103760000
11	103760001	103800000
11	103800001	103840000
11	103840001	103880000
11	103880001	103920000
11	103920001	103960000
11	103960001	104000000
11	104000001	104040000
11	104040001	104080000
11	104080001	104120000
11	104120001	104160000
11	104160001	104200000
11	104200001	104240000
11	104240001	104280000
11	104280001	104320000
11	104320001	104360000
11	104360001	104400000
11	104400001	104440000
11	104440001	104480000
11	104480001	104520000
11	104520001	104560000
11	104560001	104600000
11	104600001	104640000
11	104640001	104680000
11	104680001	104720000
11	104720001	104760000
11	104760001	104800000
11	104800001	104840000
11	104840001	104880000
11	104880001	104920000
11	104920001	104960000
11	104960001	105000000
11	105000001	105040000
11	105040001	105080000
11	105080001	105120000
11	105120001	105160000
11	105160001	105200000
11	105200001	105240000
11	105240001	105280000
11	105280001	105320000
11	105320001	105360000
11	105360001	105400000
11	105400001	105440000
11	105440001	105480000
11	105480001	105520000
11	105520001	105560000
11	105560001	105600000
11	105600001	105640000
11	105640001	105680000
11	105680001	105720000
11	105720001	105760000
11	105760001	105800000
11	105800001	105840000
11	105840001	105880000
11	105880001	105920000
11	105920001	105960000
11	105960001	106000000
11	106000001	106040000
11	106040001	106080000
11	106080001	106120000
11	106120001	106160000
11	106160001	106200000
11	106200001	106240000
11	106240001	106280000
11	106280001	106320000
11	106320001	106360000
11	106360001	106400000
11	106400001	106440000
11	106440001	106480000
11	106480001	106520000
11	106520001	106560000
11	106560001	106600000
11	106600001	106640000
11	106640001	106680000
11	106680001	106720000
11	106720001	106760000
11	106760001	106800000
11	106800001	106840000
11	106840001	106880000
11	106880001	106920000
11	106920001	106960000
11	106960001	107000000
11	107000001	107040000
11	107040001	107080000
11	107080001	107120000
11	107120001	107160000
11	107160001	107200000
11	107200001	107240000
11	107240001	107280000
11	107280001	107320000
11	107320001	107360000
11	107360001	107400000
11	107400001	107440000
11	107440001	107480000
11	107480001	107520000
11	107520001	107560000
11	107560001	107600000
11	107600001	107640000
11	107640001	107680000
11	107680001	107720000
11	107720001	107760000
11	107760001	107800000
11	107800001	107840000
11	107840001	107880000
11	107880001	107920000
11	107920001	107960000
11	107960001	108000000
11	108000001	108040000
11	108040001	108080000
11	108080001	108120000
11	108120001	108160000
11	108160001	108200000
11	108200001	108240000
11	108240001	108280000
11	108280001	108320000
11	108320001	108360000
11	108360001	108400000
11	108400001	108440000
11	108440001	108480000
11	108480001	108520000
11	108520001	108560000
11	108560001	108600000
11	108600001	108640000
11	108640001	108680000
11	108680001	108720000
11	108720001	108760000
11	108760001	108800000
11	108800001	108840000
11	108840001	108880000
11	108880001	108920000
11	108920001	108960000
11	108960001	109000000
11	109000001	109040000
11	109040001	109080000
11	109080001	109120000
11	109120001	109160000
11	109160001	109200000
11	109200001	109240000
11	109240001	109280000
11	109280001	109320000
11	109320001	109360000
11	109360001	109400000
11	109400001	109440000
11	109440001	109480000
11	109480001	109520000
11	109520001	109560000
11	109560001	109600000
11	109600001	109640000
11	109640001	109680000
11	109680001	109720000
11	109720001	109760000
11	109760001	109800000
11	109800001	109840000
11	109840001	109880000
11	109880001	109920000
11	109920001	109960000
11	109960001	110000000
11	110000001	110040000
11	110040001	110080000
11	110080001	110120000
11	110120001	110160000
11	110160001	110200000
11	110200001	110240000
11	110240001	110280000
11	110280001	110320000
11	110320001	110360000
11	110360001	110400000
11	110400001	110440000
11	110440001	110480000
11	110480001	110520000
11	110520001	110560000
11	110560001	110600000
11	110600001	110640000
11	110640001	110680000
11	110680001	110720000
11	110720001	110760000
11	110760001	110800000
11	110800001	110840000
11	110840001	110880000
11	110880001	110920000
11	110920001	110960000
11	110960001	111000000
11	111000001	111040000
11	111040001	111080000
11	111080001	111120000
11	111120001	111160000
11	111160001	111200000
11	111200001	111240000
11	111240001	111280000
11	111280001	111320000
11	111320001	111360000
11	111360001	111400000
11	111400001	111440000
11	111440001	111480000
11	111480001	111520000
11	111520001	111560000
11	111560001	111600000
11	111600001	111640000
11	111640001	111680000
11	111680001	111720000
11	111720001	111760000
11	111760001	111800000
11	111800001	111840000
11	111840001	111880000
11	111880001	111920000
11	111920001	111960000
11	111960001	112000000
11	112000001	112040000
11	112040001	112080000
11	112080001	112120000
11	112120001	112160000
11	112160001	112200000
11	112200001	112240000
11	112240001	112280000
11	112280001	112320000
11	112320001	112360000
11	112360001	112400000
11	112400001	112440000
11	112440001	112480000
11	112480001	112520000
11	112520001	112560000
11	112560001	112600000
11	112600001	112640000
11	112640001	112680000
11	112680001	112720000
11	112720001	112760000
11	112760001	112800000
11	112800001	112840000
11	112840001	112880000
11	112880001	112920000
11	112920001	112960000
11	112960001	113000000
11	113000001	113040000
11	113040001	113080000
11	113080001	113120000
11	113120001	113160000
11	113160001	113200000
11	113200001	113240000
11	113240001	113280000
11	113280001	113320000
11	113320001	113360000
11	113360001	113400000
11	113400001	113440000
11	113440001	113480000
11	113480001	113520000
11	113520001	113560000
11	113560001	113600000
11	113600001	113640000
11	113640001	113680000
11	113680001	113720000
11	113720001	113760000
11	113760001	113800000
11	113800001	113840000
11	113840001	113880000
11	113880001	113920000
11	113920001	113960000
11	113960001	114000000
11	114000001	114040000
11	114040001	114080000
11	114080001	114120000
11	114120001	114160000
11	114160001	114200000
11	114200001	114240000
11	114240001	114280000
11	114280001	114320000
11	114320001	114360000
11	114360001	114400000
11	114400001	114440000
11	114440001	114480000
11	114480001	114520000
11	114520001	114560000
11	114560001	114600000
11	114600001	114640000
11	114640001	114680000
11	114680001	114720000
11	114720001	114760000
11	114760001	114800000
11	114800001	114840000
11	114840001	114880000
11	114880001	114920000
11	114920001	114960000
11	114960001	115000000
11	115000001	115040000
11	115040001	115080000
11	115080001	115120000
11	115120001	115160000
11	115160001	115200000
11	115200001	115240000
11	115240001	115280000
11	115280001	115320000
11	115320001	115360000
11	115360001	115400000
11	115400001	115440000
11	115440001	115480000
11	115480001	115520000
11	115520001	115560000
11	115560001	115600000
11	115600001	115640000
11	115640001	115680000
11	115680001	115720000
11	115720001	115760000
11	115760001	115800000
11	115800001	115840000
11	115840001	115880000
11	115880001	115920000
11	115920001	115960000
11	115960001	116000000
11	116000001	116040000
11	116040001	116080000
11	116080001	116120000
11	116120001	116160000
11	116160001	116200000
11	116200001	116240000
11	116240001	116280000
11	116280001	116320000
11	116320001	116360000
11	116360001	116400000
11	116400001	116440000
11	116440001	116480000
11	116480001	116520000
11	116520001	116560000
11	116560001	116600000
11	116600001	116640000
11	116640001	116680000
11	116680001	116720000
11	116720001	116760000
11	116760001	116800000
11	116800001	116840000
11	116840001	116880000
11	116880001	116920000
11	116920001	116960000
11	116960001	117000000
11	117000001	117040000
11	117040001	117080000
11	117080001	117120000
11	117120001	117160000
11	117160001	117200000
11	117200001	117240000
11	117240001	117280000
11	117280001	117320000
11	117320001	117360000
11	117360001	117400000
11	117400001	117440000
11	117440001	117480000
11	117480001	117520000
11	117520001	117560000
11	117560001	117600000
11	117600001	117640000
11	117640001	117680000
11	117680001	117720000
11	117720001	117760000
11	117760001	117800000
11	117800001	117840000
11	117840001	117880000
11	117880001	117920000
11	117920001	117960000
11	117960001	118000000
11	118000001	118040000
11	118040001	118080000
11	118080001	118120000
11	118120001	118160000
11	118160001	118200000
11	118200001	118240000
11	118240001	118280000
11	118280001	118320000
11	118320001	118360000
11	118360001	118400000
11	118400001	118440000
11	118440001	118480000
11	118480001	118520000
11	118520001	118560000
11	118560001	118600000
11	118600001	118640000
11	118640001	118680000
11	118680001	118720000
11	118720001	118760000
11	118760001	118800000
11	118800001	118840000
11	118840001	118880000
11	118880001	118920000
11	118920001	118960000
11	118960001	119000000
11	119000001	119040000
11	119040001	119080000
11	119080001	119120000
11	119120001	119160000
11	119160001	119200000
11	119200001	119240000
11	119240001	119280000
11	119280001	119320000
11	119320001	119360000
11	119360001	119400000
11	119400001	119440000
11	119440001	119480000
11	119480001	119520000
11	119520001	119560000
11	119560001	119600000
11	119600001	119640000
11	119640001	119680000
11	119680001	119720000
11	119720001	119760000
11	119760001	119800000
11	119800001	119840000
11	119840001	119880000
11	119880001	119920000
11	119920001	119960000
11	119960001	120000000
11	120000001	120040000
11	120040001	120080000
11	120080001	120120000
11	120120001	120160000
11	120160001	120200000
11	120200001	120240000
11	120240001	120280000
11	120280001	120320000
11	120320001	120360000
11	120360001	120400000
11	120400001	120440000
11	120440001	120480000
11	120480001	120520000
11	120520001	120560000
11	120560001	120600000
11	120600001	120640000
11	120640001	120680000
11	120680001	120720000
11	120720001	120760000
11	120760001	120800000
11	120800001	120840000
11	120840001	120880000
11	120880001	120920000
11	120920001	120960000
11	120960001	121000000
11	121000001	121040000
11	121040001	121080000
11	121080001	121120000
11	121120001	121160000
11	121160001	121200000
11	121200001	121240000
11	121240001	121280000
11	121280001	121320000
11	121320001	121360000
11	121360001	121400000
11	121400001	121440000
11	121440001	121480000
11	121480001	121520000
11	121520001	121560000
11	121560001	121600000
11	121600001	121640000
11	121640001	121680000
11	121680001	121720000
11	121720001	121760000
11	121760001	121800000
11	121800001	121840000
11	121840001	121880000
11	121880001	121920000
11	121920001	121960000
11	121960001	122000000
11	122000001	122040000
11	122040001	122080000
11	122080001	122120000
11	122120001	122160000
11	122160001	122200000
11	122200001	122240000
11	122240001	122280000
11	122280001	122320000
11	122320001	122360000
11	122360001	122400000
11	122400001	122440000
11	122440001	122480000
11	122480001	122520000
11	122520001	122560000
11	122560001	122600000
11	122600001	122640000
11	122640001	122680000
11	122680001	122720000
11	122720001	122760000
11	122760001	122800000
11	122800001	122840000
11	122840001	122880000
11	122880001	122920000
11	122920001	122960000
11	122960001	123000000
11	123000001	123040000
11	123040001	123080000
11	123080001	123120000
11	123120001	123160000
11	123160001	123200000
11	123200001	123240000
11	123240001	123280000
11	123280001	123320000
11	123320001	123360000
11	123360001	123400000
11	123400001	123440000
11	123440001	123480000
11	123480001	123520000
11	123520001	123560000
11	123560001	123600000
11	123600001	123640000
11	123640001	123680000
11	123680001	123720000
11	123720001	123760000
11	123760001	123800000
11	123800001	123840000
11	123840001	123880000
11	123880001	123920000
11	123920001	123960000
11	123960001	124000000
11	124000001	124040000
11	124040001	124080000
11	124080001	124120000
11	124120001	124160000
11	124160001	124200000
11	124200001	124240000
11	124240001	124280000
11	124280001	124320000
11	124320001	124360000
11	124360001	124400000
11	124400001	124440000
11	124440001	124480000
11	124480001	124520000
11	124520001	124560000
11	124560001	124600000
11	124600001	124640000
11	124640001	124680000
11	124680001	124720000
11	124720001	124760000
11	124760001	124800000
11	124800001	124840000
11	124840001	124880000
11	124880001	124920000
11	124920001	124960000
11	124960001	125000000
11	125000001	125040000
11	125040001	125080000
11	125080001	125120000
11	125120001	125160000
11	125160001	125200000
11	125200001	125240000
11	125240001	125280000
11	125280001	125320000
11	125320001	125360000
11	125360001	125400000
11	125400001	125440000
11	125440001	125480000
11	125480001	125520000
11	125520001	125560000
11	125560001	125600000
11	125600001	125640000
11	125640001	125680000
11	125680001	125720000
11	125720001	125760000
11	125760001	125800000
11	125800001	125840000
11	125840001	125880000
11	125880001	125920000
11	125920001	125960000
11	125960001	126000000
11	126000001	126040000
11	126040001	126080000
11	126080001	126120000
11	126120001	126160000
11	126160001	126200000
11	126200001	126240000
11	126240001	126280000
11	126280001	126320000
11	126320001	126360000
11	126360001	126400000
11	126400001	126440000
11	126440001	126480000
11	126480001	126520000
11	126520001	126560000
11	126560001	126600000
11	126600001	126640000
11	126640001	126680000
11	126680001	126720000
11	126720001	126760000
11	126760001	126800000
11	126800001	126840000
11	126840001	126880000
11	126880001	126920000
11	126920001	126960000
11	126960001	127000000
11	127000001	127040000
11	127040001	127080000
11	127080001	127120000
11	127120001	127160000
11	127160001	127200000
11	127200001	127240000
11	127240001	127280000
11	127280001	127320000
11	127320001	127360000
11	127360001	127400000
11	127400001	127440000
11	127440001	127480000
11	127480001	127520000
11	127520001	127560000
11	127560001	127600000
11	127600001	127640000
11	127640001	127680000
11	127680001	127720000
11	127720001	127760000
11	127760001	127800000
11	127800001	127840000
11	127840001	127880000
11	127880001	127920000
11	127920001	127960000
11	127960001	128000000
11	128000001	128040000
11	128040001	128080000
11	128080001	128120000
11	128120001	128160000
11	128160001	128200000
11	128200001	128240000
11	128240001	128280000
11	128280001	128320000
11	128320001	128360000
11	128360001	128400000
11	128400001	128440000
11	128440001	128480000
11	128480001	128520000
11	128520001	128560000
11	128560001	128600000
11	128600001	128640000
11	128640001	128680000
11	128680001	128720000
11	128720001	128760000
11	128760001	128800000
11	128800001	128840000
11	128840001	128880000
11	128880001	128920000
11	128920001	128960000
11	128960001	129000000
11	129000001	129040000
11	129040001	129080000
11	129080001	129120000
11	129120001	129160000
11	129160001	129200000
11	129200001	129240000
11	129240001	129280000
11	129280001	129320000
11	129320001	129360000
11	129360001	129400000
11	129400001	129440000
11	129440001	129480000
11	129480001	129520000
11	129520001	129560000
11	129560001	129600000
11	129600001	129640000
11	129640001	129680000
11	129680001	129720000
11	129720001	129760000
11	129760001	129800000
11	129800001	129840000
11	129840001	129880000
11	129880001	129920000
11	129920001	129960000
11	129960001	130000000
11	130000001	130040000
11	130040001	130080000
11	130080001	130120000
11	130120001	130160000
11	130160001	130200000
11	130200001	130240000
11	130240001	130280000
11	130280001	130320000
11	130320001	130360000
11	130360001	130400000
11	130400001	130440000
11	130440001	130480000
11	130480001	130520000
11	130520001	130560000
11	130560001	130600000
11	130600001	130640000
11	130640001	130680000
11	130680001	130720000
11	130720001	130760000
11	130760001	130800000
11	130800001	130840000
11	130840001	130880000
11	130880001	130920000
11	130920001	130960000
11	130960001	131000000
11	131000001	131040000
11	131040001	131080000
11	131080001	131120000
11	131120001	131160000
11	131160001	131200000
11	131200001	131240000
11	131240001	131280000
11	131280001	131320000
11	131320001	131360000
11	131360001	131400000
11	131400001	131440000
11	131440001	131480000
11	131480001	131520000
11	131520001	131560000
11	131560001	131600000
11	131600001	131640000
11	131640001	131680000
11	131680001	131720000
11	131720001	131760000
11	131760001	131800000
11	131800001	131840000
11	131840001	131880000
11	131880001	131920000
11	131920001	131960000
11	131960001	132000000
11	132000001	132040000
11	132040001	132080000
11	132080001	132120000
11	132120001	132160000
11	132160001	132200000
11	132200001	132240000
11	132240001	132280000
11	132280001	132320000
11	132320001	132360000
11	132360001	132400000
11	132400001	132440000
11	132440001	132480000
11	132480001	132520000
11	132520001	132560000
11	132560001	132600000
11	132600001	132640000
11	132640001	132680000
11	132680001	132720000
11	132720001	132760000
11	132760001	132800000
11	132800001	132840000
11	132840001	132880000
11	132880001	132920000
11	132920001	132960000
11	132960001	133000000
11	133000001	133040000
11	133040001	133080000
11	133080001	133120000
11	133120001	133160000
11	133160001	133200000
11	133200001	133240000
11	133240001	133280000
11	133280001	133320000
11	133320001	133360000
11	133360001	133400000
11	133400001	133440000
11	133440001	133480000
11	133480001	133520000
11	133520001	133560000
11	133560001	133600000
11	133600001	133640000
11	133640001	133680000
11	133680001	133720000
11	133720001	133760000
11	133760001	133800000
11	133800001	133840000
11	133840001	133851895
