20	1	40000
20	40001	80000
20	80001	120000
20	120001	160000
20	160001	200000
20	200001	240000
20	240001	280000
20	280001	320000
20	320001	360000
20	360001	400000
20	400001	440000
20	440001	480000
20	480001	520000
20	520001	560000
20	560001	600000
20	600001	640000
20	640001	680000
20	680001	720000
20	720001	760000
20	760001	800000
20	800001	840000
20	840001	880000
20	880001	920000
20	920001	960000
20	960001	1000000
20	1000001	1040000
20	1040001	1080000
20	1080001	1120000
20	1120001	1160000
20	1160001	1200000
20	1200001	1240000
20	1240001	1280000
20	1280001	1320000
20	1320001	1360000
20	1360001	1400000
20	1400001	1440000
20	1440001	1480000
20	1480001	1520000
20	1520001	1560000
20	1560001	1600000
20	1600001	1640000
20	1640001	1680000
20	1680001	1720000
20	1720001	1760000
20	1760001	1800000
20	1800001	1840000
20	1840001	1880000
20	1880001	1920000
20	1920001	1960000
20	1960001	2000000
20	2000001	2040000
20	2040001	2080000
20	2080001	2120000
20	2120001	2160000
20	2160001	2200000
20	2200001	2240000
20	2240001	2280000
20	2280001	2320000
20	2320001	2360000
20	2360001	2400000
20	2400001	2440000
20	2440001	2480000
20	2480001	2520000
20	2520001	2560000
20	2560001	2600000
20	2600001	2640000
20	2640001	2680000
20	2680001	2720000
20	2720001	2760000
20	2760001	2800000
20	2800001	2840000
20	2840001	2880000
20	2880001	2920000
20	2920001	2960000
20	2960001	3000000
20	3000001	3040000
20	3040001	3080000
20	3080001	3120000
20	3120001	3160000
20	3160001	3200000
20	3200001	3240000
20	3240001	3280000
20	3280001	3320000
20	3320001	3360000
20	3360001	3400000
20	3400001	3440000
20	3440001	3480000
20	3480001	3520000
20	3520001	3560000
20	3560001	3600000
20	3600001	3640000
20	3640001	3680000
20	3680001	3720000
20	3720001	3760000
20	3760001	3800000
20	3800001	3840000
20	3840001	3880000
20	3880001	3920000
20	3920001	3960000
20	3960001	4000000
20	4000001	4040000
20	4040001	4080000
20	4080001	4120000
20	4120001	4160000
20	4160001	4200000
20	4200001	4240000
20	4240001	4280000
20	4280001	4320000
20	4320001	4360000
20	4360001	4400000
20	4400001	4440000
20	4440001	4480000
20	4480001	4520000
20	4520001	4560000
20	4560001	4600000
20	4600001	4640000
20	4640001	4680000
20	4680001	4720000
20	4720001	4760000
20	4760001	4800000
20	4800001	4840000
20	4840001	4880000
20	4880001	4920000
20	4920001	4960000
20	4960001	5000000
20	5000001	5040000
20	5040001	5080000
20	5080001	5120000
20	5120001	5160000
20	5160001	5200000
20	5200001	5240000
20	5240001	5280000
20	5280001	5320000
20	5320001	5360000
20	5360001	5400000
20	5400001	5440000
20	5440001	5480000
20	5480001	5520000
20	5520001	5560000
20	5560001	5600000
20	5600001	5640000
20	5640001	5680000
20	5680001	5720000
20	5720001	5760000
20	5760001	5800000
20	5800001	5840000
20	5840001	5880000
20	5880001	5920000
20	5920001	5960000
20	5960001	6000000
20	6000001	6040000
20	6040001	6080000
20	6080001	6120000
20	6120001	6160000
20	6160001	6200000
20	6200001	6240000
20	6240001	6280000
20	6280001	6320000
20	6320001	6360000
20	6360001	6400000
20	6400001	6440000
20	6440001	6480000
20	6480001	6520000
20	6520001	6560000
20	6560001	6600000
20	6600001	6640000
20	6640001	6680000
20	6680001	6720000
20	6720001	6760000
20	6760001	6800000
20	6800001	6840000
20	6840001	6880000
20	6880001	6920000
20	6920001	6960000
20	6960001	7000000
20	7000001	7040000
20	7040001	7080000
20	7080001	7120000
20	7120001	7160000
20	7160001	7200000
20	7200001	7240000
20	7240001	7280000
20	7280001	7320000
20	7320001	7360000
20	7360001	7400000
20	7400001	7440000
20	7440001	7480000
20	7480001	7520000
20	7520001	7560000
20	7560001	7600000
20	7600001	7640000
20	7640001	7680000
20	7680001	7720000
20	7720001	7760000
20	7760001	7800000
20	7800001	7840000
20	7840001	7880000
20	7880001	7920000
20	7920001	7960000
20	7960001	8000000
20	8000001	8040000
20	8040001	8080000
20	8080001	8120000
20	8120001	8160000
20	8160001	8200000
20	8200001	8240000
20	8240001	8280000
20	8280001	8320000
20	8320001	8360000
20	8360001	8400000
20	8400001	8440000
20	8440001	8480000
20	8480001	8520000
20	8520001	8560000
20	8560001	8600000
20	8600001	8640000
20	8640001	8680000
20	8680001	8720000
20	8720001	8760000
20	8760001	8800000
20	8800001	8840000
20	8840001	8880000
20	8880001	8920000
20	8920001	8960000
20	8960001	9000000
20	9000001	9040000
20	9040001	9080000
20	9080001	9120000
20	9120001	9160000
20	9160001	9200000
20	9200001	9240000
20	9240001	9280000
20	9280001	9320000
20	9320001	9360000
20	9360001	9400000
20	9400001	9440000
20	9440001	9480000
20	9480001	9520000
20	9520001	9560000
20	9560001	9600000
20	9600001	9640000
20	9640001	9680000
20	9680001	9720000
20	9720001	9760000
20	9760001	9800000
20	9800001	9840000
20	9840001	9880000
20	9880001	9920000
20	9920001	9960000
20	9960001	10000000
20	10000001	10040000
20	10040001	10080000
20	10080001	10120000
20	10120001	10160000
20	10160001	10200000
20	10200001	10240000
20	10240001	10280000
20	10280001	10320000
20	10320001	10360000
20	10360001	10400000
20	10400001	10440000
20	10440001	10480000
20	10480001	10520000
20	10520001	10560000
20	10560001	10600000
20	10600001	10640000
20	10640001	10680000
20	10680001	10720000
20	10720001	10760000
20	10760001	10800000
20	10800001	10840000
20	10840001	10880000
20	10880001	10920000
20	10920001	10960000
20	10960001	11000000
20	11000001	11040000
20	11040001	11080000
20	11080001	11120000
20	11120001	11160000
20	11160001	11200000
20	11200001	11240000
20	11240001	11280000
20	11280001	11320000
20	11320001	11360000
20	11360001	11400000
20	11400001	11440000
20	11440001	11480000
20	11480001	11520000
20	11520001	11560000
20	11560001	11600000
20	11600001	11640000
20	11640001	11680000
20	11680001	11720000
20	11720001	11760000
20	11760001	11800000
20	11800001	11840000
20	11840001	11880000
20	11880001	11920000
20	11920001	11960000
20	11960001	12000000
20	12000001	12040000
20	12040001	12080000
20	12080001	12120000
20	12120001	12160000
20	12160001	12200000
20	12200001	12240000
20	12240001	12280000
20	12280001	12320000
20	12320001	12360000
20	12360001	12400000
20	12400001	12440000
20	12440001	12480000
20	12480001	12520000
20	12520001	12560000
20	12560001	12600000
20	12600001	12640000
20	12640001	12680000
20	12680001	12720000
20	12720001	12760000
20	12760001	12800000
20	12800001	12840000
20	12840001	12880000
20	12880001	12920000
20	12920001	12960000
20	12960001	13000000
20	13000001	13040000
20	13040001	13080000
20	13080001	13120000
20	13120001	13160000
20	13160001	13200000
20	13200001	13240000
20	13240001	13280000
20	13280001	13320000
20	13320001	13360000
20	13360001	13400000
20	13400001	13440000
20	13440001	13480000
20	13480001	13520000
20	13520001	13560000
20	13560001	13600000
20	13600001	13640000
20	13640001	13680000
20	13680001	13720000
20	13720001	13760000
20	13760001	13800000
20	13800001	13840000
20	13840001	13880000
20	13880001	13920000
20	13920001	13960000
20	13960001	14000000
20	14000001	14040000
20	14040001	14080000
20	14080001	14120000
20	14120001	14160000
20	14160001	14200000
20	14200001	14240000
20	14240001	14280000
20	14280001	14320000
20	14320001	14360000
20	14360001	14400000
20	14400001	14440000
20	14440001	14480000
20	14480001	14520000
20	14520001	14560000
20	14560001	14600000
20	14600001	14640000
20	14640001	14680000
20	14680001	14720000
20	14720001	14760000
20	14760001	14800000
20	14800001	14840000
20	14840001	14880000
20	14880001	14920000
20	14920001	14960000
20	14960001	15000000
20	15000001	15040000
20	15040001	15080000
20	15080001	15120000
20	15120001	15160000
20	15160001	15200000
20	15200001	15240000
20	15240001	15280000
20	15280001	15320000
20	15320001	15360000
20	15360001	15400000
20	15400001	15440000
20	15440001	15480000
20	15480001	15520000
20	15520001	15560000
20	15560001	15600000
20	15600001	15640000
20	15640001	15680000
20	15680001	15720000
20	15720001	15760000
20	15760001	15800000
20	15800001	15840000
20	15840001	15880000
20	15880001	15920000
20	15920001	15960000
20	15960001	16000000
20	16000001	16040000
20	16040001	16080000
20	16080001	16120000
20	16120001	16160000
20	16160001	16200000
20	16200001	16240000
20	16240001	16280000
20	16280001	16320000
20	16320001	16360000
20	16360001	16400000
20	16400001	16440000
20	16440001	16480000
20	16480001	16520000
20	16520001	16560000
20	16560001	16600000
20	16600001	16640000
20	16640001	16680000
20	16680001	16720000
20	16720001	16760000
20	16760001	16800000
20	16800001	16840000
20	16840001	16880000
20	16880001	16920000
20	16920001	16960000
20	16960001	17000000
20	17000001	17040000
20	17040001	17080000
20	17080001	17120000
20	17120001	17160000
20	17160001	17200000
20	17200001	17240000
20	17240001	17280000
20	17280001	17320000
20	17320001	17360000
20	17360001	17400000
20	17400001	17440000
20	17440001	17480000
20	17480001	17520000
20	17520001	17560000
20	17560001	17600000
20	17600001	17640000
20	17640001	17680000
20	17680001	17720000
20	17720001	17760000
20	17760001	17800000
20	17800001	17840000
20	17840001	17880000
20	17880001	17920000
20	17920001	17960000
20	17960001	18000000
20	18000001	18040000
20	18040001	18080000
20	18080001	18120000
20	18120001	18160000
20	18160001	18200000
20	18200001	18240000
20	18240001	18280000
20	18280001	18320000
20	18320001	18360000
20	18360001	18400000
20	18400001	18440000
20	18440001	18480000
20	18480001	18520000
20	18520001	18560000
20	18560001	18600000
20	18600001	18640000
20	18640001	18680000
20	18680001	18720000
20	18720001	18760000
20	18760001	18800000
20	18800001	18840000
20	18840001	18880000
20	18880001	18920000
20	18920001	18960000
20	18960001	19000000
20	19000001	19040000
20	19040001	19080000
20	19080001	19120000
20	19120001	19160000
20	19160001	19200000
20	19200001	19240000
20	19240001	19280000
20	19280001	19320000
20	19320001	19360000
20	19360001	19400000
20	19400001	19440000
20	19440001	19480000
20	19480001	19520000
20	19520001	19560000
20	19560001	19600000
20	19600001	19640000
20	19640001	19680000
20	19680001	19720000
20	19720001	19760000
20	19760001	19800000
20	19800001	19840000
20	19840001	19880000
20	19880001	19920000
20	19920001	19960000
20	19960001	20000000
20	20000001	20040000
20	20040001	20080000
20	20080001	20120000
20	20120001	20160000
20	20160001	20200000
20	20200001	20240000
20	20240001	20280000
20	20280001	20320000
20	20320001	20360000
20	20360001	20400000
20	20400001	20440000
20	20440001	20480000
20	20480001	20520000
20	20520001	20560000
20	20560001	20600000
20	20600001	20640000
20	20640001	20680000
20	20680001	20720000
20	20720001	20760000
20	20760001	20800000
20	20800001	20840000
20	20840001	20880000
20	20880001	20920000
20	20920001	20960000
20	20960001	21000000
20	21000001	21040000
20	21040001	21080000
20	21080001	21120000
20	21120001	21160000
20	21160001	21200000
20	21200001	21240000
20	21240001	21280000
20	21280001	21320000
20	21320001	21360000
20	21360001	21400000
20	21400001	21440000
20	21440001	21480000
20	21480001	21520000
20	21520001	21560000
20	21560001	21600000
20	21600001	21640000
20	21640001	21680000
20	21680001	21720000
20	21720001	21760000
20	21760001	21800000
20	21800001	21840000
20	21840001	21880000
20	21880001	21920000
20	21920001	21960000
20	21960001	22000000
20	22000001	22040000
20	22040001	22080000
20	22080001	22120000
20	22120001	22160000
20	22160001	22200000
20	22200001	22240000
20	22240001	22280000
20	22280001	22320000
20	22320001	22360000
20	22360001	22400000
20	22400001	22440000
20	22440001	22480000
20	22480001	22520000
20	22520001	22560000
20	22560001	22600000
20	22600001	22640000
20	22640001	22680000
20	22680001	22720000
20	22720001	22760000
20	22760001	22800000
20	22800001	22840000
20	22840001	22880000
20	22880001	22920000
20	22920001	22960000
20	22960001	23000000
20	23000001	23040000
20	23040001	23080000
20	23080001	23120000
20	23120001	23160000
20	23160001	23200000
20	23200001	23240000
20	23240001	23280000
20	23280001	23320000
20	23320001	23360000
20	23360001	23400000
20	23400001	23440000
20	23440001	23480000
20	23480001	23520000
20	23520001	23560000
20	23560001	23600000
20	23600001	23640000
20	23640001	23680000
20	23680001	23720000
20	23720001	23760000
20	23760001	23800000
20	23800001	23840000
20	23840001	23880000
20	23880001	23920000
20	23920001	23960000
20	23960001	24000000
20	24000001	24040000
20	24040001	24080000
20	24080001	24120000
20	24120001	24160000
20	24160001	24200000
20	24200001	24240000
20	24240001	24280000
20	24280001	24320000
20	24320001	24360000
20	24360001	24400000
20	24400001	24440000
20	24440001	24480000
20	24480001	24520000
20	24520001	24560000
20	24560001	24600000
20	24600001	24640000
20	24640001	24680000
20	24680001	24720000
20	24720001	24760000
20	24760001	24800000
20	24800001	24840000
20	24840001	24880000
20	24880001	24920000
20	24920001	24960000
20	24960001	25000000
20	25000001	25040000
20	25040001	25080000
20	25080001	25120000
20	25120001	25160000
20	25160001	25200000
20	25200001	25240000
20	25240001	25280000
20	25280001	25320000
20	25320001	25360000
20	25360001	25400000
20	25400001	25440000
20	25440001	25480000
20	25480001	25520000
20	25520001	25560000
20	25560001	25600000
20	25600001	25640000
20	25640001	25680000
20	25680001	25720000
20	25720001	25760000
20	25760001	25800000
20	25800001	25840000
20	25840001	25880000
20	25880001	25920000
20	25920001	25960000
20	25960001	26000000
20	26000001	26040000
20	26040001	26080000
20	26080001	26120000
20	26120001	26160000
20	26160001	26200000
20	26200001	26240000
20	26240001	26280000
20	26280001	26320000
20	26320001	26360000
20	26360001	26400000
20	26400001	26440000
20	26440001	26480000
20	26480001	26520000
20	26520001	26560000
20	26560001	26600000
20	26600001	26640000
20	26640001	26680000
20	26680001	26720000
20	26720001	26760000
20	26760001	26800000
20	26800001	26840000
20	26840001	26880000
20	26880001	26920000
20	26920001	26960000
20	26960001	27000000
20	27000001	27040000
20	27040001	27080000
20	27080001	27120000
20	27120001	27160000
20	27160001	27200000
20	27200001	27240000
20	27240001	27280000
20	27280001	27320000
20	27320001	27360000
20	27360001	27400000
20	27400001	27440000
20	27440001	27480000
20	27480001	27520000
20	27520001	27560000
20	27560001	27600000
20	27600001	27640000
20	27640001	27680000
20	27680001	27720000
20	27720001	27760000
20	27760001	27800000
20	27800001	27840000
20	27840001	27880000
20	27880001	27920000
20	27920001	27960000
20	27960001	28000000
20	28000001	28040000
20	28040001	28080000
20	28080001	28120000
20	28120001	28160000
20	28160001	28200000
20	28200001	28240000
20	28240001	28280000
20	28280001	28320000
20	28320001	28360000
20	28360001	28400000
20	28400001	28440000
20	28440001	28480000
20	28480001	28520000
20	28520001	28560000
20	28560001	28600000
20	28600001	28640000
20	28640001	28680000
20	28680001	28720000
20	28720001	28760000
20	28760001	28800000
20	28800001	28840000
20	28840001	28880000
20	28880001	28920000
20	28920001	28960000
20	28960001	29000000
20	29000001	29040000
20	29040001	29080000
20	29080001	29120000
20	29120001	29160000
20	29160001	29200000
20	29200001	29240000
20	29240001	29280000
20	29280001	29320000
20	29320001	29360000
20	29360001	29400000
20	29400001	29440000
20	29440001	29480000
20	29480001	29520000
20	29520001	29560000
20	29560001	29600000
20	29600001	29640000
20	29640001	29680000
20	29680001	29720000
20	29720001	29760000
20	29760001	29800000
20	29800001	29840000
20	29840001	29880000
20	29880001	29920000
20	29920001	29960000
20	29960001	30000000
20	30000001	30040000
20	30040001	30080000
20	30080001	30120000
20	30120001	30160000
20	30160001	30200000
20	30200001	30240000
20	30240001	30280000
20	30280001	30320000
20	30320001	30360000
20	30360001	30400000
20	30400001	30440000
20	30440001	30480000
20	30480001	30520000
20	30520001	30560000
20	30560001	30600000
20	30600001	30640000
20	30640001	30680000
20	30680001	30720000
20	30720001	30760000
20	30760001	30800000
20	30800001	30840000
20	30840001	30880000
20	30880001	30920000
20	30920001	30960000
20	30960001	31000000
20	31000001	31040000
20	31040001	31080000
20	31080001	31120000
20	31120001	31160000
20	31160001	31200000
20	31200001	31240000
20	31240001	31280000
20	31280001	31320000
20	31320001	31360000
20	31360001	31400000
20	31400001	31440000
20	31440001	31480000
20	31480001	31520000
20	31520001	31560000
20	31560001	31600000
20	31600001	31640000
20	31640001	31680000
20	31680001	31720000
20	31720001	31760000
20	31760001	31800000
20	31800001	31840000
20	31840001	31880000
20	31880001	31920000
20	31920001	31960000
20	31960001	32000000
20	32000001	32040000
20	32040001	32080000
20	32080001	32120000
20	32120001	32160000
20	32160001	32200000
20	32200001	32240000
20	32240001	32280000
20	32280001	32320000
20	32320001	32360000
20	32360001	32400000
20	32400001	32440000
20	32440001	32480000
20	32480001	32520000
20	32520001	32560000
20	32560001	32600000
20	32600001	32640000
20	32640001	32680000
20	32680001	32720000
20	32720001	32760000
20	32760001	32800000
20	32800001	32840000
20	32840001	32880000
20	32880001	32920000
20	32920001	32960000
20	32960001	33000000
20	33000001	33040000
20	33040001	33080000
20	33080001	33120000
20	33120001	33160000
20	33160001	33200000
20	33200001	33240000
20	33240001	33280000
20	33280001	33320000
20	33320001	33360000
20	33360001	33400000
20	33400001	33440000
20	33440001	33480000
20	33480001	33520000
20	33520001	33560000
20	33560001	33600000
20	33600001	33640000
20	33640001	33680000
20	33680001	33720000
20	33720001	33760000
20	33760001	33800000
20	33800001	33840000
20	33840001	33880000
20	33880001	33920000
20	33920001	33960000
20	33960001	34000000
20	34000001	34040000
20	34040001	34080000
20	34080001	34120000
20	34120001	34160000
20	34160001	34200000
20	34200001	34240000
20	34240001	34280000
20	34280001	34320000
20	34320001	34360000
20	34360001	34400000
20	34400001	34440000
20	34440001	34480000
20	34480001	34520000
20	34520001	34560000
20	34560001	34600000
20	34600001	34640000
20	34640001	34680000
20	34680001	34720000
20	34720001	34760000
20	34760001	34800000
20	34800001	34840000
20	34840001	34880000
20	34880001	34920000
20	34920001	34960000
20	34960001	35000000
20	35000001	35040000
20	35040001	35080000
20	35080001	35120000
20	35120001	35160000
20	35160001	35200000
20	35200001	35240000
20	35240001	35280000
20	35280001	35320000
20	35320001	35360000
20	35360001	35400000
20	35400001	35440000
20	35440001	35480000
20	35480001	35520000
20	35520001	35560000
20	35560001	35600000
20	35600001	35640000
20	35640001	35680000
20	35680001	35720000
20	35720001	35760000
20	35760001	35800000
20	35800001	35840000
20	35840001	35880000
20	35880001	35920000
20	35920001	35960000
20	35960001	36000000
20	36000001	36040000
20	36040001	36080000
20	36080001	36120000
20	36120001	36160000
20	36160001	36200000
20	36200001	36240000
20	36240001	36280000
20	36280001	36320000
20	36320001	36360000
20	36360001	36400000
20	36400001	36440000
20	36440001	36480000
20	36480001	36520000
20	36520001	36560000
20	36560001	36600000
20	36600001	36640000
20	36640001	36680000
20	36680001	36720000
20	36720001	36760000
20	36760001	36800000
20	36800001	36840000
20	36840001	36880000
20	36880001	36920000
20	36920001	36960000
20	36960001	37000000
20	37000001	37040000
20	37040001	37080000
20	37080001	37120000
20	37120001	37160000
20	37160001	37200000
20	37200001	37240000
20	37240001	37280000
20	37280001	37320000
20	37320001	37360000
20	37360001	37400000
20	37400001	37440000
20	37440001	37480000
20	37480001	37520000
20	37520001	37560000
20	37560001	37600000
20	37600001	37640000
20	37640001	37680000
20	37680001	37720000
20	37720001	37760000
20	37760001	37800000
20	37800001	37840000
20	37840001	37880000
20	37880001	37920000
20	37920001	37960000
20	37960001	38000000
20	38000001	38040000
20	38040001	38080000
20	38080001	38120000
20	38120001	38160000
20	38160001	38200000
20	38200001	38240000
20	38240001	38280000
20	38280001	38320000
20	38320001	38360000
20	38360001	38400000
20	38400001	38440000
20	38440001	38480000
20	38480001	38520000
20	38520001	38560000
20	38560001	38600000
20	38600001	38640000
20	38640001	38680000
20	38680001	38720000
20	38720001	38760000
20	38760001	38800000
20	38800001	38840000
20	38840001	38880000
20	38880001	38920000
20	38920001	38960000
20	38960001	39000000
20	39000001	39040000
20	39040001	39080000
20	39080001	39120000
20	39120001	39160000
20	39160001	39200000
20	39200001	39240000
20	39240001	39280000
20	39280001	39320000
20	39320001	39360000
20	39360001	39400000
20	39400001	39440000
20	39440001	39480000
20	39480001	39520000
20	39520001	39560000
20	39560001	39600000
20	39600001	39640000
20	39640001	39680000
20	39680001	39720000
20	39720001	39760000
20	39760001	39800000
20	39800001	39840000
20	39840001	39880000
20	39880001	39920000
20	39920001	39960000
20	39960001	40000000
20	40000001	40040000
20	40040001	40080000
20	40080001	40120000
20	40120001	40160000
20	40160001	40200000
20	40200001	40240000
20	40240001	40280000
20	40280001	40320000
20	40320001	40360000
20	40360001	40400000
20	40400001	40440000
20	40440001	40480000
20	40480001	40520000
20	40520001	40560000
20	40560001	40600000
20	40600001	40640000
20	40640001	40680000
20	40680001	40720000
20	40720001	40760000
20	40760001	40800000
20	40800001	40840000
20	40840001	40880000
20	40880001	40920000
20	40920001	40960000
20	40960001	41000000
20	41000001	41040000
20	41040001	41080000
20	41080001	41120000
20	41120001	41160000
20	41160001	41200000
20	41200001	41240000
20	41240001	41280000
20	41280001	41320000
20	41320001	41360000
20	41360001	41400000
20	41400001	41440000
20	41440001	41480000
20	41480001	41520000
20	41520001	41560000
20	41560001	41600000
20	41600001	41640000
20	41640001	41680000
20	41680001	41720000
20	41720001	41760000
20	41760001	41800000
20	41800001	41840000
20	41840001	41880000
20	41880001	41920000
20	41920001	41960000
20	41960001	42000000
20	42000001	42040000
20	42040001	42080000
20	42080001	42120000
20	42120001	42160000
20	42160001	42200000
20	42200001	42240000
20	42240001	42280000
20	42280001	42320000
20	42320001	42360000
20	42360001	42400000
20	42400001	42440000
20	42440001	42480000
20	42480001	42520000
20	42520001	42560000
20	42560001	42600000
20	42600001	42640000
20	42640001	42680000
20	42680001	42720000
20	42720001	42760000
20	42760001	42800000
20	42800001	42840000
20	42840001	42880000
20	42880001	42920000
20	42920001	42960000
20	42960001	43000000
20	43000001	43040000
20	43040001	43080000
20	43080001	43120000
20	43120001	43160000
20	43160001	43200000
20	43200001	43240000
20	43240001	43280000
20	43280001	43320000
20	43320001	43360000
20	43360001	43400000
20	43400001	43440000
20	43440001	43480000
20	43480001	43520000
20	43520001	43560000
20	43560001	43600000
20	43600001	43640000
20	43640001	43680000
20	43680001	43720000
20	43720001	43760000
20	43760001	43800000
20	43800001	43840000
20	43840001	43880000
20	43880001	43920000
20	43920001	43960000
20	43960001	44000000
20	44000001	44040000
20	44040001	44080000
20	44080001	44120000
20	44120001	44160000
20	44160001	44200000
20	44200001	44240000
20	44240001	44280000
20	44280001	44320000
20	44320001	44360000
20	44360001	44400000
20	44400001	44440000
20	44440001	44480000
20	44480001	44520000
20	44520001	44560000
20	44560001	44600000
20	44600001	44640000
20	44640001	44680000
20	44680001	44720000
20	44720001	44760000
20	44760001	44800000
20	44800001	44840000
20	44840001	44880000
20	44880001	44920000
20	44920001	44960000
20	44960001	45000000
20	45000001	45040000
20	45040001	45080000
20	45080001	45120000
20	45120001	45160000
20	45160001	45200000
20	45200001	45240000
20	45240001	45280000
20	45280001	45320000
20	45320001	45360000
20	45360001	45400000
20	45400001	45440000
20	45440001	45480000
20	45480001	45520000
20	45520001	45560000
20	45560001	45600000
20	45600001	45640000
20	45640001	45680000
20	45680001	45720000
20	45720001	45760000
20	45760001	45800000
20	45800001	45840000
20	45840001	45880000
20	45880001	45920000
20	45920001	45960000
20	45960001	46000000
20	46000001	46040000
20	46040001	46080000
20	46080001	46120000
20	46120001	46160000
20	46160001	46200000
20	46200001	46240000
20	46240001	46280000
20	46280001	46320000
20	46320001	46360000
20	46360001	46400000
20	46400001	46440000
20	46440001	46480000
20	46480001	46520000
20	46520001	46560000
20	46560001	46600000
20	46600001	46640000
20	46640001	46680000
20	46680001	46720000
20	46720001	46760000
20	46760001	46800000
20	46800001	46840000
20	46840001	46880000
20	46880001	46920000
20	46920001	46960000
20	46960001	47000000
20	47000001	47040000
20	47040001	47080000
20	47080001	47120000
20	47120001	47160000
20	47160001	47200000
20	47200001	47240000
20	47240001	47280000
20	47280001	47320000
20	47320001	47360000
20	47360001	47400000
20	47400001	47440000
20	47440001	47480000
20	47480001	47520000
20	47520001	47560000
20	47560001	47600000
20	47600001	47640000
20	47640001	47680000
20	47680001	47720000
20	47720001	47760000
20	47760001	47800000
20	47800001	47840000
20	47840001	47880000
20	47880001	47920000
20	47920001	47960000
20	47960001	48000000
20	48000001	48040000
20	48040001	48080000
20	48080001	48120000
20	48120001	48129895
