3	1	40000
3	40001	80000
3	80001	120000
3	120001	160000
3	160001	200000
3	200001	240000
3	240001	280000
3	280001	320000
3	320001	360000
3	360001	400000
3	400001	440000
3	440001	480000
3	480001	520000
3	520001	560000
3	560001	600000
3	600001	640000
3	640001	680000
3	680001	720000
3	720001	760000
3	760001	800000
3	800001	840000
3	840001	880000
3	880001	920000
3	920001	960000
3	960001	1000000
3	1000001	1040000
3	1040001	1080000
3	1080001	1120000
3	1120001	1160000
3	1160001	1200000
3	1200001	1240000
3	1240001	1280000
3	1280001	1320000
3	1320001	1360000
3	1360001	1400000
3	1400001	1440000
3	1440001	1480000
3	1480001	1520000
3	1520001	1560000
3	1560001	1600000
3	1600001	1640000
3	1640001	1680000
3	1680001	1720000
3	1720001	1760000
3	1760001	1800000
3	1800001	1840000
3	1840001	1880000
3	1880001	1920000
3	1920001	1960000
3	1960001	2000000
3	2000001	2040000
3	2040001	2080000
3	2080001	2120000
3	2120001	2160000
3	2160001	2200000
3	2200001	2240000
3	2240001	2280000
3	2280001	2320000
3	2320001	2360000
3	2360001	2400000
3	2400001	2440000
3	2440001	2480000
3	2480001	2520000
3	2520001	2560000
3	2560001	2600000
3	2600001	2640000
3	2640001	2680000
3	2680001	2720000
3	2720001	2760000
3	2760001	2800000
3	2800001	2840000
3	2840001	2880000
3	2880001	2920000
3	2920001	2960000
3	2960001	3000000
3	3000001	3040000
3	3040001	3080000
3	3080001	3120000
3	3120001	3160000
3	3160001	3200000
3	3200001	3240000
3	3240001	3280000
3	3280001	3320000
3	3320001	3360000
3	3360001	3400000
3	3400001	3440000
3	3440001	3480000
3	3480001	3520000
3	3520001	3560000
3	3560001	3600000
3	3600001	3640000
3	3640001	3680000
3	3680001	3720000
3	3720001	3760000
3	3760001	3800000
3	3800001	3840000
3	3840001	3880000
3	3880001	3920000
3	3920001	3960000
3	3960001	4000000
3	4000001	4040000
3	4040001	4080000
3	4080001	4120000
3	4120001	4160000
3	4160001	4200000
3	4200001	4240000
3	4240001	4280000
3	4280001	4320000
3	4320001	4360000
3	4360001	4400000
3	4400001	4440000
3	4440001	4480000
3	4480001	4520000
3	4520001	4560000
3	4560001	4600000
3	4600001	4640000
3	4640001	4680000
3	4680001	4720000
3	4720001	4760000
3	4760001	4800000
3	4800001	4840000
3	4840001	4880000
3	4880001	4920000
3	4920001	4960000
3	4960001	5000000
3	5000001	5040000
3	5040001	5080000
3	5080001	5120000
3	5120001	5160000
3	5160001	5200000
3	5200001	5240000
3	5240001	5280000
3	5280001	5320000
3	5320001	5360000
3	5360001	5400000
3	5400001	5440000
3	5440001	5480000
3	5480001	5520000
3	5520001	5560000
3	5560001	5600000
3	5600001	5640000
3	5640001	5680000
3	5680001	5720000
3	5720001	5760000
3	5760001	5800000
3	5800001	5840000
3	5840001	5880000
3	5880001	5920000
3	5920001	5960000
3	5960001	6000000
3	6000001	6040000
3	6040001	6080000
3	6080001	6120000
3	6120001	6160000
3	6160001	6200000
3	6200001	6240000
3	6240001	6280000
3	6280001	6320000
3	6320001	6360000
3	6360001	6400000
3	6400001	6440000
3	6440001	6480000
3	6480001	6520000
3	6520001	6560000
3	6560001	6600000
3	6600001	6640000
3	6640001	6680000
3	6680001	6720000
3	6720001	6760000
3	6760001	6800000
3	6800001	6840000
3	6840001	6880000
3	6880001	6920000
3	6920001	6960000
3	6960001	7000000
3	7000001	7040000
3	7040001	7080000
3	7080001	7120000
3	7120001	7160000
3	7160001	7200000
3	7200001	7240000
3	7240001	7280000
3	7280001	7320000
3	7320001	7360000
3	7360001	7400000
3	7400001	7440000
3	7440001	7480000
3	7480001	7520000
3	7520001	7560000
3	7560001	7600000
3	7600001	7640000
3	7640001	7680000
3	7680001	7720000
3	7720001	7760000
3	7760001	7800000
3	7800001	7840000
3	7840001	7880000
3	7880001	7920000
3	7920001	7960000
3	7960001	8000000
3	8000001	8040000
3	8040001	8080000
3	8080001	8120000
3	8120001	8160000
3	8160001	8200000
3	8200001	8240000
3	8240001	8280000
3	8280001	8320000
3	8320001	8360000
3	8360001	8400000
3	8400001	8440000
3	8440001	8480000
3	8480001	8520000
3	8520001	8560000
3	8560001	8600000
3	8600001	8640000
3	8640001	8680000
3	8680001	8720000
3	8720001	8760000
3	8760001	8800000
3	8800001	8840000
3	8840001	8880000
3	8880001	8920000
3	8920001	8960000
3	8960001	9000000
3	9000001	9040000
3	9040001	9080000
3	9080001	9120000
3	9120001	9160000
3	9160001	9200000
3	9200001	9240000
3	9240001	9280000
3	9280001	9320000
3	9320001	9360000
3	9360001	9400000
3	9400001	9440000
3	9440001	9480000
3	9480001	9520000
3	9520001	9560000
3	9560001	9600000
3	9600001	9640000
3	9640001	9680000
3	9680001	9720000
3	9720001	9760000
3	9760001	9800000
3	9800001	9840000
3	9840001	9880000
3	9880001	9920000
3	9920001	9960000
3	9960001	10000000
3	10000001	10040000
3	10040001	10080000
3	10080001	10120000
3	10120001	10160000
3	10160001	10200000
3	10200001	10240000
3	10240001	10280000
3	10280001	10320000
3	10320001	10360000
3	10360001	10400000
3	10400001	10440000
3	10440001	10480000
3	10480001	10520000
3	10520001	10560000
3	10560001	10600000
3	10600001	10640000
3	10640001	10680000
3	10680001	10720000
3	10720001	10760000
3	10760001	10800000
3	10800001	10840000
3	10840001	10880000
3	10880001	10920000
3	10920001	10960000
3	10960001	11000000
3	11000001	11040000
3	11040001	11080000
3	11080001	11120000
3	11120001	11160000
3	11160001	11200000
3	11200001	11240000
3	11240001	11280000
3	11280001	11320000
3	11320001	11360000
3	11360001	11400000
3	11400001	11440000
3	11440001	11480000
3	11480001	11520000
3	11520001	11560000
3	11560001	11600000
3	11600001	11640000
3	11640001	11680000
3	11680001	11720000
3	11720001	11760000
3	11760001	11800000
3	11800001	11840000
3	11840001	11880000
3	11880001	11920000
3	11920001	11960000
3	11960001	12000000
3	12000001	12040000
3	12040001	12080000
3	12080001	12120000
3	12120001	12160000
3	12160001	12200000
3	12200001	12240000
3	12240001	12280000
3	12280001	12320000
3	12320001	12360000
3	12360001	12400000
3	12400001	12440000
3	12440001	12480000
3	12480001	12520000
3	12520001	12560000
3	12560001	12600000
3	12600001	12640000
3	12640001	12680000
3	12680001	12720000
3	12720001	12760000
3	12760001	12800000
3	12800001	12840000
3	12840001	12880000
3	12880001	12920000
3	12920001	12960000
3	12960001	13000000
3	13000001	13040000
3	13040001	13080000
3	13080001	13120000
3	13120001	13160000
3	13160001	13200000
3	13200001	13240000
3	13240001	13280000
3	13280001	13320000
3	13320001	13360000
3	13360001	13400000
3	13400001	13440000
3	13440001	13480000
3	13480001	13520000
3	13520001	13560000
3	13560001	13600000
3	13600001	13640000
3	13640001	13680000
3	13680001	13720000
3	13720001	13760000
3	13760001	13800000
3	13800001	13840000
3	13840001	13880000
3	13880001	13920000
3	13920001	13960000
3	13960001	14000000
3	14000001	14040000
3	14040001	14080000
3	14080001	14120000
3	14120001	14160000
3	14160001	14200000
3	14200001	14240000
3	14240001	14280000
3	14280001	14320000
3	14320001	14360000
3	14360001	14400000
3	14400001	14440000
3	14440001	14480000
3	14480001	14520000
3	14520001	14560000
3	14560001	14600000
3	14600001	14640000
3	14640001	14680000
3	14680001	14720000
3	14720001	14760000
3	14760001	14800000
3	14800001	14840000
3	14840001	14880000
3	14880001	14920000
3	14920001	14960000
3	14960001	15000000
3	15000001	15040000
3	15040001	15080000
3	15080001	15120000
3	15120001	15160000
3	15160001	15200000
3	15200001	15240000
3	15240001	15280000
3	15280001	15320000
3	15320001	15360000
3	15360001	15400000
3	15400001	15440000
3	15440001	15480000
3	15480001	15520000
3	15520001	15560000
3	15560001	15600000
3	15600001	15640000
3	15640001	15680000
3	15680001	15720000
3	15720001	15760000
3	15760001	15800000
3	15800001	15840000
3	15840001	15880000
3	15880001	15920000
3	15920001	15960000
3	15960001	16000000
3	16000001	16040000
3	16040001	16080000
3	16080001	16120000
3	16120001	16160000
3	16160001	16200000
3	16200001	16240000
3	16240001	16280000
3	16280001	16320000
3	16320001	16360000
3	16360001	16400000
3	16400001	16440000
3	16440001	16480000
3	16480001	16520000
3	16520001	16560000
3	16560001	16600000
3	16600001	16640000
3	16640001	16680000
3	16680001	16720000
3	16720001	16760000
3	16760001	16800000
3	16800001	16840000
3	16840001	16880000
3	16880001	16920000
3	16920001	16960000
3	16960001	17000000
3	17000001	17040000
3	17040001	17080000
3	17080001	17120000
3	17120001	17160000
3	17160001	17200000
3	17200001	17240000
3	17240001	17280000
3	17280001	17320000
3	17320001	17360000
3	17360001	17400000
3	17400001	17440000
3	17440001	17480000
3	17480001	17520000
3	17520001	17560000
3	17560001	17600000
3	17600001	17640000
3	17640001	17680000
3	17680001	17720000
3	17720001	17760000
3	17760001	17800000
3	17800001	17840000
3	17840001	17880000
3	17880001	17920000
3	17920001	17960000
3	17960001	18000000
3	18000001	18040000
3	18040001	18080000
3	18080001	18120000
3	18120001	18160000
3	18160001	18200000
3	18200001	18240000
3	18240001	18280000
3	18280001	18320000
3	18320001	18360000
3	18360001	18400000
3	18400001	18440000
3	18440001	18480000
3	18480001	18520000
3	18520001	18560000
3	18560001	18600000
3	18600001	18640000
3	18640001	18680000
3	18680001	18720000
3	18720001	18760000
3	18760001	18800000
3	18800001	18840000
3	18840001	18880000
3	18880001	18920000
3	18920001	18960000
3	18960001	19000000
3	19000001	19040000
3	19040001	19080000
3	19080001	19120000
3	19120001	19160000
3	19160001	19200000
3	19200001	19240000
3	19240001	19280000
3	19280001	19320000
3	19320001	19360000
3	19360001	19400000
3	19400001	19440000
3	19440001	19480000
3	19480001	19520000
3	19520001	19560000
3	19560001	19600000
3	19600001	19640000
3	19640001	19680000
3	19680001	19720000
3	19720001	19760000
3	19760001	19800000
3	19800001	19840000
3	19840001	19880000
3	19880001	19920000
3	19920001	19960000
3	19960001	20000000
3	20000001	20040000
3	20040001	20080000
3	20080001	20120000
3	20120001	20160000
3	20160001	20200000
3	20200001	20240000
3	20240001	20280000
3	20280001	20320000
3	20320001	20360000
3	20360001	20400000
3	20400001	20440000
3	20440001	20480000
3	20480001	20520000
3	20520001	20560000
3	20560001	20600000
3	20600001	20640000
3	20640001	20680000
3	20680001	20720000
3	20720001	20760000
3	20760001	20800000
3	20800001	20840000
3	20840001	20880000
3	20880001	20920000
3	20920001	20960000
3	20960001	21000000
3	21000001	21040000
3	21040001	21080000
3	21080001	21120000
3	21120001	21160000
3	21160001	21200000
3	21200001	21240000
3	21240001	21280000
3	21280001	21320000
3	21320001	21360000
3	21360001	21400000
3	21400001	21440000
3	21440001	21480000
3	21480001	21520000
3	21520001	21560000
3	21560001	21600000
3	21600001	21640000
3	21640001	21680000
3	21680001	21720000
3	21720001	21760000
3	21760001	21800000
3	21800001	21840000
3	21840001	21880000
3	21880001	21920000
3	21920001	21960000
3	21960001	22000000
3	22000001	22040000
3	22040001	22080000
3	22080001	22120000
3	22120001	22160000
3	22160001	22200000
3	22200001	22240000
3	22240001	22280000
3	22280001	22320000
3	22320001	22360000
3	22360001	22400000
3	22400001	22440000
3	22440001	22480000
3	22480001	22520000
3	22520001	22560000
3	22560001	22600000
3	22600001	22640000
3	22640001	22680000
3	22680001	22720000
3	22720001	22760000
3	22760001	22800000
3	22800001	22840000
3	22840001	22880000
3	22880001	22920000
3	22920001	22960000
3	22960001	23000000
3	23000001	23040000
3	23040001	23080000
3	23080001	23120000
3	23120001	23160000
3	23160001	23200000
3	23200001	23240000
3	23240001	23280000
3	23280001	23320000
3	23320001	23360000
3	23360001	23400000
3	23400001	23440000
3	23440001	23480000
3	23480001	23520000
3	23520001	23560000
3	23560001	23600000
3	23600001	23640000
3	23640001	23680000
3	23680001	23720000
3	23720001	23760000
3	23760001	23800000
3	23800001	23840000
3	23840001	23880000
3	23880001	23920000
3	23920001	23960000
3	23960001	24000000
3	24000001	24040000
3	24040001	24080000
3	24080001	24120000
3	24120001	24160000
3	24160001	24200000
3	24200001	24240000
3	24240001	24280000
3	24280001	24320000
3	24320001	24360000
3	24360001	24400000
3	24400001	24440000
3	24440001	24480000
3	24480001	24520000
3	24520001	24560000
3	24560001	24600000
3	24600001	24640000
3	24640001	24680000
3	24680001	24720000
3	24720001	24760000
3	24760001	24800000
3	24800001	24840000
3	24840001	24880000
3	24880001	24920000
3	24920001	24960000
3	24960001	25000000
3	25000001	25040000
3	25040001	25080000
3	25080001	25120000
3	25120001	25160000
3	25160001	25200000
3	25200001	25240000
3	25240001	25280000
3	25280001	25320000
3	25320001	25360000
3	25360001	25400000
3	25400001	25440000
3	25440001	25480000
3	25480001	25520000
3	25520001	25560000
3	25560001	25600000
3	25600001	25640000
3	25640001	25680000
3	25680001	25720000
3	25720001	25760000
3	25760001	25800000
3	25800001	25840000
3	25840001	25880000
3	25880001	25920000
3	25920001	25960000
3	25960001	26000000
3	26000001	26040000
3	26040001	26080000
3	26080001	26120000
3	26120001	26160000
3	26160001	26200000
3	26200001	26240000
3	26240001	26280000
3	26280001	26320000
3	26320001	26360000
3	26360001	26400000
3	26400001	26440000
3	26440001	26480000
3	26480001	26520000
3	26520001	26560000
3	26560001	26600000
3	26600001	26640000
3	26640001	26680000
3	26680001	26720000
3	26720001	26760000
3	26760001	26800000
3	26800001	26840000
3	26840001	26880000
3	26880001	26920000
3	26920001	26960000
3	26960001	27000000
3	27000001	27040000
3	27040001	27080000
3	27080001	27120000
3	27120001	27160000
3	27160001	27200000
3	27200001	27240000
3	27240001	27280000
3	27280001	27320000
3	27320001	27360000
3	27360001	27400000
3	27400001	27440000
3	27440001	27480000
3	27480001	27520000
3	27520001	27560000
3	27560001	27600000
3	27600001	27640000
3	27640001	27680000
3	27680001	27720000
3	27720001	27760000
3	27760001	27800000
3	27800001	27840000
3	27840001	27880000
3	27880001	27920000
3	27920001	27960000
3	27960001	28000000
3	28000001	28040000
3	28040001	28080000
3	28080001	28120000
3	28120001	28160000
3	28160001	28200000
3	28200001	28240000
3	28240001	28280000
3	28280001	28320000
3	28320001	28360000
3	28360001	28400000
3	28400001	28440000
3	28440001	28480000
3	28480001	28520000
3	28520001	28560000
3	28560001	28600000
3	28600001	28640000
3	28640001	28680000
3	28680001	28720000
3	28720001	28760000
3	28760001	28800000
3	28800001	28840000
3	28840001	28880000
3	28880001	28920000
3	28920001	28960000
3	28960001	29000000
3	29000001	29040000
3	29040001	29080000
3	29080001	29120000
3	29120001	29160000
3	29160001	29200000
3	29200001	29240000
3	29240001	29280000
3	29280001	29320000
3	29320001	29360000
3	29360001	29400000
3	29400001	29440000
3	29440001	29480000
3	29480001	29520000
3	29520001	29560000
3	29560001	29600000
3	29600001	29640000
3	29640001	29680000
3	29680001	29720000
3	29720001	29760000
3	29760001	29800000
3	29800001	29840000
3	29840001	29880000
3	29880001	29920000
3	29920001	29960000
3	29960001	30000000
3	30000001	30040000
3	30040001	30080000
3	30080001	30120000
3	30120001	30160000
3	30160001	30200000
3	30200001	30240000
3	30240001	30280000
3	30280001	30320000
3	30320001	30360000
3	30360001	30400000
3	30400001	30440000
3	30440001	30480000
3	30480001	30520000
3	30520001	30560000
3	30560001	30600000
3	30600001	30640000
3	30640001	30680000
3	30680001	30720000
3	30720001	30760000
3	30760001	30800000
3	30800001	30840000
3	30840001	30880000
3	30880001	30920000
3	30920001	30960000
3	30960001	31000000
3	31000001	31040000
3	31040001	31080000
3	31080001	31120000
3	31120001	31160000
3	31160001	31200000
3	31200001	31240000
3	31240001	31280000
3	31280001	31320000
3	31320001	31360000
3	31360001	31400000
3	31400001	31440000
3	31440001	31480000
3	31480001	31520000
3	31520001	31560000
3	31560001	31600000
3	31600001	31640000
3	31640001	31680000
3	31680001	31720000
3	31720001	31760000
3	31760001	31800000
3	31800001	31840000
3	31840001	31880000
3	31880001	31920000
3	31920001	31960000
3	31960001	32000000
3	32000001	32040000
3	32040001	32080000
3	32080001	32120000
3	32120001	32160000
3	32160001	32200000
3	32200001	32240000
3	32240001	32280000
3	32280001	32320000
3	32320001	32360000
3	32360001	32400000
3	32400001	32440000
3	32440001	32480000
3	32480001	32520000
3	32520001	32560000
3	32560001	32600000
3	32600001	32640000
3	32640001	32680000
3	32680001	32720000
3	32720001	32760000
3	32760001	32800000
3	32800001	32840000
3	32840001	32880000
3	32880001	32920000
3	32920001	32960000
3	32960001	33000000
3	33000001	33040000
3	33040001	33080000
3	33080001	33120000
3	33120001	33160000
3	33160001	33200000
3	33200001	33240000
3	33240001	33280000
3	33280001	33320000
3	33320001	33360000
3	33360001	33400000
3	33400001	33440000
3	33440001	33480000
3	33480001	33520000
3	33520001	33560000
3	33560001	33600000
3	33600001	33640000
3	33640001	33680000
3	33680001	33720000
3	33720001	33760000
3	33760001	33800000
3	33800001	33840000
3	33840001	33880000
3	33880001	33920000
3	33920001	33960000
3	33960001	34000000
3	34000001	34040000
3	34040001	34080000
3	34080001	34120000
3	34120001	34160000
3	34160001	34200000
3	34200001	34240000
3	34240001	34280000
3	34280001	34320000
3	34320001	34360000
3	34360001	34400000
3	34400001	34440000
3	34440001	34480000
3	34480001	34520000
3	34520001	34560000
3	34560001	34600000
3	34600001	34640000
3	34640001	34680000
3	34680001	34720000
3	34720001	34760000
3	34760001	34800000
3	34800001	34840000
3	34840001	34880000
3	34880001	34920000
3	34920001	34960000
3	34960001	35000000
3	35000001	35040000
3	35040001	35080000
3	35080001	35120000
3	35120001	35160000
3	35160001	35200000
3	35200001	35240000
3	35240001	35280000
3	35280001	35320000
3	35320001	35360000
3	35360001	35400000
3	35400001	35440000
3	35440001	35480000
3	35480001	35520000
3	35520001	35560000
3	35560001	35600000
3	35600001	35640000
3	35640001	35680000
3	35680001	35720000
3	35720001	35760000
3	35760001	35800000
3	35800001	35840000
3	35840001	35880000
3	35880001	35920000
3	35920001	35960000
3	35960001	36000000
3	36000001	36040000
3	36040001	36080000
3	36080001	36120000
3	36120001	36160000
3	36160001	36200000
3	36200001	36240000
3	36240001	36280000
3	36280001	36320000
3	36320001	36360000
3	36360001	36400000
3	36400001	36440000
3	36440001	36480000
3	36480001	36520000
3	36520001	36560000
3	36560001	36600000
3	36600001	36640000
3	36640001	36680000
3	36680001	36720000
3	36720001	36760000
3	36760001	36800000
3	36800001	36840000
3	36840001	36880000
3	36880001	36920000
3	36920001	36960000
3	36960001	37000000
3	37000001	37040000
3	37040001	37080000
3	37080001	37120000
3	37120001	37160000
3	37160001	37200000
3	37200001	37240000
3	37240001	37280000
3	37280001	37320000
3	37320001	37360000
3	37360001	37400000
3	37400001	37440000
3	37440001	37480000
3	37480001	37520000
3	37520001	37560000
3	37560001	37600000
3	37600001	37640000
3	37640001	37680000
3	37680001	37720000
3	37720001	37760000
3	37760001	37800000
3	37800001	37840000
3	37840001	37880000
3	37880001	37920000
3	37920001	37960000
3	37960001	38000000
3	38000001	38040000
3	38040001	38080000
3	38080001	38120000
3	38120001	38160000
3	38160001	38200000
3	38200001	38240000
3	38240001	38280000
3	38280001	38320000
3	38320001	38360000
3	38360001	38400000
3	38400001	38440000
3	38440001	38480000
3	38480001	38520000
3	38520001	38560000
3	38560001	38600000
3	38600001	38640000
3	38640001	38680000
3	38680001	38720000
3	38720001	38760000
3	38760001	38800000
3	38800001	38840000
3	38840001	38880000
3	38880001	38920000
3	38920001	38960000
3	38960001	39000000
3	39000001	39040000
3	39040001	39080000
3	39080001	39120000
3	39120001	39160000
3	39160001	39200000
3	39200001	39240000
3	39240001	39280000
3	39280001	39320000
3	39320001	39360000
3	39360001	39400000
3	39400001	39440000
3	39440001	39480000
3	39480001	39520000
3	39520001	39560000
3	39560001	39600000
3	39600001	39640000
3	39640001	39680000
3	39680001	39720000
3	39720001	39760000
3	39760001	39800000
3	39800001	39840000
3	39840001	39880000
3	39880001	39920000
3	39920001	39960000
3	39960001	40000000
3	40000001	40040000
3	40040001	40080000
3	40080001	40120000
3	40120001	40160000
3	40160001	40200000
3	40200001	40240000
3	40240001	40280000
3	40280001	40320000
3	40320001	40360000
3	40360001	40400000
3	40400001	40440000
3	40440001	40480000
3	40480001	40520000
3	40520001	40560000
3	40560001	40600000
3	40600001	40640000
3	40640001	40680000
3	40680001	40720000
3	40720001	40760000
3	40760001	40800000
3	40800001	40840000
3	40840001	40880000
3	40880001	40920000
3	40920001	40960000
3	40960001	41000000
3	41000001	41040000
3	41040001	41080000
3	41080001	41120000
3	41120001	41160000
3	41160001	41200000
3	41200001	41240000
3	41240001	41280000
3	41280001	41320000
3	41320001	41360000
3	41360001	41400000
3	41400001	41440000
3	41440001	41480000
3	41480001	41520000
3	41520001	41560000
3	41560001	41600000
3	41600001	41640000
3	41640001	41680000
3	41680001	41720000
3	41720001	41760000
3	41760001	41800000
3	41800001	41840000
3	41840001	41880000
3	41880001	41920000
3	41920001	41960000
3	41960001	42000000
3	42000001	42040000
3	42040001	42080000
3	42080001	42120000
3	42120001	42160000
3	42160001	42200000
3	42200001	42240000
3	42240001	42280000
3	42280001	42320000
3	42320001	42360000
3	42360001	42400000
3	42400001	42440000
3	42440001	42480000
3	42480001	42520000
3	42520001	42560000
3	42560001	42600000
3	42600001	42640000
3	42640001	42680000
3	42680001	42720000
3	42720001	42760000
3	42760001	42800000
3	42800001	42840000
3	42840001	42880000
3	42880001	42920000
3	42920001	42960000
3	42960001	43000000
3	43000001	43040000
3	43040001	43080000
3	43080001	43120000
3	43120001	43160000
3	43160001	43200000
3	43200001	43240000
3	43240001	43280000
3	43280001	43320000
3	43320001	43360000
3	43360001	43400000
3	43400001	43440000
3	43440001	43480000
3	43480001	43520000
3	43520001	43560000
3	43560001	43600000
3	43600001	43640000
3	43640001	43680000
3	43680001	43720000
3	43720001	43760000
3	43760001	43800000
3	43800001	43840000
3	43840001	43880000
3	43880001	43920000
3	43920001	43960000
3	43960001	44000000
3	44000001	44040000
3	44040001	44080000
3	44080001	44120000
3	44120001	44160000
3	44160001	44200000
3	44200001	44240000
3	44240001	44280000
3	44280001	44320000
3	44320001	44360000
3	44360001	44400000
3	44400001	44440000
3	44440001	44480000
3	44480001	44520000
3	44520001	44560000
3	44560001	44600000
3	44600001	44640000
3	44640001	44680000
3	44680001	44720000
3	44720001	44760000
3	44760001	44800000
3	44800001	44840000
3	44840001	44880000
3	44880001	44920000
3	44920001	44960000
3	44960001	45000000
3	45000001	45040000
3	45040001	45080000
3	45080001	45120000
3	45120001	45160000
3	45160001	45200000
3	45200001	45240000
3	45240001	45280000
3	45280001	45320000
3	45320001	45360000
3	45360001	45400000
3	45400001	45440000
3	45440001	45480000
3	45480001	45520000
3	45520001	45560000
3	45560001	45600000
3	45600001	45640000
3	45640001	45680000
3	45680001	45720000
3	45720001	45760000
3	45760001	45800000
3	45800001	45840000
3	45840001	45880000
3	45880001	45920000
3	45920001	45960000
3	45960001	46000000
3	46000001	46040000
3	46040001	46080000
3	46080001	46120000
3	46120001	46160000
3	46160001	46200000
3	46200001	46240000
3	46240001	46280000
3	46280001	46320000
3	46320001	46360000
3	46360001	46400000
3	46400001	46440000
3	46440001	46480000
3	46480001	46520000
3	46520001	46560000
3	46560001	46600000
3	46600001	46640000
3	46640001	46680000
3	46680001	46720000
3	46720001	46760000
3	46760001	46800000
3	46800001	46840000
3	46840001	46880000
3	46880001	46920000
3	46920001	46960000
3	46960001	47000000
3	47000001	47040000
3	47040001	47080000
3	47080001	47120000
3	47120001	47160000
3	47160001	47200000
3	47200001	47240000
3	47240001	47280000
3	47280001	47320000
3	47320001	47360000
3	47360001	47400000
3	47400001	47440000
3	47440001	47480000
3	47480001	47520000
3	47520001	47560000
3	47560001	47600000
3	47600001	47640000
3	47640001	47680000
3	47680001	47720000
3	47720001	47760000
3	47760001	47800000
3	47800001	47840000
3	47840001	47880000
3	47880001	47920000
3	47920001	47960000
3	47960001	48000000
3	48000001	48040000
3	48040001	48080000
3	48080001	48120000
3	48120001	48160000
3	48160001	48200000
3	48200001	48240000
3	48240001	48280000
3	48280001	48320000
3	48320001	48360000
3	48360001	48400000
3	48400001	48440000
3	48440001	48480000
3	48480001	48520000
3	48520001	48560000
3	48560001	48600000
3	48600001	48640000
3	48640001	48680000
3	48680001	48720000
3	48720001	48760000
3	48760001	48800000
3	48800001	48840000
3	48840001	48880000
3	48880001	48920000
3	48920001	48960000
3	48960001	49000000
3	49000001	49040000
3	49040001	49080000
3	49080001	49120000
3	49120001	49160000
3	49160001	49200000
3	49200001	49240000
3	49240001	49280000
3	49280001	49320000
3	49320001	49360000
3	49360001	49400000
3	49400001	49440000
3	49440001	49480000
3	49480001	49520000
3	49520001	49560000
3	49560001	49600000
3	49600001	49640000
3	49640001	49680000
3	49680001	49720000
3	49720001	49760000
3	49760001	49800000
3	49800001	49840000
3	49840001	49880000
3	49880001	49920000
3	49920001	49960000
3	49960001	50000000
3	50000001	50040000
3	50040001	50080000
3	50080001	50120000
3	50120001	50160000
3	50160001	50200000
3	50200001	50240000
3	50240001	50280000
3	50280001	50320000
3	50320001	50360000
3	50360001	50400000
3	50400001	50440000
3	50440001	50480000
3	50480001	50520000
3	50520001	50560000
3	50560001	50600000
3	50600001	50640000
3	50640001	50680000
3	50680001	50720000
3	50720001	50760000
3	50760001	50800000
3	50800001	50840000
3	50840001	50880000
3	50880001	50920000
3	50920001	50960000
3	50960001	51000000
3	51000001	51040000
3	51040001	51080000
3	51080001	51120000
3	51120001	51160000
3	51160001	51200000
3	51200001	51240000
3	51240001	51280000
3	51280001	51320000
3	51320001	51360000
3	51360001	51400000
3	51400001	51440000
3	51440001	51480000
3	51480001	51520000
3	51520001	51560000
3	51560001	51600000
3	51600001	51640000
3	51640001	51680000
3	51680001	51720000
3	51720001	51760000
3	51760001	51800000
3	51800001	51840000
3	51840001	51880000
3	51880001	51920000
3	51920001	51960000
3	51960001	52000000
3	52000001	52040000
3	52040001	52080000
3	52080001	52120000
3	52120001	52160000
3	52160001	52200000
3	52200001	52240000
3	52240001	52280000
3	52280001	52320000
3	52320001	52360000
3	52360001	52400000
3	52400001	52440000
3	52440001	52480000
3	52480001	52520000
3	52520001	52560000
3	52560001	52600000
3	52600001	52640000
3	52640001	52680000
3	52680001	52720000
3	52720001	52760000
3	52760001	52800000
3	52800001	52840000
3	52840001	52880000
3	52880001	52920000
3	52920001	52960000
3	52960001	53000000
3	53000001	53040000
3	53040001	53080000
3	53080001	53120000
3	53120001	53160000
3	53160001	53200000
3	53200001	53240000
3	53240001	53280000
3	53280001	53320000
3	53320001	53360000
3	53360001	53400000
3	53400001	53440000
3	53440001	53480000
3	53480001	53520000
3	53520001	53560000
3	53560001	53600000
3	53600001	53640000
3	53640001	53680000
3	53680001	53720000
3	53720001	53760000
3	53760001	53800000
3	53800001	53840000
3	53840001	53880000
3	53880001	53920000
3	53920001	53960000
3	53960001	54000000
3	54000001	54040000
3	54040001	54080000
3	54080001	54120000
3	54120001	54160000
3	54160001	54200000
3	54200001	54240000
3	54240001	54280000
3	54280001	54320000
3	54320001	54360000
3	54360001	54400000
3	54400001	54440000
3	54440001	54480000
3	54480001	54520000
3	54520001	54560000
3	54560001	54600000
3	54600001	54640000
3	54640001	54680000
3	54680001	54720000
3	54720001	54760000
3	54760001	54800000
3	54800001	54840000
3	54840001	54880000
3	54880001	54920000
3	54920001	54960000
3	54960001	55000000
3	55000001	55040000
3	55040001	55080000
3	55080001	55120000
3	55120001	55160000
3	55160001	55200000
3	55200001	55240000
3	55240001	55280000
3	55280001	55320000
3	55320001	55360000
3	55360001	55400000
3	55400001	55440000
3	55440001	55480000
3	55480001	55520000
3	55520001	55560000
3	55560001	55600000
3	55600001	55640000
3	55640001	55680000
3	55680001	55720000
3	55720001	55760000
3	55760001	55800000
3	55800001	55840000
3	55840001	55880000
3	55880001	55920000
3	55920001	55960000
3	55960001	56000000
3	56000001	56040000
3	56040001	56080000
3	56080001	56120000
3	56120001	56160000
3	56160001	56200000
3	56200001	56240000
3	56240001	56280000
3	56280001	56320000
3	56320001	56360000
3	56360001	56400000
3	56400001	56440000
3	56440001	56480000
3	56480001	56520000
3	56520001	56560000
3	56560001	56600000
3	56600001	56640000
3	56640001	56680000
3	56680001	56720000
3	56720001	56760000
3	56760001	56800000
3	56800001	56840000
3	56840001	56880000
3	56880001	56920000
3	56920001	56960000
3	56960001	57000000
3	57000001	57040000
3	57040001	57080000
3	57080001	57120000
3	57120001	57160000
3	57160001	57200000
3	57200001	57240000
3	57240001	57280000
3	57280001	57320000
3	57320001	57360000
3	57360001	57400000
3	57400001	57440000
3	57440001	57480000
3	57480001	57520000
3	57520001	57560000
3	57560001	57600000
3	57600001	57640000
3	57640001	57680000
3	57680001	57720000
3	57720001	57760000
3	57760001	57800000
3	57800001	57840000
3	57840001	57880000
3	57880001	57920000
3	57920001	57960000
3	57960001	58000000
3	58000001	58040000
3	58040001	58080000
3	58080001	58120000
3	58120001	58160000
3	58160001	58200000
3	58200001	58240000
3	58240001	58280000
3	58280001	58320000
3	58320001	58360000
3	58360001	58400000
3	58400001	58440000
3	58440001	58480000
3	58480001	58520000
3	58520001	58560000
3	58560001	58600000
3	58600001	58640000
3	58640001	58680000
3	58680001	58720000
3	58720001	58760000
3	58760001	58800000
3	58800001	58840000
3	58840001	58880000
3	58880001	58920000
3	58920001	58960000
3	58960001	59000000
3	59000001	59040000
3	59040001	59080000
3	59080001	59120000
3	59120001	59160000
3	59160001	59200000
3	59200001	59240000
3	59240001	59280000
3	59280001	59320000
3	59320001	59360000
3	59360001	59400000
3	59400001	59440000
3	59440001	59480000
3	59480001	59520000
3	59520001	59560000
3	59560001	59600000
3	59600001	59640000
3	59640001	59680000
3	59680001	59720000
3	59720001	59760000
3	59760001	59800000
3	59800001	59840000
3	59840001	59880000
3	59880001	59920000
3	59920001	59960000
3	59960001	60000000
3	60000001	60040000
3	60040001	60080000
3	60080001	60120000
3	60120001	60160000
3	60160001	60200000
3	60200001	60240000
3	60240001	60280000
3	60280001	60320000
3	60320001	60360000
3	60360001	60400000
3	60400001	60440000
3	60440001	60480000
3	60480001	60520000
3	60520001	60560000
3	60560001	60600000
3	60600001	60640000
3	60640001	60680000
3	60680001	60720000
3	60720001	60760000
3	60760001	60800000
3	60800001	60840000
3	60840001	60880000
3	60880001	60920000
3	60920001	60960000
3	60960001	61000000
3	61000001	61040000
3	61040001	61080000
3	61080001	61120000
3	61120001	61160000
3	61160001	61200000
3	61200001	61240000
3	61240001	61280000
3	61280001	61320000
3	61320001	61360000
3	61360001	61400000
3	61400001	61440000
3	61440001	61480000
3	61480001	61520000
3	61520001	61560000
3	61560001	61600000
3	61600001	61640000
3	61640001	61680000
3	61680001	61720000
3	61720001	61760000
3	61760001	61800000
3	61800001	61840000
3	61840001	61880000
3	61880001	61920000
3	61920001	61960000
3	61960001	62000000
3	62000001	62040000
3	62040001	62080000
3	62080001	62120000
3	62120001	62160000
3	62160001	62200000
3	62200001	62240000
3	62240001	62280000
3	62280001	62320000
3	62320001	62360000
3	62360001	62400000
3	62400001	62440000
3	62440001	62480000
3	62480001	62520000
3	62520001	62560000
3	62560001	62600000
3	62600001	62640000
3	62640001	62680000
3	62680001	62720000
3	62720001	62760000
3	62760001	62800000
3	62800001	62840000
3	62840001	62880000
3	62880001	62920000
3	62920001	62960000
3	62960001	63000000
3	63000001	63040000
3	63040001	63080000
3	63080001	63120000
3	63120001	63160000
3	63160001	63200000
3	63200001	63240000
3	63240001	63280000
3	63280001	63320000
3	63320001	63360000
3	63360001	63400000
3	63400001	63440000
3	63440001	63480000
3	63480001	63520000
3	63520001	63560000
3	63560001	63600000
3	63600001	63640000
3	63640001	63680000
3	63680001	63720000
3	63720001	63760000
3	63760001	63800000
3	63800001	63840000
3	63840001	63880000
3	63880001	63920000
3	63920001	63960000
3	63960001	64000000
3	64000001	64040000
3	64040001	64080000
3	64080001	64120000
3	64120001	64160000
3	64160001	64200000
3	64200001	64240000
3	64240001	64280000
3	64280001	64320000
3	64320001	64360000
3	64360001	64400000
3	64400001	64440000
3	64440001	64480000
3	64480001	64520000
3	64520001	64560000
3	64560001	64600000
3	64600001	64640000
3	64640001	64680000
3	64680001	64720000
3	64720001	64760000
3	64760001	64800000
3	64800001	64840000
3	64840001	64880000
3	64880001	64920000
3	64920001	64960000
3	64960001	65000000
3	65000001	65040000
3	65040001	65080000
3	65080001	65120000
3	65120001	65160000
3	65160001	65200000
3	65200001	65240000
3	65240001	65280000
3	65280001	65320000
3	65320001	65360000
3	65360001	65400000
3	65400001	65440000
3	65440001	65480000
3	65480001	65520000
3	65520001	65560000
3	65560001	65600000
3	65600001	65640000
3	65640001	65680000
3	65680001	65720000
3	65720001	65760000
3	65760001	65800000
3	65800001	65840000
3	65840001	65880000
3	65880001	65920000
3	65920001	65960000
3	65960001	66000000
3	66000001	66040000
3	66040001	66080000
3	66080001	66120000
3	66120001	66160000
3	66160001	66200000
3	66200001	66240000
3	66240001	66280000
3	66280001	66320000
3	66320001	66360000
3	66360001	66400000
3	66400001	66440000
3	66440001	66480000
3	66480001	66520000
3	66520001	66560000
3	66560001	66600000
3	66600001	66640000
3	66640001	66680000
3	66680001	66720000
3	66720001	66760000
3	66760001	66800000
3	66800001	66840000
3	66840001	66880000
3	66880001	66920000
3	66920001	66960000
3	66960001	67000000
3	67000001	67040000
3	67040001	67080000
3	67080001	67120000
3	67120001	67160000
3	67160001	67200000
3	67200001	67240000
3	67240001	67280000
3	67280001	67320000
3	67320001	67360000
3	67360001	67400000
3	67400001	67440000
3	67440001	67480000
3	67480001	67520000
3	67520001	67560000
3	67560001	67600000
3	67600001	67640000
3	67640001	67680000
3	67680001	67720000
3	67720001	67760000
3	67760001	67800000
3	67800001	67840000
3	67840001	67880000
3	67880001	67920000
3	67920001	67960000
3	67960001	68000000
3	68000001	68040000
3	68040001	68080000
3	68080001	68120000
3	68120001	68160000
3	68160001	68200000
3	68200001	68240000
3	68240001	68280000
3	68280001	68320000
3	68320001	68360000
3	68360001	68400000
3	68400001	68440000
3	68440001	68480000
3	68480001	68520000
3	68520001	68560000
3	68560001	68600000
3	68600001	68640000
3	68640001	68680000
3	68680001	68720000
3	68720001	68760000
3	68760001	68800000
3	68800001	68840000
3	68840001	68880000
3	68880001	68920000
3	68920001	68960000
3	68960001	69000000
3	69000001	69040000
3	69040001	69080000
3	69080001	69120000
3	69120001	69160000
3	69160001	69200000
3	69200001	69240000
3	69240001	69280000
3	69280001	69320000
3	69320001	69360000
3	69360001	69400000
3	69400001	69440000
3	69440001	69480000
3	69480001	69520000
3	69520001	69560000
3	69560001	69600000
3	69600001	69640000
3	69640001	69680000
3	69680001	69720000
3	69720001	69760000
3	69760001	69800000
3	69800001	69840000
3	69840001	69880000
3	69880001	69920000
3	69920001	69960000
3	69960001	70000000
3	70000001	70040000
3	70040001	70080000
3	70080001	70120000
3	70120001	70160000
3	70160001	70200000
3	70200001	70240000
3	70240001	70280000
3	70280001	70320000
3	70320001	70360000
3	70360001	70400000
3	70400001	70440000
3	70440001	70480000
3	70480001	70520000
3	70520001	70560000
3	70560001	70600000
3	70600001	70640000
3	70640001	70680000
3	70680001	70720000
3	70720001	70760000
3	70760001	70800000
3	70800001	70840000
3	70840001	70880000
3	70880001	70920000
3	70920001	70960000
3	70960001	71000000
3	71000001	71040000
3	71040001	71080000
3	71080001	71120000
3	71120001	71160000
3	71160001	71200000
3	71200001	71240000
3	71240001	71280000
3	71280001	71320000
3	71320001	71360000
3	71360001	71400000
3	71400001	71440000
3	71440001	71480000
3	71480001	71520000
3	71520001	71560000
3	71560001	71600000
3	71600001	71640000
3	71640001	71680000
3	71680001	71720000
3	71720001	71760000
3	71760001	71800000
3	71800001	71840000
3	71840001	71880000
3	71880001	71920000
3	71920001	71960000
3	71960001	72000000
3	72000001	72040000
3	72040001	72080000
3	72080001	72120000
3	72120001	72160000
3	72160001	72200000
3	72200001	72240000
3	72240001	72280000
3	72280001	72320000
3	72320001	72360000
3	72360001	72400000
3	72400001	72440000
3	72440001	72480000
3	72480001	72520000
3	72520001	72560000
3	72560001	72600000
3	72600001	72640000
3	72640001	72680000
3	72680001	72720000
3	72720001	72760000
3	72760001	72800000
3	72800001	72840000
3	72840001	72880000
3	72880001	72920000
3	72920001	72960000
3	72960001	73000000
3	73000001	73040000
3	73040001	73080000
3	73080001	73120000
3	73120001	73160000
3	73160001	73200000
3	73200001	73240000
3	73240001	73280000
3	73280001	73320000
3	73320001	73360000
3	73360001	73400000
3	73400001	73440000
3	73440001	73480000
3	73480001	73520000
3	73520001	73560000
3	73560001	73600000
3	73600001	73640000
3	73640001	73680000
3	73680001	73720000
3	73720001	73760000
3	73760001	73800000
3	73800001	73840000
3	73840001	73880000
3	73880001	73920000
3	73920001	73960000
3	73960001	74000000
3	74000001	74040000
3	74040001	74080000
3	74080001	74120000
3	74120001	74160000
3	74160001	74200000
3	74200001	74240000
3	74240001	74280000
3	74280001	74320000
3	74320001	74360000
3	74360001	74400000
3	74400001	74440000
3	74440001	74480000
3	74480001	74520000
3	74520001	74560000
3	74560001	74600000
3	74600001	74640000
3	74640001	74680000
3	74680001	74720000
3	74720001	74760000
3	74760001	74800000
3	74800001	74840000
3	74840001	74880000
3	74880001	74920000
3	74920001	74960000
3	74960001	75000000
3	75000001	75040000
3	75040001	75080000
3	75080001	75120000
3	75120001	75160000
3	75160001	75200000
3	75200001	75240000
3	75240001	75280000
3	75280001	75320000
3	75320001	75360000
3	75360001	75400000
3	75400001	75440000
3	75440001	75480000
3	75480001	75520000
3	75520001	75560000
3	75560001	75600000
3	75600001	75640000
3	75640001	75680000
3	75680001	75720000
3	75720001	75760000
3	75760001	75800000
3	75800001	75840000
3	75840001	75880000
3	75880001	75920000
3	75920001	75960000
3	75960001	76000000
3	76000001	76040000
3	76040001	76080000
3	76080001	76120000
3	76120001	76160000
3	76160001	76200000
3	76200001	76240000
3	76240001	76280000
3	76280001	76320000
3	76320001	76360000
3	76360001	76400000
3	76400001	76440000
3	76440001	76480000
3	76480001	76520000
3	76520001	76560000
3	76560001	76600000
3	76600001	76640000
3	76640001	76680000
3	76680001	76720000
3	76720001	76760000
3	76760001	76800000
3	76800001	76840000
3	76840001	76880000
3	76880001	76920000
3	76920001	76960000
3	76960001	77000000
3	77000001	77040000
3	77040001	77080000
3	77080001	77120000
3	77120001	77160000
3	77160001	77200000
3	77200001	77240000
3	77240001	77280000
3	77280001	77320000
3	77320001	77360000
3	77360001	77400000
3	77400001	77440000
3	77440001	77480000
3	77480001	77520000
3	77520001	77560000
3	77560001	77600000
3	77600001	77640000
3	77640001	77680000
3	77680001	77720000
3	77720001	77760000
3	77760001	77800000
3	77800001	77840000
3	77840001	77880000
3	77880001	77920000
3	77920001	77960000
3	77960001	78000000
3	78000001	78040000
3	78040001	78080000
3	78080001	78120000
3	78120001	78160000
3	78160001	78200000
3	78200001	78240000
3	78240001	78280000
3	78280001	78320000
3	78320001	78360000
3	78360001	78400000
3	78400001	78440000
3	78440001	78480000
3	78480001	78520000
3	78520001	78560000
3	78560001	78600000
3	78600001	78640000
3	78640001	78680000
3	78680001	78720000
3	78720001	78760000
3	78760001	78800000
3	78800001	78840000
3	78840001	78880000
3	78880001	78920000
3	78920001	78960000
3	78960001	79000000
3	79000001	79040000
3	79040001	79080000
3	79080001	79120000
3	79120001	79160000
3	79160001	79200000
3	79200001	79240000
3	79240001	79280000
3	79280001	79320000
3	79320001	79360000
3	79360001	79400000
3	79400001	79440000
3	79440001	79480000
3	79480001	79520000
3	79520001	79560000
3	79560001	79600000
3	79600001	79640000
3	79640001	79680000
3	79680001	79720000
3	79720001	79760000
3	79760001	79800000
3	79800001	79840000
3	79840001	79880000
3	79880001	79920000
3	79920001	79960000
3	79960001	80000000
3	80000001	80040000
3	80040001	80080000
3	80080001	80120000
3	80120001	80160000
3	80160001	80200000
3	80200001	80240000
3	80240001	80280000
3	80280001	80320000
3	80320001	80360000
3	80360001	80400000
3	80400001	80440000
3	80440001	80480000
3	80480001	80520000
3	80520001	80560000
3	80560001	80600000
3	80600001	80640000
3	80640001	80680000
3	80680001	80720000
3	80720001	80760000
3	80760001	80800000
3	80800001	80840000
3	80840001	80880000
3	80880001	80920000
3	80920001	80960000
3	80960001	81000000
3	81000001	81040000
3	81040001	81080000
3	81080001	81120000
3	81120001	81160000
3	81160001	81200000
3	81200001	81240000
3	81240001	81280000
3	81280001	81320000
3	81320001	81360000
3	81360001	81400000
3	81400001	81440000
3	81440001	81480000
3	81480001	81520000
3	81520001	81560000
3	81560001	81600000
3	81600001	81640000
3	81640001	81680000
3	81680001	81720000
3	81720001	81760000
3	81760001	81800000
3	81800001	81840000
3	81840001	81880000
3	81880001	81920000
3	81920001	81960000
3	81960001	82000000
3	82000001	82040000
3	82040001	82080000
3	82080001	82120000
3	82120001	82160000
3	82160001	82200000
3	82200001	82240000
3	82240001	82280000
3	82280001	82320000
3	82320001	82360000
3	82360001	82400000
3	82400001	82440000
3	82440001	82480000
3	82480001	82520000
3	82520001	82560000
3	82560001	82600000
3	82600001	82640000
3	82640001	82680000
3	82680001	82720000
3	82720001	82760000
3	82760001	82800000
3	82800001	82840000
3	82840001	82880000
3	82880001	82920000
3	82920001	82960000
3	82960001	83000000
3	83000001	83040000
3	83040001	83080000
3	83080001	83120000
3	83120001	83160000
3	83160001	83200000
3	83200001	83240000
3	83240001	83280000
3	83280001	83320000
3	83320001	83360000
3	83360001	83400000
3	83400001	83440000
3	83440001	83480000
3	83480001	83520000
3	83520001	83560000
3	83560001	83600000
3	83600001	83640000
3	83640001	83680000
3	83680001	83720000
3	83720001	83760000
3	83760001	83800000
3	83800001	83840000
3	83840001	83880000
3	83880001	83920000
3	83920001	83960000
3	83960001	84000000
3	84000001	84040000
3	84040001	84080000
3	84080001	84120000
3	84120001	84160000
3	84160001	84200000
3	84200001	84240000
3	84240001	84280000
3	84280001	84320000
3	84320001	84360000
3	84360001	84400000
3	84400001	84440000
3	84440001	84480000
3	84480001	84520000
3	84520001	84560000
3	84560001	84600000
3	84600001	84640000
3	84640001	84680000
3	84680001	84720000
3	84720001	84760000
3	84760001	84800000
3	84800001	84840000
3	84840001	84880000
3	84880001	84920000
3	84920001	84960000
3	84960001	85000000
3	85000001	85040000
3	85040001	85080000
3	85080001	85120000
3	85120001	85160000
3	85160001	85200000
3	85200001	85240000
3	85240001	85280000
3	85280001	85320000
3	85320001	85360000
3	85360001	85400000
3	85400001	85440000
3	85440001	85480000
3	85480001	85520000
3	85520001	85560000
3	85560001	85600000
3	85600001	85640000
3	85640001	85680000
3	85680001	85720000
3	85720001	85760000
3	85760001	85800000
3	85800001	85840000
3	85840001	85880000
3	85880001	85920000
3	85920001	85960000
3	85960001	86000000
3	86000001	86040000
3	86040001	86080000
3	86080001	86120000
3	86120001	86160000
3	86160001	86200000
3	86200001	86240000
3	86240001	86280000
3	86280001	86320000
3	86320001	86360000
3	86360001	86400000
3	86400001	86440000
3	86440001	86480000
3	86480001	86520000
3	86520001	86560000
3	86560001	86600000
3	86600001	86640000
3	86640001	86680000
3	86680001	86720000
3	86720001	86760000
3	86760001	86800000
3	86800001	86840000
3	86840001	86880000
3	86880001	86920000
3	86920001	86960000
3	86960001	87000000
3	87000001	87040000
3	87040001	87080000
3	87080001	87120000
3	87120001	87160000
3	87160001	87200000
3	87200001	87240000
3	87240001	87280000
3	87280001	87320000
3	87320001	87360000
3	87360001	87400000
3	87400001	87440000
3	87440001	87480000
3	87480001	87520000
3	87520001	87560000
3	87560001	87600000
3	87600001	87640000
3	87640001	87680000
3	87680001	87720000
3	87720001	87760000
3	87760001	87800000
3	87800001	87840000
3	87840001	87880000
3	87880001	87920000
3	87920001	87960000
3	87960001	88000000
3	88000001	88040000
3	88040001	88080000
3	88080001	88120000
3	88120001	88160000
3	88160001	88200000
3	88200001	88240000
3	88240001	88280000
3	88280001	88320000
3	88320001	88360000
3	88360001	88400000
3	88400001	88440000
3	88440001	88480000
3	88480001	88520000
3	88520001	88560000
3	88560001	88600000
3	88600001	88640000
3	88640001	88680000
3	88680001	88720000
3	88720001	88760000
3	88760001	88800000
3	88800001	88840000
3	88840001	88880000
3	88880001	88920000
3	88920001	88960000
3	88960001	89000000
3	89000001	89040000
3	89040001	89080000
3	89080001	89120000
3	89120001	89160000
3	89160001	89200000
3	89200001	89240000
3	89240001	89280000
3	89280001	89320000
3	89320001	89360000
3	89360001	89400000
3	89400001	89440000
3	89440001	89480000
3	89480001	89520000
3	89520001	89560000
3	89560001	89600000
3	89600001	89640000
3	89640001	89680000
3	89680001	89720000
3	89720001	89760000
3	89760001	89800000
3	89800001	89840000
3	89840001	89880000
3	89880001	89920000
3	89920001	89960000
3	89960001	90000000
3	90000001	90040000
3	90040001	90080000
3	90080001	90120000
3	90120001	90160000
3	90160001	90200000
3	90200001	90240000
3	90240001	90280000
3	90280001	90320000
3	90320001	90360000
3	90360001	90400000
3	90400001	90440000
3	90440001	90480000
3	90480001	90520000
3	90520001	90560000
3	90560001	90600000
3	90600001	90640000
3	90640001	90680000
3	90680001	90720000
3	90720001	90760000
3	90760001	90800000
3	90800001	90840000
3	90840001	90880000
3	90880001	90920000
3	90920001	90960000
3	90960001	91000000
3	91000001	91040000
3	91040001	91080000
3	91080001	91120000
3	91120001	91160000
3	91160001	91200000
3	91200001	91240000
3	91240001	91280000
3	91280001	91320000
3	91320001	91360000
3	91360001	91400000
3	91400001	91440000
3	91440001	91480000
3	91480001	91520000
3	91520001	91560000
3	91560001	91600000
3	91600001	91640000
3	91640001	91680000
3	91680001	91720000
3	91720001	91760000
3	91760001	91800000
3	91800001	91840000
3	91840001	91880000
3	91880001	91920000
3	91920001	91960000
3	91960001	92000000
3	92000001	92040000
3	92040001	92080000
3	92080001	92120000
3	92120001	92160000
3	92160001	92200000
3	92200001	92240000
3	92240001	92280000
3	92280001	92320000
3	92320001	92360000
3	92360001	92400000
3	92400001	92440000
3	92440001	92480000
3	92480001	92520000
3	92520001	92560000
3	92560001	92600000
3	92600001	92640000
3	92640001	92680000
3	92680001	92720000
3	92720001	92760000
3	92760001	92800000
3	92800001	92840000
3	92840001	92880000
3	92880001	92920000
3	92920001	92960000
3	92960001	93000000
3	93000001	93040000
3	93040001	93080000
3	93080001	93120000
3	93120001	93160000
3	93160001	93200000
3	93200001	93240000
3	93240001	93280000
3	93280001	93320000
3	93320001	93360000
3	93360001	93400000
3	93400001	93440000
3	93440001	93480000
3	93480001	93520000
3	93520001	93560000
3	93560001	93600000
3	93600001	93640000
3	93640001	93680000
3	93680001	93720000
3	93720001	93760000
3	93760001	93800000
3	93800001	93840000
3	93840001	93880000
3	93880001	93920000
3	93920001	93960000
3	93960001	94000000
3	94000001	94040000
3	94040001	94080000
3	94080001	94120000
3	94120001	94160000
3	94160001	94200000
3	94200001	94240000
3	94240001	94280000
3	94280001	94320000
3	94320001	94360000
3	94360001	94400000
3	94400001	94440000
3	94440001	94480000
3	94480001	94520000
3	94520001	94560000
3	94560001	94600000
3	94600001	94640000
3	94640001	94680000
3	94680001	94720000
3	94720001	94760000
3	94760001	94800000
3	94800001	94840000
3	94840001	94880000
3	94880001	94920000
3	94920001	94960000
3	94960001	95000000
3	95000001	95040000
3	95040001	95080000
3	95080001	95120000
3	95120001	95160000
3	95160001	95200000
3	95200001	95240000
3	95240001	95280000
3	95280001	95320000
3	95320001	95360000
3	95360001	95400000
3	95400001	95440000
3	95440001	95480000
3	95480001	95520000
3	95520001	95560000
3	95560001	95600000
3	95600001	95640000
3	95640001	95680000
3	95680001	95720000
3	95720001	95760000
3	95760001	95800000
3	95800001	95840000
3	95840001	95880000
3	95880001	95920000
3	95920001	95960000
3	95960001	96000000
3	96000001	96040000
3	96040001	96080000
3	96080001	96120000
3	96120001	96160000
3	96160001	96200000
3	96200001	96240000
3	96240001	96280000
3	96280001	96320000
3	96320001	96360000
3	96360001	96400000
3	96400001	96440000
3	96440001	96480000
3	96480001	96520000
3	96520001	96560000
3	96560001	96600000
3	96600001	96640000
3	96640001	96680000
3	96680001	96720000
3	96720001	96760000
3	96760001	96800000
3	96800001	96840000
3	96840001	96880000
3	96880001	96920000
3	96920001	96960000
3	96960001	97000000
3	97000001	97040000
3	97040001	97080000
3	97080001	97120000
3	97120001	97160000
3	97160001	97200000
3	97200001	97240000
3	97240001	97280000
3	97280001	97320000
3	97320001	97360000
3	97360001	97400000
3	97400001	97440000
3	97440001	97480000
3	97480001	97520000
3	97520001	97560000
3	97560001	97600000
3	97600001	97640000
3	97640001	97680000
3	97680001	97720000
3	97720001	97760000
3	97760001	97800000
3	97800001	97840000
3	97840001	97880000
3	97880001	97920000
3	97920001	97960000
3	97960001	98000000
3	98000001	98040000
3	98040001	98080000
3	98080001	98120000
3	98120001	98160000
3	98160001	98200000
3	98200001	98240000
3	98240001	98280000
3	98280001	98320000
3	98320001	98360000
3	98360001	98400000
3	98400001	98440000
3	98440001	98480000
3	98480001	98520000
3	98520001	98560000
3	98560001	98600000
3	98600001	98640000
3	98640001	98680000
3	98680001	98720000
3	98720001	98760000
3	98760001	98800000
3	98800001	98840000
3	98840001	98880000
3	98880001	98920000
3	98920001	98960000
3	98960001	99000000
3	99000001	99040000
3	99040001	99080000
3	99080001	99120000
3	99120001	99160000
3	99160001	99200000
3	99200001	99240000
3	99240001	99280000
3	99280001	99320000
3	99320001	99360000
3	99360001	99400000
3	99400001	99440000
3	99440001	99480000
3	99480001	99520000
3	99520001	99560000
3	99560001	99600000
3	99600001	99640000
3	99640001	99680000
3	99680001	99720000
3	99720001	99760000
3	99760001	99800000
3	99800001	99840000
3	99840001	99880000
3	99880001	99920000
3	99920001	99960000
3	99960001	100000000
3	100000001	100040000
3	100040001	100080000
3	100080001	100120000
3	100120001	100160000
3	100160001	100200000
3	100200001	100240000
3	100240001	100280000
3	100280001	100320000
3	100320001	100360000
3	100360001	100400000
3	100400001	100440000
3	100440001	100480000
3	100480001	100520000
3	100520001	100560000
3	100560001	100600000
3	100600001	100640000
3	100640001	100680000
3	100680001	100720000
3	100720001	100760000
3	100760001	100800000
3	100800001	100840000
3	100840001	100880000
3	100880001	100920000
3	100920001	100960000
3	100960001	101000000
3	101000001	101040000
3	101040001	101080000
3	101080001	101120000
3	101120001	101160000
3	101160001	101200000
3	101200001	101240000
3	101240001	101280000
3	101280001	101320000
3	101320001	101360000
3	101360001	101400000
3	101400001	101440000
3	101440001	101480000
3	101480001	101520000
3	101520001	101560000
3	101560001	101600000
3	101600001	101640000
3	101640001	101680000
3	101680001	101720000
3	101720001	101760000
3	101760001	101800000
3	101800001	101840000
3	101840001	101880000
3	101880001	101920000
3	101920001	101960000
3	101960001	102000000
3	102000001	102040000
3	102040001	102080000
3	102080001	102120000
3	102120001	102160000
3	102160001	102200000
3	102200001	102240000
3	102240001	102280000
3	102280001	102320000
3	102320001	102360000
3	102360001	102400000
3	102400001	102440000
3	102440001	102480000
3	102480001	102520000
3	102520001	102560000
3	102560001	102600000
3	102600001	102640000
3	102640001	102680000
3	102680001	102720000
3	102720001	102760000
3	102760001	102800000
3	102800001	102840000
3	102840001	102880000
3	102880001	102920000
3	102920001	102960000
3	102960001	103000000
3	103000001	103040000
3	103040001	103080000
3	103080001	103120000
3	103120001	103160000
3	103160001	103200000
3	103200001	103240000
3	103240001	103280000
3	103280001	103320000
3	103320001	103360000
3	103360001	103400000
3	103400001	103440000
3	103440001	103480000
3	103480001	103520000
3	103520001	103560000
3	103560001	103600000
3	103600001	103640000
3	103640001	103680000
3	103680001	103720000
3	103720001	103760000
3	103760001	103800000
3	103800001	103840000
3	103840001	103880000
3	103880001	103920000
3	103920001	103960000
3	103960001	104000000
3	104000001	104040000
3	104040001	104080000
3	104080001	104120000
3	104120001	104160000
3	104160001	104200000
3	104200001	104240000
3	104240001	104280000
3	104280001	104320000
3	104320001	104360000
3	104360001	104400000
3	104400001	104440000
3	104440001	104480000
3	104480001	104520000
3	104520001	104560000
3	104560001	104600000
3	104600001	104640000
3	104640001	104680000
3	104680001	104720000
3	104720001	104760000
3	104760001	104800000
3	104800001	104840000
3	104840001	104880000
3	104880001	104920000
3	104920001	104960000
3	104960001	105000000
3	105000001	105040000
3	105040001	105080000
3	105080001	105120000
3	105120001	105160000
3	105160001	105200000
3	105200001	105240000
3	105240001	105280000
3	105280001	105320000
3	105320001	105360000
3	105360001	105400000
3	105400001	105440000
3	105440001	105480000
3	105480001	105520000
3	105520001	105560000
3	105560001	105600000
3	105600001	105640000
3	105640001	105680000
3	105680001	105720000
3	105720001	105760000
3	105760001	105800000
3	105800001	105840000
3	105840001	105880000
3	105880001	105920000
3	105920001	105960000
3	105960001	106000000
3	106000001	106040000
3	106040001	106080000
3	106080001	106120000
3	106120001	106160000
3	106160001	106200000
3	106200001	106240000
3	106240001	106280000
3	106280001	106320000
3	106320001	106360000
3	106360001	106400000
3	106400001	106440000
3	106440001	106480000
3	106480001	106520000
3	106520001	106560000
3	106560001	106600000
3	106600001	106640000
3	106640001	106680000
3	106680001	106720000
3	106720001	106760000
3	106760001	106800000
3	106800001	106840000
3	106840001	106880000
3	106880001	106920000
3	106920001	106960000
3	106960001	107000000
3	107000001	107040000
3	107040001	107080000
3	107080001	107120000
3	107120001	107160000
3	107160001	107200000
3	107200001	107240000
3	107240001	107280000
3	107280001	107320000
3	107320001	107360000
3	107360001	107400000
3	107400001	107440000
3	107440001	107480000
3	107480001	107520000
3	107520001	107560000
3	107560001	107600000
3	107600001	107640000
3	107640001	107680000
3	107680001	107720000
3	107720001	107760000
3	107760001	107800000
3	107800001	107840000
3	107840001	107880000
3	107880001	107920000
3	107920001	107960000
3	107960001	108000000
3	108000001	108040000
3	108040001	108080000
3	108080001	108120000
3	108120001	108160000
3	108160001	108200000
3	108200001	108240000
3	108240001	108280000
3	108280001	108320000
3	108320001	108360000
3	108360001	108400000
3	108400001	108440000
3	108440001	108480000
3	108480001	108520000
3	108520001	108560000
3	108560001	108600000
3	108600001	108640000
3	108640001	108680000
3	108680001	108720000
3	108720001	108760000
3	108760001	108800000
3	108800001	108840000
3	108840001	108880000
3	108880001	108920000
3	108920001	108960000
3	108960001	109000000
3	109000001	109040000
3	109040001	109080000
3	109080001	109120000
3	109120001	109160000
3	109160001	109200000
3	109200001	109240000
3	109240001	109280000
3	109280001	109320000
3	109320001	109360000
3	109360001	109400000
3	109400001	109440000
3	109440001	109480000
3	109480001	109520000
3	109520001	109560000
3	109560001	109600000
3	109600001	109640000
3	109640001	109680000
3	109680001	109720000
3	109720001	109760000
3	109760001	109800000
3	109800001	109840000
3	109840001	109880000
3	109880001	109920000
3	109920001	109960000
3	109960001	110000000
3	110000001	110040000
3	110040001	110080000
3	110080001	110120000
3	110120001	110160000
3	110160001	110200000
3	110200001	110240000
3	110240001	110280000
3	110280001	110320000
3	110320001	110360000
3	110360001	110400000
3	110400001	110440000
3	110440001	110480000
3	110480001	110520000
3	110520001	110560000
3	110560001	110600000
3	110600001	110640000
3	110640001	110680000
3	110680001	110720000
3	110720001	110760000
3	110760001	110800000
3	110800001	110840000
3	110840001	110880000
3	110880001	110920000
3	110920001	110960000
3	110960001	111000000
3	111000001	111040000
3	111040001	111080000
3	111080001	111120000
3	111120001	111160000
3	111160001	111200000
3	111200001	111240000
3	111240001	111280000
3	111280001	111320000
3	111320001	111360000
3	111360001	111400000
3	111400001	111440000
3	111440001	111480000
3	111480001	111520000
3	111520001	111560000
3	111560001	111600000
3	111600001	111640000
3	111640001	111680000
3	111680001	111720000
3	111720001	111760000
3	111760001	111800000
3	111800001	111840000
3	111840001	111880000
3	111880001	111920000
3	111920001	111960000
3	111960001	112000000
3	112000001	112040000
3	112040001	112080000
3	112080001	112120000
3	112120001	112160000
3	112160001	112200000
3	112200001	112240000
3	112240001	112280000
3	112280001	112320000
3	112320001	112360000
3	112360001	112400000
3	112400001	112440000
3	112440001	112480000
3	112480001	112520000
3	112520001	112560000
3	112560001	112600000
3	112600001	112640000
3	112640001	112680000
3	112680001	112720000
3	112720001	112760000
3	112760001	112800000
3	112800001	112840000
3	112840001	112880000
3	112880001	112920000
3	112920001	112960000
3	112960001	113000000
3	113000001	113040000
3	113040001	113080000
3	113080001	113120000
3	113120001	113160000
3	113160001	113200000
3	113200001	113240000
3	113240001	113280000
3	113280001	113320000
3	113320001	113360000
3	113360001	113400000
3	113400001	113440000
3	113440001	113480000
3	113480001	113520000
3	113520001	113560000
3	113560001	113600000
3	113600001	113640000
3	113640001	113680000
3	113680001	113720000
3	113720001	113760000
3	113760001	113800000
3	113800001	113840000
3	113840001	113880000
3	113880001	113920000
3	113920001	113960000
3	113960001	114000000
3	114000001	114040000
3	114040001	114080000
3	114080001	114120000
3	114120001	114160000
3	114160001	114200000
3	114200001	114240000
3	114240001	114280000
3	114280001	114320000
3	114320001	114360000
3	114360001	114400000
3	114400001	114440000
3	114440001	114480000
3	114480001	114520000
3	114520001	114560000
3	114560001	114600000
3	114600001	114640000
3	114640001	114680000
3	114680001	114720000
3	114720001	114760000
3	114760001	114800000
3	114800001	114840000
3	114840001	114880000
3	114880001	114920000
3	114920001	114960000
3	114960001	115000000
3	115000001	115040000
3	115040001	115080000
3	115080001	115120000
3	115120001	115160000
3	115160001	115200000
3	115200001	115240000
3	115240001	115280000
3	115280001	115320000
3	115320001	115360000
3	115360001	115400000
3	115400001	115440000
3	115440001	115480000
3	115480001	115520000
3	115520001	115560000
3	115560001	115600000
3	115600001	115640000
3	115640001	115680000
3	115680001	115720000
3	115720001	115760000
3	115760001	115800000
3	115800001	115840000
3	115840001	115880000
3	115880001	115920000
3	115920001	115960000
3	115960001	116000000
3	116000001	116040000
3	116040001	116080000
3	116080001	116120000
3	116120001	116160000
3	116160001	116200000
3	116200001	116240000
3	116240001	116280000
3	116280001	116320000
3	116320001	116360000
3	116360001	116400000
3	116400001	116440000
3	116440001	116480000
3	116480001	116520000
3	116520001	116560000
3	116560001	116600000
3	116600001	116640000
3	116640001	116680000
3	116680001	116720000
3	116720001	116760000
3	116760001	116800000
3	116800001	116840000
3	116840001	116880000
3	116880001	116920000
3	116920001	116960000
3	116960001	117000000
3	117000001	117040000
3	117040001	117080000
3	117080001	117120000
3	117120001	117160000
3	117160001	117200000
3	117200001	117240000
3	117240001	117280000
3	117280001	117320000
3	117320001	117360000
3	117360001	117400000
3	117400001	117440000
3	117440001	117480000
3	117480001	117520000
3	117520001	117560000
3	117560001	117600000
3	117600001	117640000
3	117640001	117680000
3	117680001	117720000
3	117720001	117760000
3	117760001	117800000
3	117800001	117840000
3	117840001	117880000
3	117880001	117920000
3	117920001	117960000
3	117960001	118000000
3	118000001	118040000
3	118040001	118080000
3	118080001	118120000
3	118120001	118160000
3	118160001	118200000
3	118200001	118240000
3	118240001	118280000
3	118280001	118320000
3	118320001	118360000
3	118360001	118400000
3	118400001	118440000
3	118440001	118480000
3	118480001	118520000
3	118520001	118560000
3	118560001	118600000
3	118600001	118640000
3	118640001	118680000
3	118680001	118720000
3	118720001	118760000
3	118760001	118800000
3	118800001	118840000
3	118840001	118880000
3	118880001	118920000
3	118920001	118960000
3	118960001	119000000
3	119000001	119040000
3	119040001	119080000
3	119080001	119120000
3	119120001	119160000
3	119160001	119200000
3	119200001	119240000
3	119240001	119280000
3	119280001	119320000
3	119320001	119360000
3	119360001	119400000
3	119400001	119440000
3	119440001	119480000
3	119480001	119520000
3	119520001	119560000
3	119560001	119600000
3	119600001	119640000
3	119640001	119680000
3	119680001	119720000
3	119720001	119760000
3	119760001	119800000
3	119800001	119840000
3	119840001	119880000
3	119880001	119920000
3	119920001	119960000
3	119960001	120000000
3	120000001	120040000
3	120040001	120080000
3	120080001	120120000
3	120120001	120160000
3	120160001	120200000
3	120200001	120240000
3	120240001	120280000
3	120280001	120320000
3	120320001	120360000
3	120360001	120400000
3	120400001	120440000
3	120440001	120480000
3	120480001	120520000
3	120520001	120560000
3	120560001	120600000
3	120600001	120640000
3	120640001	120680000
3	120680001	120720000
3	120720001	120760000
3	120760001	120800000
3	120800001	120840000
3	120840001	120880000
3	120880001	120920000
3	120920001	120960000
3	120960001	121000000
3	121000001	121040000
3	121040001	121080000
3	121080001	121120000
3	121120001	121160000
3	121160001	121200000
3	121200001	121240000
3	121240001	121280000
3	121280001	121320000
3	121320001	121360000
3	121360001	121400000
3	121400001	121440000
3	121440001	121480000
3	121480001	121520000
3	121520001	121560000
3	121560001	121600000
3	121600001	121640000
3	121640001	121680000
3	121680001	121720000
3	121720001	121760000
3	121760001	121800000
3	121800001	121840000
3	121840001	121880000
3	121880001	121920000
3	121920001	121960000
3	121960001	122000000
3	122000001	122040000
3	122040001	122080000
3	122080001	122120000
3	122120001	122160000
3	122160001	122200000
3	122200001	122240000
3	122240001	122280000
3	122280001	122320000
3	122320001	122360000
3	122360001	122400000
3	122400001	122440000
3	122440001	122480000
3	122480001	122520000
3	122520001	122560000
3	122560001	122600000
3	122600001	122640000
3	122640001	122680000
3	122680001	122720000
3	122720001	122760000
3	122760001	122800000
3	122800001	122840000
3	122840001	122880000
3	122880001	122920000
3	122920001	122960000
3	122960001	123000000
3	123000001	123040000
3	123040001	123080000
3	123080001	123120000
3	123120001	123160000
3	123160001	123200000
3	123200001	123240000
3	123240001	123280000
3	123280001	123320000
3	123320001	123360000
3	123360001	123400000
3	123400001	123440000
3	123440001	123480000
3	123480001	123520000
3	123520001	123560000
3	123560001	123600000
3	123600001	123640000
3	123640001	123680000
3	123680001	123720000
3	123720001	123760000
3	123760001	123800000
3	123800001	123840000
3	123840001	123880000
3	123880001	123920000
3	123920001	123960000
3	123960001	124000000
3	124000001	124040000
3	124040001	124080000
3	124080001	124120000
3	124120001	124160000
3	124160001	124200000
3	124200001	124240000
3	124240001	124280000
3	124280001	124320000
3	124320001	124360000
3	124360001	124400000
3	124400001	124440000
3	124440001	124480000
3	124480001	124520000
3	124520001	124560000
3	124560001	124600000
3	124600001	124640000
3	124640001	124680000
3	124680001	124720000
3	124720001	124760000
3	124760001	124800000
3	124800001	124840000
3	124840001	124880000
3	124880001	124920000
3	124920001	124960000
3	124960001	125000000
3	125000001	125040000
3	125040001	125080000
3	125080001	125120000
3	125120001	125160000
3	125160001	125200000
3	125200001	125240000
3	125240001	125280000
3	125280001	125320000
3	125320001	125360000
3	125360001	125400000
3	125400001	125440000
3	125440001	125480000
3	125480001	125520000
3	125520001	125560000
3	125560001	125600000
3	125600001	125640000
3	125640001	125680000
3	125680001	125720000
3	125720001	125760000
3	125760001	125800000
3	125800001	125840000
3	125840001	125880000
3	125880001	125920000
3	125920001	125960000
3	125960001	126000000
3	126000001	126040000
3	126040001	126080000
3	126080001	126120000
3	126120001	126160000
3	126160001	126200000
3	126200001	126240000
3	126240001	126280000
3	126280001	126320000
3	126320001	126360000
3	126360001	126400000
3	126400001	126440000
3	126440001	126480000
3	126480001	126520000
3	126520001	126560000
3	126560001	126600000
3	126600001	126640000
3	126640001	126680000
3	126680001	126720000
3	126720001	126760000
3	126760001	126800000
3	126800001	126840000
3	126840001	126880000
3	126880001	126920000
3	126920001	126960000
3	126960001	127000000
3	127000001	127040000
3	127040001	127080000
3	127080001	127120000
3	127120001	127160000
3	127160001	127200000
3	127200001	127240000
3	127240001	127280000
3	127280001	127320000
3	127320001	127360000
3	127360001	127400000
3	127400001	127440000
3	127440001	127480000
3	127480001	127520000
3	127520001	127560000
3	127560001	127600000
3	127600001	127640000
3	127640001	127680000
3	127680001	127720000
3	127720001	127760000
3	127760001	127800000
3	127800001	127840000
3	127840001	127880000
3	127880001	127920000
3	127920001	127960000
3	127960001	128000000
3	128000001	128040000
3	128040001	128080000
3	128080001	128120000
3	128120001	128160000
3	128160001	128200000
3	128200001	128240000
3	128240001	128280000
3	128280001	128320000
3	128320001	128360000
3	128360001	128400000
3	128400001	128440000
3	128440001	128480000
3	128480001	128520000
3	128520001	128560000
3	128560001	128600000
3	128600001	128640000
3	128640001	128680000
3	128680001	128720000
3	128720001	128760000
3	128760001	128800000
3	128800001	128840000
3	128840001	128880000
3	128880001	128920000
3	128920001	128960000
3	128960001	129000000
3	129000001	129040000
3	129040001	129080000
3	129080001	129120000
3	129120001	129160000
3	129160001	129200000
3	129200001	129240000
3	129240001	129280000
3	129280001	129320000
3	129320001	129360000
3	129360001	129400000
3	129400001	129440000
3	129440001	129480000
3	129480001	129520000
3	129520001	129560000
3	129560001	129600000
3	129600001	129640000
3	129640001	129680000
3	129680001	129720000
3	129720001	129760000
3	129760001	129800000
3	129800001	129840000
3	129840001	129880000
3	129880001	129920000
3	129920001	129960000
3	129960001	130000000
3	130000001	130040000
3	130040001	130080000
3	130080001	130120000
3	130120001	130160000
3	130160001	130200000
3	130200001	130240000
3	130240001	130280000
3	130280001	130320000
3	130320001	130360000
3	130360001	130400000
3	130400001	130440000
3	130440001	130480000
3	130480001	130520000
3	130520001	130560000
3	130560001	130600000
3	130600001	130640000
3	130640001	130680000
3	130680001	130720000
3	130720001	130760000
3	130760001	130800000
3	130800001	130840000
3	130840001	130880000
3	130880001	130920000
3	130920001	130960000
3	130960001	131000000
3	131000001	131040000
3	131040001	131080000
3	131080001	131120000
3	131120001	131160000
3	131160001	131200000
3	131200001	131240000
3	131240001	131280000
3	131280001	131320000
3	131320001	131360000
3	131360001	131400000
3	131400001	131440000
3	131440001	131480000
3	131480001	131520000
3	131520001	131560000
3	131560001	131600000
3	131600001	131640000
3	131640001	131680000
3	131680001	131720000
3	131720001	131760000
3	131760001	131800000
3	131800001	131840000
3	131840001	131880000
3	131880001	131920000
3	131920001	131960000
3	131960001	132000000
3	132000001	132040000
3	132040001	132080000
3	132080001	132120000
3	132120001	132160000
3	132160001	132200000
3	132200001	132240000
3	132240001	132280000
3	132280001	132320000
3	132320001	132360000
3	132360001	132400000
3	132400001	132440000
3	132440001	132480000
3	132480001	132520000
3	132520001	132560000
3	132560001	132600000
3	132600001	132640000
3	132640001	132680000
3	132680001	132720000
3	132720001	132760000
3	132760001	132800000
3	132800001	132840000
3	132840001	132880000
3	132880001	132920000
3	132920001	132960000
3	132960001	133000000
3	133000001	133040000
3	133040001	133080000
3	133080001	133120000
3	133120001	133160000
3	133160001	133200000
3	133200001	133240000
3	133240001	133280000
3	133280001	133320000
3	133320001	133360000
3	133360001	133400000
3	133400001	133440000
3	133440001	133480000
3	133480001	133520000
3	133520001	133560000
3	133560001	133600000
3	133600001	133640000
3	133640001	133680000
3	133680001	133720000
3	133720001	133760000
3	133760001	133800000
3	133800001	133840000
3	133840001	133880000
3	133880001	133920000
3	133920001	133960000
3	133960001	134000000
3	134000001	134040000
3	134040001	134080000
3	134080001	134120000
3	134120001	134160000
3	134160001	134200000
3	134200001	134240000
3	134240001	134280000
3	134280001	134320000
3	134320001	134360000
3	134360001	134400000
3	134400001	134440000
3	134440001	134480000
3	134480001	134520000
3	134520001	134560000
3	134560001	134600000
3	134600001	134640000
3	134640001	134680000
3	134680001	134720000
3	134720001	134760000
3	134760001	134800000
3	134800001	134840000
3	134840001	134880000
3	134880001	134920000
3	134920001	134960000
3	134960001	135000000
3	135000001	135040000
3	135040001	135080000
3	135080001	135120000
3	135120001	135160000
3	135160001	135200000
3	135200001	135240000
3	135240001	135280000
3	135280001	135320000
3	135320001	135360000
3	135360001	135400000
3	135400001	135440000
3	135440001	135480000
3	135480001	135520000
3	135520001	135560000
3	135560001	135600000
3	135600001	135640000
3	135640001	135680000
3	135680001	135720000
3	135720001	135760000
3	135760001	135800000
3	135800001	135840000
3	135840001	135880000
3	135880001	135920000
3	135920001	135960000
3	135960001	136000000
3	136000001	136040000
3	136040001	136080000
3	136080001	136120000
3	136120001	136160000
3	136160001	136200000
3	136200001	136240000
3	136240001	136280000
3	136280001	136320000
3	136320001	136360000
3	136360001	136400000
3	136400001	136440000
3	136440001	136480000
3	136480001	136520000
3	136520001	136560000
3	136560001	136600000
3	136600001	136640000
3	136640001	136680000
3	136680001	136720000
3	136720001	136760000
3	136760001	136800000
3	136800001	136840000
3	136840001	136880000
3	136880001	136920000
3	136920001	136960000
3	136960001	137000000
3	137000001	137040000
3	137040001	137080000
3	137080001	137120000
3	137120001	137160000
3	137160001	137200000
3	137200001	137240000
3	137240001	137280000
3	137280001	137320000
3	137320001	137360000
3	137360001	137400000
3	137400001	137440000
3	137440001	137480000
3	137480001	137520000
3	137520001	137560000
3	137560001	137600000
3	137600001	137640000
3	137640001	137680000
3	137680001	137720000
3	137720001	137760000
3	137760001	137800000
3	137800001	137840000
3	137840001	137880000
3	137880001	137920000
3	137920001	137960000
3	137960001	138000000
3	138000001	138040000
3	138040001	138080000
3	138080001	138120000
3	138120001	138160000
3	138160001	138200000
3	138200001	138240000
3	138240001	138280000
3	138280001	138320000
3	138320001	138360000
3	138360001	138400000
3	138400001	138440000
3	138440001	138480000
3	138480001	138520000
3	138520001	138560000
3	138560001	138600000
3	138600001	138640000
3	138640001	138680000
3	138680001	138720000
3	138720001	138760000
3	138760001	138800000
3	138800001	138840000
3	138840001	138880000
3	138880001	138920000
3	138920001	138960000
3	138960001	139000000
3	139000001	139040000
3	139040001	139080000
3	139080001	139120000
3	139120001	139160000
3	139160001	139200000
3	139200001	139240000
3	139240001	139280000
3	139280001	139320000
3	139320001	139360000
3	139360001	139400000
3	139400001	139440000
3	139440001	139480000
3	139480001	139520000
3	139520001	139560000
3	139560001	139600000
3	139600001	139640000
3	139640001	139680000
3	139680001	139720000
3	139720001	139760000
3	139760001	139800000
3	139800001	139840000
3	139840001	139880000
3	139880001	139920000
3	139920001	139960000
3	139960001	140000000
3	140000001	140040000
3	140040001	140080000
3	140080001	140120000
3	140120001	140160000
3	140160001	140200000
3	140200001	140240000
3	140240001	140280000
3	140280001	140320000
3	140320001	140360000
3	140360001	140400000
3	140400001	140440000
3	140440001	140480000
3	140480001	140520000
3	140520001	140560000
3	140560001	140600000
3	140600001	140640000
3	140640001	140680000
3	140680001	140720000
3	140720001	140760000
3	140760001	140800000
3	140800001	140840000
3	140840001	140880000
3	140880001	140920000
3	140920001	140960000
3	140960001	141000000
3	141000001	141040000
3	141040001	141080000
3	141080001	141120000
3	141120001	141160000
3	141160001	141200000
3	141200001	141240000
3	141240001	141280000
3	141280001	141320000
3	141320001	141360000
3	141360001	141400000
3	141400001	141440000
3	141440001	141480000
3	141480001	141520000
3	141520001	141560000
3	141560001	141600000
3	141600001	141640000
3	141640001	141680000
3	141680001	141720000
3	141720001	141760000
3	141760001	141800000
3	141800001	141840000
3	141840001	141880000
3	141880001	141920000
3	141920001	141960000
3	141960001	142000000
3	142000001	142040000
3	142040001	142080000
3	142080001	142120000
3	142120001	142160000
3	142160001	142200000
3	142200001	142240000
3	142240001	142280000
3	142280001	142320000
3	142320001	142360000
3	142360001	142400000
3	142400001	142440000
3	142440001	142480000
3	142480001	142520000
3	142520001	142560000
3	142560001	142600000
3	142600001	142640000
3	142640001	142680000
3	142680001	142720000
3	142720001	142760000
3	142760001	142800000
3	142800001	142840000
3	142840001	142880000
3	142880001	142920000
3	142920001	142960000
3	142960001	143000000
3	143000001	143040000
3	143040001	143080000
3	143080001	143120000
3	143120001	143160000
3	143160001	143200000
3	143200001	143240000
3	143240001	143280000
3	143280001	143320000
3	143320001	143360000
3	143360001	143400000
3	143400001	143440000
3	143440001	143480000
3	143480001	143520000
3	143520001	143560000
3	143560001	143600000
3	143600001	143640000
3	143640001	143680000
3	143680001	143720000
3	143720001	143760000
3	143760001	143800000
3	143800001	143840000
3	143840001	143880000
3	143880001	143920000
3	143920001	143960000
3	143960001	144000000
3	144000001	144040000
3	144040001	144080000
3	144080001	144120000
3	144120001	144160000
3	144160001	144200000
3	144200001	144240000
3	144240001	144280000
3	144280001	144320000
3	144320001	144360000
3	144360001	144400000
3	144400001	144440000
3	144440001	144480000
3	144480001	144520000
3	144520001	144560000
3	144560001	144600000
3	144600001	144640000
3	144640001	144680000
3	144680001	144720000
3	144720001	144760000
3	144760001	144800000
3	144800001	144840000
3	144840001	144880000
3	144880001	144920000
3	144920001	144960000
3	144960001	145000000
3	145000001	145040000
3	145040001	145080000
3	145080001	145120000
3	145120001	145160000
3	145160001	145200000
3	145200001	145240000
3	145240001	145280000
3	145280001	145320000
3	145320001	145360000
3	145360001	145400000
3	145400001	145440000
3	145440001	145480000
3	145480001	145520000
3	145520001	145560000
3	145560001	145600000
3	145600001	145640000
3	145640001	145680000
3	145680001	145720000
3	145720001	145760000
3	145760001	145800000
3	145800001	145840000
3	145840001	145880000
3	145880001	145920000
3	145920001	145960000
3	145960001	146000000
3	146000001	146040000
3	146040001	146080000
3	146080001	146120000
3	146120001	146160000
3	146160001	146200000
3	146200001	146240000
3	146240001	146280000
3	146280001	146320000
3	146320001	146360000
3	146360001	146400000
3	146400001	146440000
3	146440001	146480000
3	146480001	146520000
3	146520001	146560000
3	146560001	146600000
3	146600001	146640000
3	146640001	146680000
3	146680001	146720000
3	146720001	146760000
3	146760001	146800000
3	146800001	146840000
3	146840001	146880000
3	146880001	146920000
3	146920001	146960000
3	146960001	147000000
3	147000001	147040000
3	147040001	147080000
3	147080001	147120000
3	147120001	147160000
3	147160001	147200000
3	147200001	147240000
3	147240001	147280000
3	147280001	147320000
3	147320001	147360000
3	147360001	147400000
3	147400001	147440000
3	147440001	147480000
3	147480001	147520000
3	147520001	147560000
3	147560001	147600000
3	147600001	147640000
3	147640001	147680000
3	147680001	147720000
3	147720001	147760000
3	147760001	147800000
3	147800001	147840000
3	147840001	147880000
3	147880001	147920000
3	147920001	147960000
3	147960001	148000000
3	148000001	148040000
3	148040001	148080000
3	148080001	148120000
3	148120001	148160000
3	148160001	148200000
3	148200001	148240000
3	148240001	148280000
3	148280001	148320000
3	148320001	148360000
3	148360001	148400000
3	148400001	148440000
3	148440001	148480000
3	148480001	148520000
3	148520001	148560000
3	148560001	148600000
3	148600001	148640000
3	148640001	148680000
3	148680001	148720000
3	148720001	148760000
3	148760001	148800000
3	148800001	148840000
3	148840001	148880000
3	148880001	148920000
3	148920001	148960000
3	148960001	149000000
3	149000001	149040000
3	149040001	149080000
3	149080001	149120000
3	149120001	149160000
3	149160001	149200000
3	149200001	149240000
3	149240001	149280000
3	149280001	149320000
3	149320001	149360000
3	149360001	149400000
3	149400001	149440000
3	149440001	149480000
3	149480001	149520000
3	149520001	149560000
3	149560001	149600000
3	149600001	149640000
3	149640001	149680000
3	149680001	149720000
3	149720001	149760000
3	149760001	149800000
3	149800001	149840000
3	149840001	149880000
3	149880001	149920000
3	149920001	149960000
3	149960001	150000000
3	150000001	150040000
3	150040001	150080000
3	150080001	150120000
3	150120001	150160000
3	150160001	150200000
3	150200001	150240000
3	150240001	150280000
3	150280001	150320000
3	150320001	150360000
3	150360001	150400000
3	150400001	150440000
3	150440001	150480000
3	150480001	150520000
3	150520001	150560000
3	150560001	150600000
3	150600001	150640000
3	150640001	150680000
3	150680001	150720000
3	150720001	150760000
3	150760001	150800000
3	150800001	150840000
3	150840001	150880000
3	150880001	150920000
3	150920001	150960000
3	150960001	151000000
3	151000001	151040000
3	151040001	151080000
3	151080001	151120000
3	151120001	151160000
3	151160001	151200000
3	151200001	151240000
3	151240001	151280000
3	151280001	151320000
3	151320001	151360000
3	151360001	151400000
3	151400001	151440000
3	151440001	151480000
3	151480001	151520000
3	151520001	151560000
3	151560001	151600000
3	151600001	151640000
3	151640001	151680000
3	151680001	151720000
3	151720001	151760000
3	151760001	151800000
3	151800001	151840000
3	151840001	151880000
3	151880001	151920000
3	151920001	151960000
3	151960001	152000000
3	152000001	152040000
3	152040001	152080000
3	152080001	152120000
3	152120001	152160000
3	152160001	152200000
3	152200001	152240000
3	152240001	152280000
3	152280001	152320000
3	152320001	152360000
3	152360001	152400000
3	152400001	152440000
3	152440001	152480000
3	152480001	152520000
3	152520001	152560000
3	152560001	152600000
3	152600001	152640000
3	152640001	152680000
3	152680001	152720000
3	152720001	152760000
3	152760001	152800000
3	152800001	152840000
3	152840001	152880000
3	152880001	152920000
3	152920001	152960000
3	152960001	153000000
3	153000001	153040000
3	153040001	153080000
3	153080001	153120000
3	153120001	153160000
3	153160001	153200000
3	153200001	153240000
3	153240001	153280000
3	153280001	153320000
3	153320001	153360000
3	153360001	153400000
3	153400001	153440000
3	153440001	153480000
3	153480001	153520000
3	153520001	153560000
3	153560001	153600000
3	153600001	153640000
3	153640001	153680000
3	153680001	153720000
3	153720001	153760000
3	153760001	153800000
3	153800001	153840000
3	153840001	153880000
3	153880001	153920000
3	153920001	153960000
3	153960001	154000000
3	154000001	154040000
3	154040001	154080000
3	154080001	154120000
3	154120001	154160000
3	154160001	154200000
3	154200001	154240000
3	154240001	154280000
3	154280001	154320000
3	154320001	154360000
3	154360001	154400000
3	154400001	154440000
3	154440001	154480000
3	154480001	154520000
3	154520001	154560000
3	154560001	154600000
3	154600001	154640000
3	154640001	154680000
3	154680001	154720000
3	154720001	154760000
3	154760001	154800000
3	154800001	154840000
3	154840001	154880000
3	154880001	154920000
3	154920001	154960000
3	154960001	155000000
3	155000001	155040000
3	155040001	155080000
3	155080001	155120000
3	155120001	155160000
3	155160001	155200000
3	155200001	155240000
3	155240001	155280000
3	155280001	155320000
3	155320001	155360000
3	155360001	155400000
3	155400001	155440000
3	155440001	155480000
3	155480001	155520000
3	155520001	155560000
3	155560001	155600000
3	155600001	155640000
3	155640001	155680000
3	155680001	155720000
3	155720001	155760000
3	155760001	155800000
3	155800001	155840000
3	155840001	155880000
3	155880001	155920000
3	155920001	155960000
3	155960001	156000000
3	156000001	156040000
3	156040001	156080000
3	156080001	156120000
3	156120001	156160000
3	156160001	156200000
3	156200001	156240000
3	156240001	156280000
3	156280001	156320000
3	156320001	156360000
3	156360001	156400000
3	156400001	156440000
3	156440001	156480000
3	156480001	156520000
3	156520001	156560000
3	156560001	156600000
3	156600001	156640000
3	156640001	156680000
3	156680001	156720000
3	156720001	156760000
3	156760001	156800000
3	156800001	156840000
3	156840001	156880000
3	156880001	156920000
3	156920001	156960000
3	156960001	157000000
3	157000001	157040000
3	157040001	157080000
3	157080001	157120000
3	157120001	157160000
3	157160001	157200000
3	157200001	157240000
3	157240001	157280000
3	157280001	157320000
3	157320001	157360000
3	157360001	157400000
3	157400001	157440000
3	157440001	157480000
3	157480001	157520000
3	157520001	157560000
3	157560001	157600000
3	157600001	157640000
3	157640001	157680000
3	157680001	157720000
3	157720001	157760000
3	157760001	157800000
3	157800001	157840000
3	157840001	157880000
3	157880001	157920000
3	157920001	157960000
3	157960001	158000000
3	158000001	158040000
3	158040001	158080000
3	158080001	158120000
3	158120001	158160000
3	158160001	158200000
3	158200001	158240000
3	158240001	158280000
3	158280001	158320000
3	158320001	158360000
3	158360001	158400000
3	158400001	158440000
3	158440001	158480000
3	158480001	158520000
3	158520001	158560000
3	158560001	158600000
3	158600001	158640000
3	158640001	158680000
3	158680001	158720000
3	158720001	158760000
3	158760001	158800000
3	158800001	158840000
3	158840001	158880000
3	158880001	158920000
3	158920001	158960000
3	158960001	159000000
3	159000001	159040000
3	159040001	159080000
3	159080001	159120000
3	159120001	159160000
3	159160001	159200000
3	159200001	159240000
3	159240001	159280000
3	159280001	159320000
3	159320001	159360000
3	159360001	159400000
3	159400001	159440000
3	159440001	159480000
3	159480001	159520000
3	159520001	159560000
3	159560001	159600000
3	159600001	159640000
3	159640001	159680000
3	159680001	159720000
3	159720001	159760000
3	159760001	159800000
3	159800001	159840000
3	159840001	159880000
3	159880001	159920000
3	159920001	159960000
3	159960001	160000000
3	160000001	160040000
3	160040001	160080000
3	160080001	160120000
3	160120001	160160000
3	160160001	160200000
3	160200001	160240000
3	160240001	160280000
3	160280001	160320000
3	160320001	160360000
3	160360001	160400000
3	160400001	160440000
3	160440001	160480000
3	160480001	160520000
3	160520001	160560000
3	160560001	160600000
3	160600001	160640000
3	160640001	160680000
3	160680001	160720000
3	160720001	160760000
3	160760001	160800000
3	160800001	160840000
3	160840001	160880000
3	160880001	160920000
3	160920001	160960000
3	160960001	161000000
3	161000001	161040000
3	161040001	161080000
3	161080001	161120000
3	161120001	161160000
3	161160001	161200000
3	161200001	161240000
3	161240001	161280000
3	161280001	161320000
3	161320001	161360000
3	161360001	161400000
3	161400001	161440000
3	161440001	161480000
3	161480001	161520000
3	161520001	161560000
3	161560001	161600000
3	161600001	161640000
3	161640001	161680000
3	161680001	161720000
3	161720001	161760000
3	161760001	161800000
3	161800001	161840000
3	161840001	161880000
3	161880001	161920000
3	161920001	161960000
3	161960001	162000000
3	162000001	162040000
3	162040001	162080000
3	162080001	162120000
3	162120001	162160000
3	162160001	162200000
3	162200001	162240000
3	162240001	162280000
3	162280001	162320000
3	162320001	162360000
3	162360001	162400000
3	162400001	162440000
3	162440001	162480000
3	162480001	162520000
3	162520001	162560000
3	162560001	162600000
3	162600001	162640000
3	162640001	162680000
3	162680001	162720000
3	162720001	162760000
3	162760001	162800000
3	162800001	162840000
3	162840001	162880000
3	162880001	162920000
3	162920001	162960000
3	162960001	163000000
3	163000001	163040000
3	163040001	163080000
3	163080001	163120000
3	163120001	163160000
3	163160001	163200000
3	163200001	163240000
3	163240001	163280000
3	163280001	163320000
3	163320001	163360000
3	163360001	163400000
3	163400001	163440000
3	163440001	163480000
3	163480001	163520000
3	163520001	163560000
3	163560001	163600000
3	163600001	163640000
3	163640001	163680000
3	163680001	163720000
3	163720001	163760000
3	163760001	163800000
3	163800001	163840000
3	163840001	163880000
3	163880001	163920000
3	163920001	163960000
3	163960001	164000000
3	164000001	164040000
3	164040001	164080000
3	164080001	164120000
3	164120001	164160000
3	164160001	164200000
3	164200001	164240000
3	164240001	164280000
3	164280001	164320000
3	164320001	164360000
3	164360001	164400000
3	164400001	164440000
3	164440001	164480000
3	164480001	164520000
3	164520001	164560000
3	164560001	164600000
3	164600001	164640000
3	164640001	164680000
3	164680001	164720000
3	164720001	164760000
3	164760001	164800000
3	164800001	164840000
3	164840001	164880000
3	164880001	164920000
3	164920001	164960000
3	164960001	165000000
3	165000001	165040000
3	165040001	165080000
3	165080001	165120000
3	165120001	165160000
3	165160001	165200000
3	165200001	165240000
3	165240001	165280000
3	165280001	165320000
3	165320001	165360000
3	165360001	165400000
3	165400001	165440000
3	165440001	165480000
3	165480001	165520000
3	165520001	165560000
3	165560001	165600000
3	165600001	165640000
3	165640001	165680000
3	165680001	165720000
3	165720001	165760000
3	165760001	165800000
3	165800001	165840000
3	165840001	165880000
3	165880001	165920000
3	165920001	165960000
3	165960001	166000000
3	166000001	166040000
3	166040001	166080000
3	166080001	166120000
3	166120001	166160000
3	166160001	166200000
3	166200001	166240000
3	166240001	166280000
3	166280001	166320000
3	166320001	166360000
3	166360001	166400000
3	166400001	166440000
3	166440001	166480000
3	166480001	166520000
3	166520001	166560000
3	166560001	166600000
3	166600001	166640000
3	166640001	166680000
3	166680001	166720000
3	166720001	166760000
3	166760001	166800000
3	166800001	166840000
3	166840001	166880000
3	166880001	166920000
3	166920001	166960000
3	166960001	167000000
3	167000001	167040000
3	167040001	167080000
3	167080001	167120000
3	167120001	167160000
3	167160001	167200000
3	167200001	167240000
3	167240001	167280000
3	167280001	167320000
3	167320001	167360000
3	167360001	167400000
3	167400001	167440000
3	167440001	167480000
3	167480001	167520000
3	167520001	167560000
3	167560001	167600000
3	167600001	167640000
3	167640001	167680000
3	167680001	167720000
3	167720001	167760000
3	167760001	167800000
3	167800001	167840000
3	167840001	167880000
3	167880001	167920000
3	167920001	167960000
3	167960001	168000000
3	168000001	168040000
3	168040001	168080000
3	168080001	168120000
3	168120001	168160000
3	168160001	168200000
3	168200001	168240000
3	168240001	168280000
3	168280001	168320000
3	168320001	168360000
3	168360001	168400000
3	168400001	168440000
3	168440001	168480000
3	168480001	168520000
3	168520001	168560000
3	168560001	168600000
3	168600001	168640000
3	168640001	168680000
3	168680001	168720000
3	168720001	168760000
3	168760001	168800000
3	168800001	168840000
3	168840001	168880000
3	168880001	168920000
3	168920001	168960000
3	168960001	169000000
3	169000001	169040000
3	169040001	169080000
3	169080001	169120000
3	169120001	169160000
3	169160001	169200000
3	169200001	169240000
3	169240001	169280000
3	169280001	169320000
3	169320001	169360000
3	169360001	169400000
3	169400001	169440000
3	169440001	169480000
3	169480001	169520000
3	169520001	169560000
3	169560001	169600000
3	169600001	169640000
3	169640001	169680000
3	169680001	169720000
3	169720001	169760000
3	169760001	169800000
3	169800001	169840000
3	169840001	169880000
3	169880001	169920000
3	169920001	169960000
3	169960001	170000000
3	170000001	170040000
3	170040001	170080000
3	170080001	170120000
3	170120001	170160000
3	170160001	170200000
3	170200001	170240000
3	170240001	170280000
3	170280001	170320000
3	170320001	170360000
3	170360001	170400000
3	170400001	170440000
3	170440001	170480000
3	170480001	170520000
3	170520001	170560000
3	170560001	170600000
3	170600001	170640000
3	170640001	170680000
3	170680001	170720000
3	170720001	170760000
3	170760001	170800000
3	170800001	170840000
3	170840001	170880000
3	170880001	170920000
3	170920001	170960000
3	170960001	171000000
3	171000001	171040000
3	171040001	171080000
3	171080001	171120000
3	171120001	171160000
3	171160001	171200000
3	171200001	171240000
3	171240001	171280000
3	171280001	171320000
3	171320001	171360000
3	171360001	171400000
3	171400001	171440000
3	171440001	171480000
3	171480001	171520000
3	171520001	171560000
3	171560001	171600000
3	171600001	171640000
3	171640001	171680000
3	171680001	171720000
3	171720001	171760000
3	171760001	171800000
3	171800001	171840000
3	171840001	171880000
3	171880001	171920000
3	171920001	171960000
3	171960001	172000000
3	172000001	172040000
3	172040001	172080000
3	172080001	172120000
3	172120001	172160000
3	172160001	172200000
3	172200001	172240000
3	172240001	172280000
3	172280001	172320000
3	172320001	172360000
3	172360001	172400000
3	172400001	172440000
3	172440001	172480000
3	172480001	172520000
3	172520001	172560000
3	172560001	172600000
3	172600001	172640000
3	172640001	172680000
3	172680001	172720000
3	172720001	172760000
3	172760001	172800000
3	172800001	172840000
3	172840001	172880000
3	172880001	172920000
3	172920001	172960000
3	172960001	173000000
3	173000001	173040000
3	173040001	173080000
3	173080001	173120000
3	173120001	173160000
3	173160001	173200000
3	173200001	173240000
3	173240001	173280000
3	173280001	173320000
3	173320001	173360000
3	173360001	173400000
3	173400001	173440000
3	173440001	173480000
3	173480001	173520000
3	173520001	173560000
3	173560001	173600000
3	173600001	173640000
3	173640001	173680000
3	173680001	173720000
3	173720001	173760000
3	173760001	173800000
3	173800001	173840000
3	173840001	173880000
3	173880001	173920000
3	173920001	173960000
3	173960001	174000000
3	174000001	174040000
3	174040001	174080000
3	174080001	174120000
3	174120001	174160000
3	174160001	174200000
3	174200001	174240000
3	174240001	174280000
3	174280001	174320000
3	174320001	174360000
3	174360001	174400000
3	174400001	174440000
3	174440001	174480000
3	174480001	174520000
3	174520001	174560000
3	174560001	174600000
3	174600001	174640000
3	174640001	174680000
3	174680001	174720000
3	174720001	174760000
3	174760001	174800000
3	174800001	174840000
3	174840001	174880000
3	174880001	174920000
3	174920001	174960000
3	174960001	175000000
3	175000001	175040000
3	175040001	175080000
3	175080001	175120000
3	175120001	175160000
3	175160001	175200000
3	175200001	175240000
3	175240001	175280000
3	175280001	175320000
3	175320001	175360000
3	175360001	175400000
3	175400001	175440000
3	175440001	175480000
3	175480001	175520000
3	175520001	175560000
3	175560001	175600000
3	175600001	175640000
3	175640001	175680000
3	175680001	175720000
3	175720001	175760000
3	175760001	175800000
3	175800001	175840000
3	175840001	175880000
3	175880001	175920000
3	175920001	175960000
3	175960001	176000000
3	176000001	176040000
3	176040001	176080000
3	176080001	176120000
3	176120001	176160000
3	176160001	176200000
3	176200001	176240000
3	176240001	176280000
3	176280001	176320000
3	176320001	176360000
3	176360001	176400000
3	176400001	176440000
3	176440001	176480000
3	176480001	176520000
3	176520001	176560000
3	176560001	176600000
3	176600001	176640000
3	176640001	176680000
3	176680001	176720000
3	176720001	176760000
3	176760001	176800000
3	176800001	176840000
3	176840001	176880000
3	176880001	176920000
3	176920001	176960000
3	176960001	177000000
3	177000001	177040000
3	177040001	177080000
3	177080001	177120000
3	177120001	177160000
3	177160001	177200000
3	177200001	177240000
3	177240001	177280000
3	177280001	177320000
3	177320001	177360000
3	177360001	177400000
3	177400001	177440000
3	177440001	177480000
3	177480001	177520000
3	177520001	177560000
3	177560001	177600000
3	177600001	177640000
3	177640001	177680000
3	177680001	177720000
3	177720001	177760000
3	177760001	177800000
3	177800001	177840000
3	177840001	177880000
3	177880001	177920000
3	177920001	177960000
3	177960001	178000000
3	178000001	178040000
3	178040001	178080000
3	178080001	178120000
3	178120001	178160000
3	178160001	178200000
3	178200001	178240000
3	178240001	178280000
3	178280001	178320000
3	178320001	178360000
3	178360001	178400000
3	178400001	178440000
3	178440001	178480000
3	178480001	178520000
3	178520001	178560000
3	178560001	178600000
3	178600001	178640000
3	178640001	178680000
3	178680001	178720000
3	178720001	178760000
3	178760001	178800000
3	178800001	178840000
3	178840001	178880000
3	178880001	178920000
3	178920001	178960000
3	178960001	179000000
3	179000001	179040000
3	179040001	179080000
3	179080001	179120000
3	179120001	179160000
3	179160001	179200000
3	179200001	179240000
3	179240001	179280000
3	179280001	179320000
3	179320001	179360000
3	179360001	179400000
3	179400001	179440000
3	179440001	179480000
3	179480001	179520000
3	179520001	179560000
3	179560001	179600000
3	179600001	179640000
3	179640001	179680000
3	179680001	179720000
3	179720001	179760000
3	179760001	179800000
3	179800001	179840000
3	179840001	179880000
3	179880001	179920000
3	179920001	179960000
3	179960001	180000000
3	180000001	180040000
3	180040001	180080000
3	180080001	180120000
3	180120001	180160000
3	180160001	180200000
3	180200001	180240000
3	180240001	180280000
3	180280001	180320000
3	180320001	180360000
3	180360001	180400000
3	180400001	180440000
3	180440001	180480000
3	180480001	180520000
3	180520001	180560000
3	180560001	180600000
3	180600001	180640000
3	180640001	180680000
3	180680001	180720000
3	180720001	180760000
3	180760001	180800000
3	180800001	180840000
3	180840001	180880000
3	180880001	180920000
3	180920001	180960000
3	180960001	181000000
3	181000001	181040000
3	181040001	181080000
3	181080001	181120000
3	181120001	181160000
3	181160001	181200000
3	181200001	181240000
3	181240001	181280000
3	181280001	181320000
3	181320001	181360000
3	181360001	181400000
3	181400001	181440000
3	181440001	181480000
3	181480001	181520000
3	181520001	181560000
3	181560001	181600000
3	181600001	181640000
3	181640001	181680000
3	181680001	181720000
3	181720001	181760000
3	181760001	181800000
3	181800001	181840000
3	181840001	181880000
3	181880001	181920000
3	181920001	181960000
3	181960001	182000000
3	182000001	182040000
3	182040001	182080000
3	182080001	182120000
3	182120001	182160000
3	182160001	182200000
3	182200001	182240000
3	182240001	182280000
3	182280001	182320000
3	182320001	182360000
3	182360001	182400000
3	182400001	182440000
3	182440001	182480000
3	182480001	182520000
3	182520001	182560000
3	182560001	182600000
3	182600001	182640000
3	182640001	182680000
3	182680001	182720000
3	182720001	182760000
3	182760001	182800000
3	182800001	182840000
3	182840001	182880000
3	182880001	182920000
3	182920001	182960000
3	182960001	183000000
3	183000001	183040000
3	183040001	183080000
3	183080001	183120000
3	183120001	183160000
3	183160001	183200000
3	183200001	183240000
3	183240001	183280000
3	183280001	183320000
3	183320001	183360000
3	183360001	183400000
3	183400001	183440000
3	183440001	183480000
3	183480001	183520000
3	183520001	183560000
3	183560001	183600000
3	183600001	183640000
3	183640001	183680000
3	183680001	183720000
3	183720001	183760000
3	183760001	183800000
3	183800001	183840000
3	183840001	183880000
3	183880001	183920000
3	183920001	183960000
3	183960001	184000000
3	184000001	184040000
3	184040001	184080000
3	184080001	184120000
3	184120001	184160000
3	184160001	184200000
3	184200001	184240000
3	184240001	184280000
3	184280001	184320000
3	184320001	184360000
3	184360001	184400000
3	184400001	184440000
3	184440001	184480000
3	184480001	184520000
3	184520001	184560000
3	184560001	184600000
3	184600001	184640000
3	184640001	184680000
3	184680001	184720000
3	184720001	184760000
3	184760001	184800000
3	184800001	184840000
3	184840001	184880000
3	184880001	184920000
3	184920001	184960000
3	184960001	185000000
3	185000001	185040000
3	185040001	185080000
3	185080001	185120000
3	185120001	185160000
3	185160001	185200000
3	185200001	185240000
3	185240001	185280000
3	185280001	185320000
3	185320001	185360000
3	185360001	185400000
3	185400001	185440000
3	185440001	185480000
3	185480001	185520000
3	185520001	185560000
3	185560001	185600000
3	185600001	185640000
3	185640001	185680000
3	185680001	185720000
3	185720001	185760000
3	185760001	185800000
3	185800001	185840000
3	185840001	185880000
3	185880001	185920000
3	185920001	185960000
3	185960001	186000000
3	186000001	186040000
3	186040001	186080000
3	186080001	186120000
3	186120001	186160000
3	186160001	186200000
3	186200001	186240000
3	186240001	186280000
3	186280001	186320000
3	186320001	186360000
3	186360001	186400000
3	186400001	186440000
3	186440001	186480000
3	186480001	186520000
3	186520001	186560000
3	186560001	186600000
3	186600001	186640000
3	186640001	186680000
3	186680001	186720000
3	186720001	186760000
3	186760001	186800000
3	186800001	186840000
3	186840001	186880000
3	186880001	186920000
3	186920001	186960000
3	186960001	187000000
3	187000001	187040000
3	187040001	187080000
3	187080001	187120000
3	187120001	187160000
3	187160001	187200000
3	187200001	187240000
3	187240001	187280000
3	187280001	187320000
3	187320001	187360000
3	187360001	187400000
3	187400001	187440000
3	187440001	187480000
3	187480001	187520000
3	187520001	187560000
3	187560001	187600000
3	187600001	187640000
3	187640001	187680000
3	187680001	187720000
3	187720001	187760000
3	187760001	187800000
3	187800001	187840000
3	187840001	187880000
3	187880001	187920000
3	187920001	187960000
3	187960001	188000000
3	188000001	188040000
3	188040001	188080000
3	188080001	188120000
3	188120001	188160000
3	188160001	188200000
3	188200001	188240000
3	188240001	188280000
3	188280001	188320000
3	188320001	188360000
3	188360001	188400000
3	188400001	188440000
3	188440001	188480000
3	188480001	188520000
3	188520001	188560000
3	188560001	188600000
3	188600001	188640000
3	188640001	188680000
3	188680001	188720000
3	188720001	188760000
3	188760001	188800000
3	188800001	188840000
3	188840001	188880000
3	188880001	188920000
3	188920001	188960000
3	188960001	189000000
3	189000001	189040000
3	189040001	189080000
3	189080001	189120000
3	189120001	189160000
3	189160001	189200000
3	189200001	189240000
3	189240001	189280000
3	189280001	189320000
3	189320001	189360000
3	189360001	189400000
3	189400001	189440000
3	189440001	189480000
3	189480001	189520000
3	189520001	189560000
3	189560001	189600000
3	189600001	189640000
3	189640001	189680000
3	189680001	189720000
3	189720001	189760000
3	189760001	189800000
3	189800001	189840000
3	189840001	189880000
3	189880001	189920000
3	189920001	189960000
3	189960001	190000000
3	190000001	190040000
3	190040001	190080000
3	190080001	190120000
3	190120001	190160000
3	190160001	190200000
3	190200001	190240000
3	190240001	190280000
3	190280001	190320000
3	190320001	190360000
3	190360001	190400000
3	190400001	190440000
3	190440001	190480000
3	190480001	190520000
3	190520001	190560000
3	190560001	190600000
3	190600001	190640000
3	190640001	190680000
3	190680001	190720000
3	190720001	190760000
3	190760001	190800000
3	190800001	190840000
3	190840001	190880000
3	190880001	190920000
3	190920001	190960000
3	190960001	191000000
3	191000001	191040000
3	191040001	191080000
3	191080001	191120000
3	191120001	191154276
