4	1	40000
4	40001	80000
4	80001	120000
4	120001	160000
4	160001	200000
4	200001	240000
4	240001	280000
4	280001	320000
4	320001	360000
4	360001	400000
4	400001	440000
4	440001	480000
4	480001	520000
4	520001	560000
4	560001	600000
4	600001	640000
4	640001	680000
4	680001	720000
4	720001	760000
4	760001	800000
4	800001	840000
4	840001	880000
4	880001	920000
4	920001	960000
4	960001	1000000
4	1000001	1040000
4	1040001	1080000
4	1080001	1120000
4	1120001	1160000
4	1160001	1200000
4	1200001	1240000
4	1240001	1280000
4	1280001	1320000
4	1320001	1360000
4	1360001	1400000
4	1400001	1440000
4	1440001	1480000
4	1480001	1520000
4	1520001	1560000
4	1560001	1600000
4	1600001	1640000
4	1640001	1680000
4	1680001	1720000
4	1720001	1760000
4	1760001	1800000
4	1800001	1840000
4	1840001	1880000
4	1880001	1920000
4	1920001	1960000
4	1960001	2000000
4	2000001	2040000
4	2040001	2080000
4	2080001	2120000
4	2120001	2160000
4	2160001	2200000
4	2200001	2240000
4	2240001	2280000
4	2280001	2320000
4	2320001	2360000
4	2360001	2400000
4	2400001	2440000
4	2440001	2480000
4	2480001	2520000
4	2520001	2560000
4	2560001	2600000
4	2600001	2640000
4	2640001	2680000
4	2680001	2720000
4	2720001	2760000
4	2760001	2800000
4	2800001	2840000
4	2840001	2880000
4	2880001	2920000
4	2920001	2960000
4	2960001	3000000
4	3000001	3040000
4	3040001	3080000
4	3080001	3120000
4	3120001	3160000
4	3160001	3200000
4	3200001	3240000
4	3240001	3280000
4	3280001	3320000
4	3320001	3360000
4	3360001	3400000
4	3400001	3440000
4	3440001	3480000
4	3480001	3520000
4	3520001	3560000
4	3560001	3600000
4	3600001	3640000
4	3640001	3680000
4	3680001	3720000
4	3720001	3760000
4	3760001	3800000
4	3800001	3840000
4	3840001	3880000
4	3880001	3920000
4	3920001	3960000
4	3960001	4000000
4	4000001	4040000
4	4040001	4080000
4	4080001	4120000
4	4120001	4160000
4	4160001	4200000
4	4200001	4240000
4	4240001	4280000
4	4280001	4320000
4	4320001	4360000
4	4360001	4400000
4	4400001	4440000
4	4440001	4480000
4	4480001	4520000
4	4520001	4560000
4	4560001	4600000
4	4600001	4640000
4	4640001	4680000
4	4680001	4720000
4	4720001	4760000
4	4760001	4800000
4	4800001	4840000
4	4840001	4880000
4	4880001	4920000
4	4920001	4960000
4	4960001	5000000
4	5000001	5040000
4	5040001	5080000
4	5080001	5120000
4	5120001	5160000
4	5160001	5200000
4	5200001	5240000
4	5240001	5280000
4	5280001	5320000
4	5320001	5360000
4	5360001	5400000
4	5400001	5440000
4	5440001	5480000
4	5480001	5520000
4	5520001	5560000
4	5560001	5600000
4	5600001	5640000
4	5640001	5680000
4	5680001	5720000
4	5720001	5760000
4	5760001	5800000
4	5800001	5840000
4	5840001	5880000
4	5880001	5920000
4	5920001	5960000
4	5960001	6000000
4	6000001	6040000
4	6040001	6080000
4	6080001	6120000
4	6120001	6160000
4	6160001	6200000
4	6200001	6240000
4	6240001	6280000
4	6280001	6320000
4	6320001	6360000
4	6360001	6400000
4	6400001	6440000
4	6440001	6480000
4	6480001	6520000
4	6520001	6560000
4	6560001	6600000
4	6600001	6640000
4	6640001	6680000
4	6680001	6720000
4	6720001	6760000
4	6760001	6800000
4	6800001	6840000
4	6840001	6880000
4	6880001	6920000
4	6920001	6960000
4	6960001	7000000
4	7000001	7040000
4	7040001	7080000
4	7080001	7120000
4	7120001	7160000
4	7160001	7200000
4	7200001	7240000
4	7240001	7280000
4	7280001	7320000
4	7320001	7360000
4	7360001	7400000
4	7400001	7440000
4	7440001	7480000
4	7480001	7520000
4	7520001	7560000
4	7560001	7600000
4	7600001	7640000
4	7640001	7680000
4	7680001	7720000
4	7720001	7760000
4	7760001	7800000
4	7800001	7840000
4	7840001	7880000
4	7880001	7920000
4	7920001	7960000
4	7960001	8000000
4	8000001	8040000
4	8040001	8080000
4	8080001	8120000
4	8120001	8160000
4	8160001	8200000
4	8200001	8240000
4	8240001	8280000
4	8280001	8320000
4	8320001	8360000
4	8360001	8400000
4	8400001	8440000
4	8440001	8480000
4	8480001	8520000
4	8520001	8560000
4	8560001	8600000
4	8600001	8640000
4	8640001	8680000
4	8680001	8720000
4	8720001	8760000
4	8760001	8800000
4	8800001	8840000
4	8840001	8880000
4	8880001	8920000
4	8920001	8960000
4	8960001	9000000
4	9000001	9040000
4	9040001	9080000
4	9080001	9120000
4	9120001	9160000
4	9160001	9200000
4	9200001	9240000
4	9240001	9280000
4	9280001	9320000
4	9320001	9360000
4	9360001	9400000
4	9400001	9440000
4	9440001	9480000
4	9480001	9520000
4	9520001	9560000
4	9560001	9600000
4	9600001	9640000
4	9640001	9680000
4	9680001	9720000
4	9720001	9760000
4	9760001	9800000
4	9800001	9840000
4	9840001	9880000
4	9880001	9920000
4	9920001	9960000
4	9960001	10000000
4	10000001	10040000
4	10040001	10080000
4	10080001	10120000
4	10120001	10160000
4	10160001	10200000
4	10200001	10240000
4	10240001	10280000
4	10280001	10320000
4	10320001	10360000
4	10360001	10400000
4	10400001	10440000
4	10440001	10480000
4	10480001	10520000
4	10520001	10560000
4	10560001	10600000
4	10600001	10640000
4	10640001	10680000
4	10680001	10720000
4	10720001	10760000
4	10760001	10800000
4	10800001	10840000
4	10840001	10880000
4	10880001	10920000
4	10920001	10960000
4	10960001	11000000
4	11000001	11040000
4	11040001	11080000
4	11080001	11120000
4	11120001	11160000
4	11160001	11200000
4	11200001	11240000
4	11240001	11280000
4	11280001	11320000
4	11320001	11360000
4	11360001	11400000
4	11400001	11440000
4	11440001	11480000
4	11480001	11520000
4	11520001	11560000
4	11560001	11600000
4	11600001	11640000
4	11640001	11680000
4	11680001	11720000
4	11720001	11760000
4	11760001	11800000
4	11800001	11840000
4	11840001	11880000
4	11880001	11920000
4	11920001	11960000
4	11960001	12000000
4	12000001	12040000
4	12040001	12080000
4	12080001	12120000
4	12120001	12160000
4	12160001	12200000
4	12200001	12240000
4	12240001	12280000
4	12280001	12320000
4	12320001	12360000
4	12360001	12400000
4	12400001	12440000
4	12440001	12480000
4	12480001	12520000
4	12520001	12560000
4	12560001	12600000
4	12600001	12640000
4	12640001	12680000
4	12680001	12720000
4	12720001	12760000
4	12760001	12800000
4	12800001	12840000
4	12840001	12880000
4	12880001	12920000
4	12920001	12960000
4	12960001	13000000
4	13000001	13040000
4	13040001	13080000
4	13080001	13120000
4	13120001	13160000
4	13160001	13200000
4	13200001	13240000
4	13240001	13280000
4	13280001	13320000
4	13320001	13360000
4	13360001	13400000
4	13400001	13440000
4	13440001	13480000
4	13480001	13520000
4	13520001	13560000
4	13560001	13600000
4	13600001	13640000
4	13640001	13680000
4	13680001	13720000
4	13720001	13760000
4	13760001	13800000
4	13800001	13840000
4	13840001	13880000
4	13880001	13920000
4	13920001	13960000
4	13960001	14000000
4	14000001	14040000
4	14040001	14080000
4	14080001	14120000
4	14120001	14160000
4	14160001	14200000
4	14200001	14240000
4	14240001	14280000
4	14280001	14320000
4	14320001	14360000
4	14360001	14400000
4	14400001	14440000
4	14440001	14480000
4	14480001	14520000
4	14520001	14560000
4	14560001	14600000
4	14600001	14640000
4	14640001	14680000
4	14680001	14720000
4	14720001	14760000
4	14760001	14800000
4	14800001	14840000
4	14840001	14880000
4	14880001	14920000
4	14920001	14960000
4	14960001	15000000
4	15000001	15040000
4	15040001	15080000
4	15080001	15120000
4	15120001	15160000
4	15160001	15200000
4	15200001	15240000
4	15240001	15280000
4	15280001	15320000
4	15320001	15360000
4	15360001	15400000
4	15400001	15440000
4	15440001	15480000
4	15480001	15520000
4	15520001	15560000
4	15560001	15600000
4	15600001	15640000
4	15640001	15680000
4	15680001	15720000
4	15720001	15760000
4	15760001	15800000
4	15800001	15840000
4	15840001	15880000
4	15880001	15920000
4	15920001	15960000
4	15960001	16000000
4	16000001	16040000
4	16040001	16080000
4	16080001	16120000
4	16120001	16160000
4	16160001	16200000
4	16200001	16240000
4	16240001	16280000
4	16280001	16320000
4	16320001	16360000
4	16360001	16400000
4	16400001	16440000
4	16440001	16480000
4	16480001	16520000
4	16520001	16560000
4	16560001	16600000
4	16600001	16640000
4	16640001	16680000
4	16680001	16720000
4	16720001	16760000
4	16760001	16800000
4	16800001	16840000
4	16840001	16880000
4	16880001	16920000
4	16920001	16960000
4	16960001	17000000
4	17000001	17040000
4	17040001	17080000
4	17080001	17120000
4	17120001	17160000
4	17160001	17200000
4	17200001	17240000
4	17240001	17280000
4	17280001	17320000
4	17320001	17360000
4	17360001	17400000
4	17400001	17440000
4	17440001	17480000
4	17480001	17520000
4	17520001	17560000
4	17560001	17600000
4	17600001	17640000
4	17640001	17680000
4	17680001	17720000
4	17720001	17760000
4	17760001	17800000
4	17800001	17840000
4	17840001	17880000
4	17880001	17920000
4	17920001	17960000
4	17960001	18000000
4	18000001	18040000
4	18040001	18080000
4	18080001	18120000
4	18120001	18160000
4	18160001	18200000
4	18200001	18240000
4	18240001	18280000
4	18280001	18320000
4	18320001	18360000
4	18360001	18400000
4	18400001	18440000
4	18440001	18480000
4	18480001	18520000
4	18520001	18560000
4	18560001	18600000
4	18600001	18640000
4	18640001	18680000
4	18680001	18720000
4	18720001	18760000
4	18760001	18800000
4	18800001	18840000
4	18840001	18880000
4	18880001	18920000
4	18920001	18960000
4	18960001	19000000
4	19000001	19040000
4	19040001	19080000
4	19080001	19120000
4	19120001	19160000
4	19160001	19200000
4	19200001	19240000
4	19240001	19280000
4	19280001	19320000
4	19320001	19360000
4	19360001	19400000
4	19400001	19440000
4	19440001	19480000
4	19480001	19520000
4	19520001	19560000
4	19560001	19600000
4	19600001	19640000
4	19640001	19680000
4	19680001	19720000
4	19720001	19760000
4	19760001	19800000
4	19800001	19840000
4	19840001	19880000
4	19880001	19920000
4	19920001	19960000
4	19960001	20000000
4	20000001	20040000
4	20040001	20080000
4	20080001	20120000
4	20120001	20160000
4	20160001	20200000
4	20200001	20240000
4	20240001	20280000
4	20280001	20320000
4	20320001	20360000
4	20360001	20400000
4	20400001	20440000
4	20440001	20480000
4	20480001	20520000
4	20520001	20560000
4	20560001	20600000
4	20600001	20640000
4	20640001	20680000
4	20680001	20720000
4	20720001	20760000
4	20760001	20800000
4	20800001	20840000
4	20840001	20880000
4	20880001	20920000
4	20920001	20960000
4	20960001	21000000
4	21000001	21040000
4	21040001	21080000
4	21080001	21120000
4	21120001	21160000
4	21160001	21200000
4	21200001	21240000
4	21240001	21280000
4	21280001	21320000
4	21320001	21360000
4	21360001	21400000
4	21400001	21440000
4	21440001	21480000
4	21480001	21520000
4	21520001	21560000
4	21560001	21600000
4	21600001	21640000
4	21640001	21680000
4	21680001	21720000
4	21720001	21760000
4	21760001	21800000
4	21800001	21840000
4	21840001	21880000
4	21880001	21920000
4	21920001	21960000
4	21960001	22000000
4	22000001	22040000
4	22040001	22080000
4	22080001	22120000
4	22120001	22160000
4	22160001	22200000
4	22200001	22240000
4	22240001	22280000
4	22280001	22320000
4	22320001	22360000
4	22360001	22400000
4	22400001	22440000
4	22440001	22480000
4	22480001	22520000
4	22520001	22560000
4	22560001	22600000
4	22600001	22640000
4	22640001	22680000
4	22680001	22720000
4	22720001	22760000
4	22760001	22800000
4	22800001	22840000
4	22840001	22880000
4	22880001	22920000
4	22920001	22960000
4	22960001	23000000
4	23000001	23040000
4	23040001	23080000
4	23080001	23120000
4	23120001	23160000
4	23160001	23200000
4	23200001	23240000
4	23240001	23280000
4	23280001	23320000
4	23320001	23360000
4	23360001	23400000
4	23400001	23440000
4	23440001	23480000
4	23480001	23520000
4	23520001	23560000
4	23560001	23600000
4	23600001	23640000
4	23640001	23680000
4	23680001	23720000
4	23720001	23760000
4	23760001	23800000
4	23800001	23840000
4	23840001	23880000
4	23880001	23920000
4	23920001	23960000
4	23960001	24000000
4	24000001	24040000
4	24040001	24080000
4	24080001	24120000
4	24120001	24160000
4	24160001	24200000
4	24200001	24240000
4	24240001	24280000
4	24280001	24320000
4	24320001	24360000
4	24360001	24400000
4	24400001	24440000
4	24440001	24480000
4	24480001	24520000
4	24520001	24560000
4	24560001	24600000
4	24600001	24640000
4	24640001	24680000
4	24680001	24720000
4	24720001	24760000
4	24760001	24800000
4	24800001	24840000
4	24840001	24880000
4	24880001	24920000
4	24920001	24960000
4	24960001	25000000
4	25000001	25040000
4	25040001	25080000
4	25080001	25120000
4	25120001	25160000
4	25160001	25200000
4	25200001	25240000
4	25240001	25280000
4	25280001	25320000
4	25320001	25360000
4	25360001	25400000
4	25400001	25440000
4	25440001	25480000
4	25480001	25520000
4	25520001	25560000
4	25560001	25600000
4	25600001	25640000
4	25640001	25680000
4	25680001	25720000
4	25720001	25760000
4	25760001	25800000
4	25800001	25840000
4	25840001	25880000
4	25880001	25920000
4	25920001	25960000
4	25960001	26000000
4	26000001	26040000
4	26040001	26080000
4	26080001	26120000
4	26120001	26160000
4	26160001	26200000
4	26200001	26240000
4	26240001	26280000
4	26280001	26320000
4	26320001	26360000
4	26360001	26400000
4	26400001	26440000
4	26440001	26480000
4	26480001	26520000
4	26520001	26560000
4	26560001	26600000
4	26600001	26640000
4	26640001	26680000
4	26680001	26720000
4	26720001	26760000
4	26760001	26800000
4	26800001	26840000
4	26840001	26880000
4	26880001	26920000
4	26920001	26960000
4	26960001	27000000
4	27000001	27040000
4	27040001	27080000
4	27080001	27120000
4	27120001	27160000
4	27160001	27200000
4	27200001	27240000
4	27240001	27280000
4	27280001	27320000
4	27320001	27360000
4	27360001	27400000
4	27400001	27440000
4	27440001	27480000
4	27480001	27520000
4	27520001	27560000
4	27560001	27600000
4	27600001	27640000
4	27640001	27680000
4	27680001	27720000
4	27720001	27760000
4	27760001	27800000
4	27800001	27840000
4	27840001	27880000
4	27880001	27920000
4	27920001	27960000
4	27960001	28000000
4	28000001	28040000
4	28040001	28080000
4	28080001	28120000
4	28120001	28160000
4	28160001	28200000
4	28200001	28240000
4	28240001	28280000
4	28280001	28320000
4	28320001	28360000
4	28360001	28400000
4	28400001	28440000
4	28440001	28480000
4	28480001	28520000
4	28520001	28560000
4	28560001	28600000
4	28600001	28640000
4	28640001	28680000
4	28680001	28720000
4	28720001	28760000
4	28760001	28800000
4	28800001	28840000
4	28840001	28880000
4	28880001	28920000
4	28920001	28960000
4	28960001	29000000
4	29000001	29040000
4	29040001	29080000
4	29080001	29120000
4	29120001	29160000
4	29160001	29200000
4	29200001	29240000
4	29240001	29280000
4	29280001	29320000
4	29320001	29360000
4	29360001	29400000
4	29400001	29440000
4	29440001	29480000
4	29480001	29520000
4	29520001	29560000
4	29560001	29600000
4	29600001	29640000
4	29640001	29680000
4	29680001	29720000
4	29720001	29760000
4	29760001	29800000
4	29800001	29840000
4	29840001	29880000
4	29880001	29920000
4	29920001	29960000
4	29960001	30000000
4	30000001	30040000
4	30040001	30080000
4	30080001	30120000
4	30120001	30160000
4	30160001	30200000
4	30200001	30240000
4	30240001	30280000
4	30280001	30320000
4	30320001	30360000
4	30360001	30400000
4	30400001	30440000
4	30440001	30480000
4	30480001	30520000
4	30520001	30560000
4	30560001	30600000
4	30600001	30640000
4	30640001	30680000
4	30680001	30720000
4	30720001	30760000
4	30760001	30800000
4	30800001	30840000
4	30840001	30880000
4	30880001	30920000
4	30920001	30960000
4	30960001	31000000
4	31000001	31040000
4	31040001	31080000
4	31080001	31120000
4	31120001	31160000
4	31160001	31200000
4	31200001	31240000
4	31240001	31280000
4	31280001	31320000
4	31320001	31360000
4	31360001	31400000
4	31400001	31440000
4	31440001	31480000
4	31480001	31520000
4	31520001	31560000
4	31560001	31600000
4	31600001	31640000
4	31640001	31680000
4	31680001	31720000
4	31720001	31760000
4	31760001	31800000
4	31800001	31840000
4	31840001	31880000
4	31880001	31920000
4	31920001	31960000
4	31960001	32000000
4	32000001	32040000
4	32040001	32080000
4	32080001	32120000
4	32120001	32160000
4	32160001	32200000
4	32200001	32240000
4	32240001	32280000
4	32280001	32320000
4	32320001	32360000
4	32360001	32400000
4	32400001	32440000
4	32440001	32480000
4	32480001	32520000
4	32520001	32560000
4	32560001	32600000
4	32600001	32640000
4	32640001	32680000
4	32680001	32720000
4	32720001	32760000
4	32760001	32800000
4	32800001	32840000
4	32840001	32880000
4	32880001	32920000
4	32920001	32960000
4	32960001	33000000
4	33000001	33040000
4	33040001	33080000
4	33080001	33120000
4	33120001	33160000
4	33160001	33200000
4	33200001	33240000
4	33240001	33280000
4	33280001	33320000
4	33320001	33360000
4	33360001	33400000
4	33400001	33440000
4	33440001	33480000
4	33480001	33520000
4	33520001	33560000
4	33560001	33600000
4	33600001	33640000
4	33640001	33680000
4	33680001	33720000
4	33720001	33760000
4	33760001	33800000
4	33800001	33840000
4	33840001	33880000
4	33880001	33920000
4	33920001	33960000
4	33960001	34000000
4	34000001	34040000
4	34040001	34080000
4	34080001	34120000
4	34120001	34160000
4	34160001	34200000
4	34200001	34240000
4	34240001	34280000
4	34280001	34320000
4	34320001	34360000
4	34360001	34400000
4	34400001	34440000
4	34440001	34480000
4	34480001	34520000
4	34520001	34560000
4	34560001	34600000
4	34600001	34640000
4	34640001	34680000
4	34680001	34720000
4	34720001	34760000
4	34760001	34800000
4	34800001	34840000
4	34840001	34880000
4	34880001	34920000
4	34920001	34960000
4	34960001	35000000
4	35000001	35040000
4	35040001	35080000
4	35080001	35120000
4	35120001	35160000
4	35160001	35200000
4	35200001	35240000
4	35240001	35280000
4	35280001	35320000
4	35320001	35360000
4	35360001	35400000
4	35400001	35440000
4	35440001	35480000
4	35480001	35520000
4	35520001	35560000
4	35560001	35600000
4	35600001	35640000
4	35640001	35680000
4	35680001	35720000
4	35720001	35760000
4	35760001	35800000
4	35800001	35840000
4	35840001	35880000
4	35880001	35920000
4	35920001	35960000
4	35960001	36000000
4	36000001	36040000
4	36040001	36080000
4	36080001	36120000
4	36120001	36160000
4	36160001	36200000
4	36200001	36240000
4	36240001	36280000
4	36280001	36320000
4	36320001	36360000
4	36360001	36400000
4	36400001	36440000
4	36440001	36480000
4	36480001	36520000
4	36520001	36560000
4	36560001	36600000
4	36600001	36640000
4	36640001	36680000
4	36680001	36720000
4	36720001	36760000
4	36760001	36800000
4	36800001	36840000
4	36840001	36880000
4	36880001	36920000
4	36920001	36960000
4	36960001	37000000
4	37000001	37040000
4	37040001	37080000
4	37080001	37120000
4	37120001	37160000
4	37160001	37200000
4	37200001	37240000
4	37240001	37280000
4	37280001	37320000
4	37320001	37360000
4	37360001	37400000
4	37400001	37440000
4	37440001	37480000
4	37480001	37520000
4	37520001	37560000
4	37560001	37600000
4	37600001	37640000
4	37640001	37680000
4	37680001	37720000
4	37720001	37760000
4	37760001	37800000
4	37800001	37840000
4	37840001	37880000
4	37880001	37920000
4	37920001	37960000
4	37960001	38000000
4	38000001	38040000
4	38040001	38080000
4	38080001	38120000
4	38120001	38160000
4	38160001	38200000
4	38200001	38240000
4	38240001	38280000
4	38280001	38320000
4	38320001	38360000
4	38360001	38400000
4	38400001	38440000
4	38440001	38480000
4	38480001	38520000
4	38520001	38560000
4	38560001	38600000
4	38600001	38640000
4	38640001	38680000
4	38680001	38720000
4	38720001	38760000
4	38760001	38800000
4	38800001	38840000
4	38840001	38880000
4	38880001	38920000
4	38920001	38960000
4	38960001	39000000
4	39000001	39040000
4	39040001	39080000
4	39080001	39120000
4	39120001	39160000
4	39160001	39200000
4	39200001	39240000
4	39240001	39280000
4	39280001	39320000
4	39320001	39360000
4	39360001	39400000
4	39400001	39440000
4	39440001	39480000
4	39480001	39520000
4	39520001	39560000
4	39560001	39600000
4	39600001	39640000
4	39640001	39680000
4	39680001	39720000
4	39720001	39760000
4	39760001	39800000
4	39800001	39840000
4	39840001	39880000
4	39880001	39920000
4	39920001	39960000
4	39960001	40000000
4	40000001	40040000
4	40040001	40080000
4	40080001	40120000
4	40120001	40160000
4	40160001	40200000
4	40200001	40240000
4	40240001	40280000
4	40280001	40320000
4	40320001	40360000
4	40360001	40400000
4	40400001	40440000
4	40440001	40480000
4	40480001	40520000
4	40520001	40560000
4	40560001	40600000
4	40600001	40640000
4	40640001	40680000
4	40680001	40720000
4	40720001	40760000
4	40760001	40800000
4	40800001	40840000
4	40840001	40880000
4	40880001	40920000
4	40920001	40960000
4	40960001	41000000
4	41000001	41040000
4	41040001	41080000
4	41080001	41120000
4	41120001	41160000
4	41160001	41200000
4	41200001	41240000
4	41240001	41280000
4	41280001	41320000
4	41320001	41360000
4	41360001	41400000
4	41400001	41440000
4	41440001	41480000
4	41480001	41520000
4	41520001	41560000
4	41560001	41600000
4	41600001	41640000
4	41640001	41680000
4	41680001	41720000
4	41720001	41760000
4	41760001	41800000
4	41800001	41840000
4	41840001	41880000
4	41880001	41920000
4	41920001	41960000
4	41960001	42000000
4	42000001	42040000
4	42040001	42080000
4	42080001	42120000
4	42120001	42160000
4	42160001	42200000
4	42200001	42240000
4	42240001	42280000
4	42280001	42320000
4	42320001	42360000
4	42360001	42400000
4	42400001	42440000
4	42440001	42480000
4	42480001	42520000
4	42520001	42560000
4	42560001	42600000
4	42600001	42640000
4	42640001	42680000
4	42680001	42720000
4	42720001	42760000
4	42760001	42800000
4	42800001	42840000
4	42840001	42880000
4	42880001	42920000
4	42920001	42960000
4	42960001	43000000
4	43000001	43040000
4	43040001	43080000
4	43080001	43120000
4	43120001	43160000
4	43160001	43200000
4	43200001	43240000
4	43240001	43280000
4	43280001	43320000
4	43320001	43360000
4	43360001	43400000
4	43400001	43440000
4	43440001	43480000
4	43480001	43520000
4	43520001	43560000
4	43560001	43600000
4	43600001	43640000
4	43640001	43680000
4	43680001	43720000
4	43720001	43760000
4	43760001	43800000
4	43800001	43840000
4	43840001	43880000
4	43880001	43920000
4	43920001	43960000
4	43960001	44000000
4	44000001	44040000
4	44040001	44080000
4	44080001	44120000
4	44120001	44160000
4	44160001	44200000
4	44200001	44240000
4	44240001	44280000
4	44280001	44320000
4	44320001	44360000
4	44360001	44400000
4	44400001	44440000
4	44440001	44480000
4	44480001	44520000
4	44520001	44560000
4	44560001	44600000
4	44600001	44640000
4	44640001	44680000
4	44680001	44720000
4	44720001	44760000
4	44760001	44800000
4	44800001	44840000
4	44840001	44880000
4	44880001	44920000
4	44920001	44960000
4	44960001	45000000
4	45000001	45040000
4	45040001	45080000
4	45080001	45120000
4	45120001	45160000
4	45160001	45200000
4	45200001	45240000
4	45240001	45280000
4	45280001	45320000
4	45320001	45360000
4	45360001	45400000
4	45400001	45440000
4	45440001	45480000
4	45480001	45520000
4	45520001	45560000
4	45560001	45600000
4	45600001	45640000
4	45640001	45680000
4	45680001	45720000
4	45720001	45760000
4	45760001	45800000
4	45800001	45840000
4	45840001	45880000
4	45880001	45920000
4	45920001	45960000
4	45960001	46000000
4	46000001	46040000
4	46040001	46080000
4	46080001	46120000
4	46120001	46160000
4	46160001	46200000
4	46200001	46240000
4	46240001	46280000
4	46280001	46320000
4	46320001	46360000
4	46360001	46400000
4	46400001	46440000
4	46440001	46480000
4	46480001	46520000
4	46520001	46560000
4	46560001	46600000
4	46600001	46640000
4	46640001	46680000
4	46680001	46720000
4	46720001	46760000
4	46760001	46800000
4	46800001	46840000
4	46840001	46880000
4	46880001	46920000
4	46920001	46960000
4	46960001	47000000
4	47000001	47040000
4	47040001	47080000
4	47080001	47120000
4	47120001	47160000
4	47160001	47200000
4	47200001	47240000
4	47240001	47280000
4	47280001	47320000
4	47320001	47360000
4	47360001	47400000
4	47400001	47440000
4	47440001	47480000
4	47480001	47520000
4	47520001	47560000
4	47560001	47600000
4	47600001	47640000
4	47640001	47680000
4	47680001	47720000
4	47720001	47760000
4	47760001	47800000
4	47800001	47840000
4	47840001	47880000
4	47880001	47920000
4	47920001	47960000
4	47960001	48000000
4	48000001	48040000
4	48040001	48080000
4	48080001	48120000
4	48120001	48160000
4	48160001	48200000
4	48200001	48240000
4	48240001	48280000
4	48280001	48320000
4	48320001	48360000
4	48360001	48400000
4	48400001	48440000
4	48440001	48480000
4	48480001	48520000
4	48520001	48560000
4	48560001	48600000
4	48600001	48640000
4	48640001	48680000
4	48680001	48720000
4	48720001	48760000
4	48760001	48800000
4	48800001	48840000
4	48840001	48880000
4	48880001	48920000
4	48920001	48960000
4	48960001	49000000
4	49000001	49040000
4	49040001	49080000
4	49080001	49120000
4	49120001	49160000
4	49160001	49200000
4	49200001	49240000
4	49240001	49280000
4	49280001	49320000
4	49320001	49360000
4	49360001	49400000
4	49400001	49440000
4	49440001	49480000
4	49480001	49520000
4	49520001	49560000
4	49560001	49600000
4	49600001	49640000
4	49640001	49680000
4	49680001	49720000
4	49720001	49760000
4	49760001	49800000
4	49800001	49840000
4	49840001	49880000
4	49880001	49920000
4	49920001	49960000
4	49960001	50000000
4	50000001	50040000
4	50040001	50080000
4	50080001	50120000
4	50120001	50160000
4	50160001	50200000
4	50200001	50240000
4	50240001	50280000
4	50280001	50320000
4	50320001	50360000
4	50360001	50400000
4	50400001	50440000
4	50440001	50480000
4	50480001	50520000
4	50520001	50560000
4	50560001	50600000
4	50600001	50640000
4	50640001	50680000
4	50680001	50720000
4	50720001	50760000
4	50760001	50800000
4	50800001	50840000
4	50840001	50880000
4	50880001	50920000
4	50920001	50960000
4	50960001	51000000
4	51000001	51040000
4	51040001	51080000
4	51080001	51120000
4	51120001	51160000
4	51160001	51200000
4	51200001	51240000
4	51240001	51280000
4	51280001	51320000
4	51320001	51360000
4	51360001	51400000
4	51400001	51440000
4	51440001	51480000
4	51480001	51520000
4	51520001	51560000
4	51560001	51600000
4	51600001	51640000
4	51640001	51680000
4	51680001	51720000
4	51720001	51760000
4	51760001	51800000
4	51800001	51840000
4	51840001	51880000
4	51880001	51920000
4	51920001	51960000
4	51960001	52000000
4	52000001	52040000
4	52040001	52080000
4	52080001	52120000
4	52120001	52160000
4	52160001	52200000
4	52200001	52240000
4	52240001	52280000
4	52280001	52320000
4	52320001	52360000
4	52360001	52400000
4	52400001	52440000
4	52440001	52480000
4	52480001	52520000
4	52520001	52560000
4	52560001	52600000
4	52600001	52640000
4	52640001	52680000
4	52680001	52720000
4	52720001	52760000
4	52760001	52800000
4	52800001	52840000
4	52840001	52880000
4	52880001	52920000
4	52920001	52960000
4	52960001	53000000
4	53000001	53040000
4	53040001	53080000
4	53080001	53120000
4	53120001	53160000
4	53160001	53200000
4	53200001	53240000
4	53240001	53280000
4	53280001	53320000
4	53320001	53360000
4	53360001	53400000
4	53400001	53440000
4	53440001	53480000
4	53480001	53520000
4	53520001	53560000
4	53560001	53600000
4	53600001	53640000
4	53640001	53680000
4	53680001	53720000
4	53720001	53760000
4	53760001	53800000
4	53800001	53840000
4	53840001	53880000
4	53880001	53920000
4	53920001	53960000
4	53960001	54000000
4	54000001	54040000
4	54040001	54080000
4	54080001	54120000
4	54120001	54160000
4	54160001	54200000
4	54200001	54240000
4	54240001	54280000
4	54280001	54320000
4	54320001	54360000
4	54360001	54400000
4	54400001	54440000
4	54440001	54480000
4	54480001	54520000
4	54520001	54560000
4	54560001	54600000
4	54600001	54640000
4	54640001	54680000
4	54680001	54720000
4	54720001	54760000
4	54760001	54800000
4	54800001	54840000
4	54840001	54880000
4	54880001	54920000
4	54920001	54960000
4	54960001	55000000
4	55000001	55040000
4	55040001	55080000
4	55080001	55120000
4	55120001	55160000
4	55160001	55200000
4	55200001	55240000
4	55240001	55280000
4	55280001	55320000
4	55320001	55360000
4	55360001	55400000
4	55400001	55440000
4	55440001	55480000
4	55480001	55520000
4	55520001	55560000
4	55560001	55600000
4	55600001	55640000
4	55640001	55680000
4	55680001	55720000
4	55720001	55760000
4	55760001	55800000
4	55800001	55840000
4	55840001	55880000
4	55880001	55920000
4	55920001	55960000
4	55960001	56000000
4	56000001	56040000
4	56040001	56080000
4	56080001	56120000
4	56120001	56160000
4	56160001	56200000
4	56200001	56240000
4	56240001	56280000
4	56280001	56320000
4	56320001	56360000
4	56360001	56400000
4	56400001	56440000
4	56440001	56480000
4	56480001	56520000
4	56520001	56560000
4	56560001	56600000
4	56600001	56640000
4	56640001	56680000
4	56680001	56720000
4	56720001	56760000
4	56760001	56800000
4	56800001	56840000
4	56840001	56880000
4	56880001	56920000
4	56920001	56960000
4	56960001	57000000
4	57000001	57040000
4	57040001	57080000
4	57080001	57120000
4	57120001	57160000
4	57160001	57200000
4	57200001	57240000
4	57240001	57280000
4	57280001	57320000
4	57320001	57360000
4	57360001	57400000
4	57400001	57440000
4	57440001	57480000
4	57480001	57520000
4	57520001	57560000
4	57560001	57600000
4	57600001	57640000
4	57640001	57680000
4	57680001	57720000
4	57720001	57760000
4	57760001	57800000
4	57800001	57840000
4	57840001	57880000
4	57880001	57920000
4	57920001	57960000
4	57960001	58000000
4	58000001	58040000
4	58040001	58080000
4	58080001	58120000
4	58120001	58160000
4	58160001	58200000
4	58200001	58240000
4	58240001	58280000
4	58280001	58320000
4	58320001	58360000
4	58360001	58400000
4	58400001	58440000
4	58440001	58480000
4	58480001	58520000
4	58520001	58560000
4	58560001	58600000
4	58600001	58640000
4	58640001	58680000
4	58680001	58720000
4	58720001	58760000
4	58760001	58800000
4	58800001	58840000
4	58840001	58880000
4	58880001	58920000
4	58920001	58960000
4	58960001	59000000
4	59000001	59040000
4	59040001	59080000
4	59080001	59120000
4	59120001	59160000
4	59160001	59200000
4	59200001	59240000
4	59240001	59280000
4	59280001	59320000
4	59320001	59360000
4	59360001	59400000
4	59400001	59440000
4	59440001	59480000
4	59480001	59520000
4	59520001	59560000
4	59560001	59600000
4	59600001	59640000
4	59640001	59680000
4	59680001	59720000
4	59720001	59760000
4	59760001	59800000
4	59800001	59840000
4	59840001	59880000
4	59880001	59920000
4	59920001	59960000
4	59960001	60000000
4	60000001	60040000
4	60040001	60080000
4	60080001	60120000
4	60120001	60160000
4	60160001	60200000
4	60200001	60240000
4	60240001	60280000
4	60280001	60320000
4	60320001	60360000
4	60360001	60400000
4	60400001	60440000
4	60440001	60480000
4	60480001	60520000
4	60520001	60560000
4	60560001	60600000
4	60600001	60640000
4	60640001	60680000
4	60680001	60720000
4	60720001	60760000
4	60760001	60800000
4	60800001	60840000
4	60840001	60880000
4	60880001	60920000
4	60920001	60960000
4	60960001	61000000
4	61000001	61040000
4	61040001	61080000
4	61080001	61120000
4	61120001	61160000
4	61160001	61200000
4	61200001	61240000
4	61240001	61280000
4	61280001	61320000
4	61320001	61360000
4	61360001	61400000
4	61400001	61440000
4	61440001	61480000
4	61480001	61520000
4	61520001	61560000
4	61560001	61600000
4	61600001	61640000
4	61640001	61680000
4	61680001	61720000
4	61720001	61760000
4	61760001	61800000
4	61800001	61840000
4	61840001	61880000
4	61880001	61920000
4	61920001	61960000
4	61960001	62000000
4	62000001	62040000
4	62040001	62080000
4	62080001	62120000
4	62120001	62160000
4	62160001	62200000
4	62200001	62240000
4	62240001	62280000
4	62280001	62320000
4	62320001	62360000
4	62360001	62400000
4	62400001	62440000
4	62440001	62480000
4	62480001	62520000
4	62520001	62560000
4	62560001	62600000
4	62600001	62640000
4	62640001	62680000
4	62680001	62720000
4	62720001	62760000
4	62760001	62800000
4	62800001	62840000
4	62840001	62880000
4	62880001	62920000
4	62920001	62960000
4	62960001	63000000
4	63000001	63040000
4	63040001	63080000
4	63080001	63120000
4	63120001	63160000
4	63160001	63200000
4	63200001	63240000
4	63240001	63280000
4	63280001	63320000
4	63320001	63360000
4	63360001	63400000
4	63400001	63440000
4	63440001	63480000
4	63480001	63520000
4	63520001	63560000
4	63560001	63600000
4	63600001	63640000
4	63640001	63680000
4	63680001	63720000
4	63720001	63760000
4	63760001	63800000
4	63800001	63840000
4	63840001	63880000
4	63880001	63920000
4	63920001	63960000
4	63960001	64000000
4	64000001	64040000
4	64040001	64080000
4	64080001	64120000
4	64120001	64160000
4	64160001	64200000
4	64200001	64240000
4	64240001	64280000
4	64280001	64320000
4	64320001	64360000
4	64360001	64400000
4	64400001	64440000
4	64440001	64480000
4	64480001	64520000
4	64520001	64560000
4	64560001	64600000
4	64600001	64640000
4	64640001	64680000
4	64680001	64720000
4	64720001	64760000
4	64760001	64800000
4	64800001	64840000
4	64840001	64880000
4	64880001	64920000
4	64920001	64960000
4	64960001	65000000
4	65000001	65040000
4	65040001	65080000
4	65080001	65120000
4	65120001	65160000
4	65160001	65200000
4	65200001	65240000
4	65240001	65280000
4	65280001	65320000
4	65320001	65360000
4	65360001	65400000
4	65400001	65440000
4	65440001	65480000
4	65480001	65520000
4	65520001	65560000
4	65560001	65600000
4	65600001	65640000
4	65640001	65680000
4	65680001	65720000
4	65720001	65760000
4	65760001	65800000
4	65800001	65840000
4	65840001	65880000
4	65880001	65920000
4	65920001	65960000
4	65960001	66000000
4	66000001	66040000
4	66040001	66080000
4	66080001	66120000
4	66120001	66160000
4	66160001	66200000
4	66200001	66240000
4	66240001	66280000
4	66280001	66320000
4	66320001	66360000
4	66360001	66400000
4	66400001	66440000
4	66440001	66480000
4	66480001	66520000
4	66520001	66560000
4	66560001	66600000
4	66600001	66640000
4	66640001	66680000
4	66680001	66720000
4	66720001	66760000
4	66760001	66800000
4	66800001	66840000
4	66840001	66880000
4	66880001	66920000
4	66920001	66960000
4	66960001	67000000
4	67000001	67040000
4	67040001	67080000
4	67080001	67120000
4	67120001	67160000
4	67160001	67200000
4	67200001	67240000
4	67240001	67280000
4	67280001	67320000
4	67320001	67360000
4	67360001	67400000
4	67400001	67440000
4	67440001	67480000
4	67480001	67520000
4	67520001	67560000
4	67560001	67600000
4	67600001	67640000
4	67640001	67680000
4	67680001	67720000
4	67720001	67760000
4	67760001	67800000
4	67800001	67840000
4	67840001	67880000
4	67880001	67920000
4	67920001	67960000
4	67960001	68000000
4	68000001	68040000
4	68040001	68080000
4	68080001	68120000
4	68120001	68160000
4	68160001	68200000
4	68200001	68240000
4	68240001	68280000
4	68280001	68320000
4	68320001	68360000
4	68360001	68400000
4	68400001	68440000
4	68440001	68480000
4	68480001	68520000
4	68520001	68560000
4	68560001	68600000
4	68600001	68640000
4	68640001	68680000
4	68680001	68720000
4	68720001	68760000
4	68760001	68800000
4	68800001	68840000
4	68840001	68880000
4	68880001	68920000
4	68920001	68960000
4	68960001	69000000
4	69000001	69040000
4	69040001	69080000
4	69080001	69120000
4	69120001	69160000
4	69160001	69200000
4	69200001	69240000
4	69240001	69280000
4	69280001	69320000
4	69320001	69360000
4	69360001	69400000
4	69400001	69440000
4	69440001	69480000
4	69480001	69520000
4	69520001	69560000
4	69560001	69600000
4	69600001	69640000
4	69640001	69680000
4	69680001	69720000
4	69720001	69760000
4	69760001	69800000
4	69800001	69840000
4	69840001	69880000
4	69880001	69920000
4	69920001	69960000
4	69960001	70000000
4	70000001	70040000
4	70040001	70080000
4	70080001	70120000
4	70120001	70160000
4	70160001	70200000
4	70200001	70240000
4	70240001	70280000
4	70280001	70320000
4	70320001	70360000
4	70360001	70400000
4	70400001	70440000
4	70440001	70480000
4	70480001	70520000
4	70520001	70560000
4	70560001	70600000
4	70600001	70640000
4	70640001	70680000
4	70680001	70720000
4	70720001	70760000
4	70760001	70800000
4	70800001	70840000
4	70840001	70880000
4	70880001	70920000
4	70920001	70960000
4	70960001	71000000
4	71000001	71040000
4	71040001	71080000
4	71080001	71120000
4	71120001	71160000
4	71160001	71200000
4	71200001	71240000
4	71240001	71280000
4	71280001	71320000
4	71320001	71360000
4	71360001	71400000
4	71400001	71440000
4	71440001	71480000
4	71480001	71520000
4	71520001	71560000
4	71560001	71600000
4	71600001	71640000
4	71640001	71680000
4	71680001	71720000
4	71720001	71760000
4	71760001	71800000
4	71800001	71840000
4	71840001	71880000
4	71880001	71920000
4	71920001	71960000
4	71960001	72000000
4	72000001	72040000
4	72040001	72080000
4	72080001	72120000
4	72120001	72160000
4	72160001	72200000
4	72200001	72240000
4	72240001	72280000
4	72280001	72320000
4	72320001	72360000
4	72360001	72400000
4	72400001	72440000
4	72440001	72480000
4	72480001	72520000
4	72520001	72560000
4	72560001	72600000
4	72600001	72640000
4	72640001	72680000
4	72680001	72720000
4	72720001	72760000
4	72760001	72800000
4	72800001	72840000
4	72840001	72880000
4	72880001	72920000
4	72920001	72960000
4	72960001	73000000
4	73000001	73040000
4	73040001	73080000
4	73080001	73120000
4	73120001	73160000
4	73160001	73200000
4	73200001	73240000
4	73240001	73280000
4	73280001	73320000
4	73320001	73360000
4	73360001	73400000
4	73400001	73440000
4	73440001	73480000
4	73480001	73520000
4	73520001	73560000
4	73560001	73600000
4	73600001	73640000
4	73640001	73680000
4	73680001	73720000
4	73720001	73760000
4	73760001	73800000
4	73800001	73840000
4	73840001	73880000
4	73880001	73920000
4	73920001	73960000
4	73960001	74000000
4	74000001	74040000
4	74040001	74080000
4	74080001	74120000
4	74120001	74160000
4	74160001	74200000
4	74200001	74240000
4	74240001	74280000
4	74280001	74320000
4	74320001	74360000
4	74360001	74400000
4	74400001	74440000
4	74440001	74480000
4	74480001	74520000
4	74520001	74560000
4	74560001	74600000
4	74600001	74640000
4	74640001	74680000
4	74680001	74720000
4	74720001	74760000
4	74760001	74800000
4	74800001	74840000
4	74840001	74880000
4	74880001	74920000
4	74920001	74960000
4	74960001	75000000
4	75000001	75040000
4	75040001	75080000
4	75080001	75120000
4	75120001	75160000
4	75160001	75200000
4	75200001	75240000
4	75240001	75280000
4	75280001	75320000
4	75320001	75360000
4	75360001	75400000
4	75400001	75440000
4	75440001	75480000
4	75480001	75520000
4	75520001	75560000
4	75560001	75600000
4	75600001	75640000
4	75640001	75680000
4	75680001	75720000
4	75720001	75760000
4	75760001	75800000
4	75800001	75840000
4	75840001	75880000
4	75880001	75920000
4	75920001	75960000
4	75960001	76000000
4	76000001	76040000
4	76040001	76080000
4	76080001	76120000
4	76120001	76160000
4	76160001	76200000
4	76200001	76240000
4	76240001	76280000
4	76280001	76320000
4	76320001	76360000
4	76360001	76400000
4	76400001	76440000
4	76440001	76480000
4	76480001	76520000
4	76520001	76560000
4	76560001	76600000
4	76600001	76640000
4	76640001	76680000
4	76680001	76720000
4	76720001	76760000
4	76760001	76800000
4	76800001	76840000
4	76840001	76880000
4	76880001	76920000
4	76920001	76960000
4	76960001	77000000
4	77000001	77040000
4	77040001	77080000
4	77080001	77120000
4	77120001	77160000
4	77160001	77200000
4	77200001	77240000
4	77240001	77280000
4	77280001	77320000
4	77320001	77360000
4	77360001	77400000
4	77400001	77440000
4	77440001	77480000
4	77480001	77520000
4	77520001	77560000
4	77560001	77600000
4	77600001	77640000
4	77640001	77680000
4	77680001	77720000
4	77720001	77760000
4	77760001	77800000
4	77800001	77840000
4	77840001	77880000
4	77880001	77920000
4	77920001	77960000
4	77960001	78000000
4	78000001	78040000
4	78040001	78080000
4	78080001	78120000
4	78120001	78160000
4	78160001	78200000
4	78200001	78240000
4	78240001	78280000
4	78280001	78320000
4	78320001	78360000
4	78360001	78400000
4	78400001	78440000
4	78440001	78480000
4	78480001	78520000
4	78520001	78560000
4	78560001	78600000
4	78600001	78640000
4	78640001	78680000
4	78680001	78720000
4	78720001	78760000
4	78760001	78800000
4	78800001	78840000
4	78840001	78880000
4	78880001	78920000
4	78920001	78960000
4	78960001	79000000
4	79000001	79040000
4	79040001	79080000
4	79080001	79120000
4	79120001	79160000
4	79160001	79200000
4	79200001	79240000
4	79240001	79280000
4	79280001	79320000
4	79320001	79360000
4	79360001	79400000
4	79400001	79440000
4	79440001	79480000
4	79480001	79520000
4	79520001	79560000
4	79560001	79600000
4	79600001	79640000
4	79640001	79680000
4	79680001	79720000
4	79720001	79760000
4	79760001	79800000
4	79800001	79840000
4	79840001	79880000
4	79880001	79920000
4	79920001	79960000
4	79960001	80000000
4	80000001	80040000
4	80040001	80080000
4	80080001	80120000
4	80120001	80160000
4	80160001	80200000
4	80200001	80240000
4	80240001	80280000
4	80280001	80320000
4	80320001	80360000
4	80360001	80400000
4	80400001	80440000
4	80440001	80480000
4	80480001	80520000
4	80520001	80560000
4	80560001	80600000
4	80600001	80640000
4	80640001	80680000
4	80680001	80720000
4	80720001	80760000
4	80760001	80800000
4	80800001	80840000
4	80840001	80880000
4	80880001	80920000
4	80920001	80960000
4	80960001	81000000
4	81000001	81040000
4	81040001	81080000
4	81080001	81120000
4	81120001	81160000
4	81160001	81200000
4	81200001	81240000
4	81240001	81280000
4	81280001	81320000
4	81320001	81360000
4	81360001	81400000
4	81400001	81440000
4	81440001	81480000
4	81480001	81520000
4	81520001	81560000
4	81560001	81600000
4	81600001	81640000
4	81640001	81680000
4	81680001	81720000
4	81720001	81760000
4	81760001	81800000
4	81800001	81840000
4	81840001	81880000
4	81880001	81920000
4	81920001	81960000
4	81960001	82000000
4	82000001	82040000
4	82040001	82080000
4	82080001	82120000
4	82120001	82160000
4	82160001	82200000
4	82200001	82240000
4	82240001	82280000
4	82280001	82320000
4	82320001	82360000
4	82360001	82400000
4	82400001	82440000
4	82440001	82480000
4	82480001	82520000
4	82520001	82560000
4	82560001	82600000
4	82600001	82640000
4	82640001	82680000
4	82680001	82720000
4	82720001	82760000
4	82760001	82800000
4	82800001	82840000
4	82840001	82880000
4	82880001	82920000
4	82920001	82960000
4	82960001	83000000
4	83000001	83040000
4	83040001	83080000
4	83080001	83120000
4	83120001	83160000
4	83160001	83200000
4	83200001	83240000
4	83240001	83280000
4	83280001	83320000
4	83320001	83360000
4	83360001	83400000
4	83400001	83440000
4	83440001	83480000
4	83480001	83520000
4	83520001	83560000
4	83560001	83600000
4	83600001	83640000
4	83640001	83680000
4	83680001	83720000
4	83720001	83760000
4	83760001	83800000
4	83800001	83840000
4	83840001	83880000
4	83880001	83920000
4	83920001	83960000
4	83960001	84000000
4	84000001	84040000
4	84040001	84080000
4	84080001	84120000
4	84120001	84160000
4	84160001	84200000
4	84200001	84240000
4	84240001	84280000
4	84280001	84320000
4	84320001	84360000
4	84360001	84400000
4	84400001	84440000
4	84440001	84480000
4	84480001	84520000
4	84520001	84560000
4	84560001	84600000
4	84600001	84640000
4	84640001	84680000
4	84680001	84720000
4	84720001	84760000
4	84760001	84800000
4	84800001	84840000
4	84840001	84880000
4	84880001	84920000
4	84920001	84960000
4	84960001	85000000
4	85000001	85040000
4	85040001	85080000
4	85080001	85120000
4	85120001	85160000
4	85160001	85200000
4	85200001	85240000
4	85240001	85280000
4	85280001	85320000
4	85320001	85360000
4	85360001	85400000
4	85400001	85440000
4	85440001	85480000
4	85480001	85520000
4	85520001	85560000
4	85560001	85600000
4	85600001	85640000
4	85640001	85680000
4	85680001	85720000
4	85720001	85760000
4	85760001	85800000
4	85800001	85840000
4	85840001	85880000
4	85880001	85920000
4	85920001	85960000
4	85960001	86000000
4	86000001	86040000
4	86040001	86080000
4	86080001	86120000
4	86120001	86160000
4	86160001	86200000
4	86200001	86240000
4	86240001	86280000
4	86280001	86320000
4	86320001	86360000
4	86360001	86400000
4	86400001	86440000
4	86440001	86480000
4	86480001	86520000
4	86520001	86560000
4	86560001	86600000
4	86600001	86640000
4	86640001	86680000
4	86680001	86720000
4	86720001	86760000
4	86760001	86800000
4	86800001	86840000
4	86840001	86880000
4	86880001	86920000
4	86920001	86960000
4	86960001	87000000
4	87000001	87040000
4	87040001	87080000
4	87080001	87120000
4	87120001	87160000
4	87160001	87200000
4	87200001	87240000
4	87240001	87280000
4	87280001	87320000
4	87320001	87360000
4	87360001	87400000
4	87400001	87440000
4	87440001	87480000
4	87480001	87520000
4	87520001	87560000
4	87560001	87600000
4	87600001	87640000
4	87640001	87680000
4	87680001	87720000
4	87720001	87760000
4	87760001	87800000
4	87800001	87840000
4	87840001	87880000
4	87880001	87920000
4	87920001	87960000
4	87960001	88000000
4	88000001	88040000
4	88040001	88080000
4	88080001	88120000
4	88120001	88160000
4	88160001	88200000
4	88200001	88240000
4	88240001	88280000
4	88280001	88320000
4	88320001	88360000
4	88360001	88400000
4	88400001	88440000
4	88440001	88480000
4	88480001	88520000
4	88520001	88560000
4	88560001	88600000
4	88600001	88640000
4	88640001	88680000
4	88680001	88720000
4	88720001	88760000
4	88760001	88800000
4	88800001	88840000
4	88840001	88880000
4	88880001	88920000
4	88920001	88960000
4	88960001	89000000
4	89000001	89040000
4	89040001	89080000
4	89080001	89120000
4	89120001	89160000
4	89160001	89200000
4	89200001	89240000
4	89240001	89280000
4	89280001	89320000
4	89320001	89360000
4	89360001	89400000
4	89400001	89440000
4	89440001	89480000
4	89480001	89520000
4	89520001	89560000
4	89560001	89600000
4	89600001	89640000
4	89640001	89680000
4	89680001	89720000
4	89720001	89760000
4	89760001	89800000
4	89800001	89840000
4	89840001	89880000
4	89880001	89920000
4	89920001	89960000
4	89960001	90000000
4	90000001	90040000
4	90040001	90080000
4	90080001	90120000
4	90120001	90160000
4	90160001	90200000
4	90200001	90240000
4	90240001	90280000
4	90280001	90320000
4	90320001	90360000
4	90360001	90400000
4	90400001	90440000
4	90440001	90480000
4	90480001	90520000
4	90520001	90560000
4	90560001	90600000
4	90600001	90640000
4	90640001	90680000
4	90680001	90720000
4	90720001	90760000
4	90760001	90800000
4	90800001	90840000
4	90840001	90880000
4	90880001	90920000
4	90920001	90960000
4	90960001	91000000
4	91000001	91040000
4	91040001	91080000
4	91080001	91120000
4	91120001	91160000
4	91160001	91200000
4	91200001	91240000
4	91240001	91280000
4	91280001	91320000
4	91320001	91360000
4	91360001	91400000
4	91400001	91440000
4	91440001	91480000
4	91480001	91520000
4	91520001	91560000
4	91560001	91600000
4	91600001	91640000
4	91640001	91680000
4	91680001	91720000
4	91720001	91760000
4	91760001	91800000
4	91800001	91840000
4	91840001	91880000
4	91880001	91920000
4	91920001	91960000
4	91960001	92000000
4	92000001	92040000
4	92040001	92080000
4	92080001	92120000
4	92120001	92160000
4	92160001	92200000
4	92200001	92240000
4	92240001	92280000
4	92280001	92320000
4	92320001	92360000
4	92360001	92400000
4	92400001	92440000
4	92440001	92480000
4	92480001	92520000
4	92520001	92560000
4	92560001	92600000
4	92600001	92640000
4	92640001	92680000
4	92680001	92720000
4	92720001	92760000
4	92760001	92800000
4	92800001	92840000
4	92840001	92880000
4	92880001	92920000
4	92920001	92960000
4	92960001	93000000
4	93000001	93040000
4	93040001	93080000
4	93080001	93120000
4	93120001	93160000
4	93160001	93200000
4	93200001	93240000
4	93240001	93280000
4	93280001	93320000
4	93320001	93360000
4	93360001	93400000
4	93400001	93440000
4	93440001	93480000
4	93480001	93520000
4	93520001	93560000
4	93560001	93600000
4	93600001	93640000
4	93640001	93680000
4	93680001	93720000
4	93720001	93760000
4	93760001	93800000
4	93800001	93840000
4	93840001	93880000
4	93880001	93920000
4	93920001	93960000
4	93960001	94000000
4	94000001	94040000
4	94040001	94080000
4	94080001	94120000
4	94120001	94160000
4	94160001	94200000
4	94200001	94240000
4	94240001	94280000
4	94280001	94320000
4	94320001	94360000
4	94360001	94400000
4	94400001	94440000
4	94440001	94480000
4	94480001	94520000
4	94520001	94560000
4	94560001	94600000
4	94600001	94640000
4	94640001	94680000
4	94680001	94720000
4	94720001	94760000
4	94760001	94800000
4	94800001	94840000
4	94840001	94880000
4	94880001	94920000
4	94920001	94960000
4	94960001	95000000
4	95000001	95040000
4	95040001	95080000
4	95080001	95120000
4	95120001	95160000
4	95160001	95200000
4	95200001	95240000
4	95240001	95280000
4	95280001	95320000
4	95320001	95360000
4	95360001	95400000
4	95400001	95440000
4	95440001	95480000
4	95480001	95520000
4	95520001	95560000
4	95560001	95600000
4	95600001	95640000
4	95640001	95680000
4	95680001	95720000
4	95720001	95760000
4	95760001	95800000
4	95800001	95840000
4	95840001	95880000
4	95880001	95920000
4	95920001	95960000
4	95960001	96000000
4	96000001	96040000
4	96040001	96080000
4	96080001	96120000
4	96120001	96160000
4	96160001	96200000
4	96200001	96240000
4	96240001	96280000
4	96280001	96320000
4	96320001	96360000
4	96360001	96400000
4	96400001	96440000
4	96440001	96480000
4	96480001	96520000
4	96520001	96560000
4	96560001	96600000
4	96600001	96640000
4	96640001	96680000
4	96680001	96720000
4	96720001	96760000
4	96760001	96800000
4	96800001	96840000
4	96840001	96880000
4	96880001	96920000
4	96920001	96960000
4	96960001	97000000
4	97000001	97040000
4	97040001	97080000
4	97080001	97120000
4	97120001	97160000
4	97160001	97200000
4	97200001	97240000
4	97240001	97280000
4	97280001	97320000
4	97320001	97360000
4	97360001	97400000
4	97400001	97440000
4	97440001	97480000
4	97480001	97520000
4	97520001	97560000
4	97560001	97600000
4	97600001	97640000
4	97640001	97680000
4	97680001	97720000
4	97720001	97760000
4	97760001	97800000
4	97800001	97840000
4	97840001	97880000
4	97880001	97920000
4	97920001	97960000
4	97960001	98000000
4	98000001	98040000
4	98040001	98080000
4	98080001	98120000
4	98120001	98160000
4	98160001	98200000
4	98200001	98240000
4	98240001	98280000
4	98280001	98320000
4	98320001	98360000
4	98360001	98400000
4	98400001	98440000
4	98440001	98480000
4	98480001	98520000
4	98520001	98560000
4	98560001	98600000
4	98600001	98640000
4	98640001	98680000
4	98680001	98720000
4	98720001	98760000
4	98760001	98800000
4	98800001	98840000
4	98840001	98880000
4	98880001	98920000
4	98920001	98960000
4	98960001	99000000
4	99000001	99040000
4	99040001	99080000
4	99080001	99120000
4	99120001	99160000
4	99160001	99200000
4	99200001	99240000
4	99240001	99280000
4	99280001	99320000
4	99320001	99360000
4	99360001	99400000
4	99400001	99440000
4	99440001	99480000
4	99480001	99520000
4	99520001	99560000
4	99560001	99600000
4	99600001	99640000
4	99640001	99680000
4	99680001	99720000
4	99720001	99760000
4	99760001	99800000
4	99800001	99840000
4	99840001	99880000
4	99880001	99920000
4	99920001	99960000
4	99960001	100000000
4	100000001	100040000
4	100040001	100080000
4	100080001	100120000
4	100120001	100160000
4	100160001	100200000
4	100200001	100240000
4	100240001	100280000
4	100280001	100320000
4	100320001	100360000
4	100360001	100400000
4	100400001	100440000
4	100440001	100480000
4	100480001	100520000
4	100520001	100560000
4	100560001	100600000
4	100600001	100640000
4	100640001	100680000
4	100680001	100720000
4	100720001	100760000
4	100760001	100800000
4	100800001	100840000
4	100840001	100880000
4	100880001	100920000
4	100920001	100960000
4	100960001	101000000
4	101000001	101040000
4	101040001	101080000
4	101080001	101120000
4	101120001	101160000
4	101160001	101200000
4	101200001	101240000
4	101240001	101280000
4	101280001	101320000
4	101320001	101360000
4	101360001	101400000
4	101400001	101440000
4	101440001	101480000
4	101480001	101520000
4	101520001	101560000
4	101560001	101600000
4	101600001	101640000
4	101640001	101680000
4	101680001	101720000
4	101720001	101760000
4	101760001	101800000
4	101800001	101840000
4	101840001	101880000
4	101880001	101920000
4	101920001	101960000
4	101960001	102000000
4	102000001	102040000
4	102040001	102080000
4	102080001	102120000
4	102120001	102160000
4	102160001	102200000
4	102200001	102240000
4	102240001	102280000
4	102280001	102320000
4	102320001	102360000
4	102360001	102400000
4	102400001	102440000
4	102440001	102480000
4	102480001	102520000
4	102520001	102560000
4	102560001	102600000
4	102600001	102640000
4	102640001	102680000
4	102680001	102720000
4	102720001	102760000
4	102760001	102800000
4	102800001	102840000
4	102840001	102880000
4	102880001	102920000
4	102920001	102960000
4	102960001	103000000
4	103000001	103040000
4	103040001	103080000
4	103080001	103120000
4	103120001	103160000
4	103160001	103200000
4	103200001	103240000
4	103240001	103280000
4	103280001	103320000
4	103320001	103360000
4	103360001	103400000
4	103400001	103440000
4	103440001	103480000
4	103480001	103520000
4	103520001	103560000
4	103560001	103600000
4	103600001	103640000
4	103640001	103680000
4	103680001	103720000
4	103720001	103760000
4	103760001	103800000
4	103800001	103840000
4	103840001	103880000
4	103880001	103920000
4	103920001	103960000
4	103960001	104000000
4	104000001	104040000
4	104040001	104080000
4	104080001	104120000
4	104120001	104160000
4	104160001	104200000
4	104200001	104240000
4	104240001	104280000
4	104280001	104320000
4	104320001	104360000
4	104360001	104400000
4	104400001	104440000
4	104440001	104480000
4	104480001	104520000
4	104520001	104560000
4	104560001	104600000
4	104600001	104640000
4	104640001	104680000
4	104680001	104720000
4	104720001	104760000
4	104760001	104800000
4	104800001	104840000
4	104840001	104880000
4	104880001	104920000
4	104920001	104960000
4	104960001	105000000
4	105000001	105040000
4	105040001	105080000
4	105080001	105120000
4	105120001	105160000
4	105160001	105200000
4	105200001	105240000
4	105240001	105280000
4	105280001	105320000
4	105320001	105360000
4	105360001	105400000
4	105400001	105440000
4	105440001	105480000
4	105480001	105520000
4	105520001	105560000
4	105560001	105600000
4	105600001	105640000
4	105640001	105680000
4	105680001	105720000
4	105720001	105760000
4	105760001	105800000
4	105800001	105840000
4	105840001	105880000
4	105880001	105920000
4	105920001	105960000
4	105960001	106000000
4	106000001	106040000
4	106040001	106080000
4	106080001	106120000
4	106120001	106160000
4	106160001	106200000
4	106200001	106240000
4	106240001	106280000
4	106280001	106320000
4	106320001	106360000
4	106360001	106400000
4	106400001	106440000
4	106440001	106480000
4	106480001	106520000
4	106520001	106560000
4	106560001	106600000
4	106600001	106640000
4	106640001	106680000
4	106680001	106720000
4	106720001	106760000
4	106760001	106800000
4	106800001	106840000
4	106840001	106880000
4	106880001	106920000
4	106920001	106960000
4	106960001	107000000
4	107000001	107040000
4	107040001	107080000
4	107080001	107120000
4	107120001	107160000
4	107160001	107200000
4	107200001	107240000
4	107240001	107280000
4	107280001	107320000
4	107320001	107360000
4	107360001	107400000
4	107400001	107440000
4	107440001	107480000
4	107480001	107520000
4	107520001	107560000
4	107560001	107600000
4	107600001	107640000
4	107640001	107680000
4	107680001	107720000
4	107720001	107760000
4	107760001	107800000
4	107800001	107840000
4	107840001	107880000
4	107880001	107920000
4	107920001	107960000
4	107960001	108000000
4	108000001	108040000
4	108040001	108080000
4	108080001	108120000
4	108120001	108160000
4	108160001	108200000
4	108200001	108240000
4	108240001	108280000
4	108280001	108320000
4	108320001	108360000
4	108360001	108400000
4	108400001	108440000
4	108440001	108480000
4	108480001	108520000
4	108520001	108560000
4	108560001	108600000
4	108600001	108640000
4	108640001	108680000
4	108680001	108720000
4	108720001	108760000
4	108760001	108800000
4	108800001	108840000
4	108840001	108880000
4	108880001	108920000
4	108920001	108960000
4	108960001	109000000
4	109000001	109040000
4	109040001	109080000
4	109080001	109120000
4	109120001	109160000
4	109160001	109200000
4	109200001	109240000
4	109240001	109280000
4	109280001	109320000
4	109320001	109360000
4	109360001	109400000
4	109400001	109440000
4	109440001	109480000
4	109480001	109520000
4	109520001	109560000
4	109560001	109600000
4	109600001	109640000
4	109640001	109680000
4	109680001	109720000
4	109720001	109760000
4	109760001	109800000
4	109800001	109840000
4	109840001	109880000
4	109880001	109920000
4	109920001	109960000
4	109960001	110000000
4	110000001	110040000
4	110040001	110080000
4	110080001	110120000
4	110120001	110160000
4	110160001	110200000
4	110200001	110240000
4	110240001	110280000
4	110280001	110320000
4	110320001	110360000
4	110360001	110400000
4	110400001	110440000
4	110440001	110480000
4	110480001	110520000
4	110520001	110560000
4	110560001	110600000
4	110600001	110640000
4	110640001	110680000
4	110680001	110720000
4	110720001	110760000
4	110760001	110800000
4	110800001	110840000
4	110840001	110880000
4	110880001	110920000
4	110920001	110960000
4	110960001	111000000
4	111000001	111040000
4	111040001	111080000
4	111080001	111120000
4	111120001	111160000
4	111160001	111200000
4	111200001	111240000
4	111240001	111280000
4	111280001	111320000
4	111320001	111360000
4	111360001	111400000
4	111400001	111440000
4	111440001	111480000
4	111480001	111520000
4	111520001	111560000
4	111560001	111600000
4	111600001	111640000
4	111640001	111680000
4	111680001	111720000
4	111720001	111760000
4	111760001	111800000
4	111800001	111840000
4	111840001	111880000
4	111880001	111920000
4	111920001	111960000
4	111960001	112000000
4	112000001	112040000
4	112040001	112080000
4	112080001	112120000
4	112120001	112160000
4	112160001	112200000
4	112200001	112240000
4	112240001	112280000
4	112280001	112320000
4	112320001	112360000
4	112360001	112400000
4	112400001	112440000
4	112440001	112480000
4	112480001	112520000
4	112520001	112560000
4	112560001	112600000
4	112600001	112640000
4	112640001	112680000
4	112680001	112720000
4	112720001	112760000
4	112760001	112800000
4	112800001	112840000
4	112840001	112880000
4	112880001	112920000
4	112920001	112960000
4	112960001	113000000
4	113000001	113040000
4	113040001	113080000
4	113080001	113120000
4	113120001	113160000
4	113160001	113200000
4	113200001	113240000
4	113240001	113280000
4	113280001	113320000
4	113320001	113360000
4	113360001	113400000
4	113400001	113440000
4	113440001	113480000
4	113480001	113520000
4	113520001	113560000
4	113560001	113600000
4	113600001	113640000
4	113640001	113680000
4	113680001	113720000
4	113720001	113760000
4	113760001	113800000
4	113800001	113840000
4	113840001	113880000
4	113880001	113920000
4	113920001	113960000
4	113960001	114000000
4	114000001	114040000
4	114040001	114080000
4	114080001	114120000
4	114120001	114160000
4	114160001	114200000
4	114200001	114240000
4	114240001	114280000
4	114280001	114320000
4	114320001	114360000
4	114360001	114400000
4	114400001	114440000
4	114440001	114480000
4	114480001	114520000
4	114520001	114560000
4	114560001	114600000
4	114600001	114640000
4	114640001	114680000
4	114680001	114720000
4	114720001	114760000
4	114760001	114800000
4	114800001	114840000
4	114840001	114880000
4	114880001	114920000
4	114920001	114960000
4	114960001	115000000
4	115000001	115040000
4	115040001	115080000
4	115080001	115120000
4	115120001	115160000
4	115160001	115200000
4	115200001	115240000
4	115240001	115280000
4	115280001	115320000
4	115320001	115360000
4	115360001	115400000
4	115400001	115440000
4	115440001	115480000
4	115480001	115520000
4	115520001	115560000
4	115560001	115600000
4	115600001	115640000
4	115640001	115680000
4	115680001	115720000
4	115720001	115760000
4	115760001	115800000
4	115800001	115840000
4	115840001	115880000
4	115880001	115920000
4	115920001	115960000
4	115960001	116000000
4	116000001	116040000
4	116040001	116080000
4	116080001	116120000
4	116120001	116160000
4	116160001	116200000
4	116200001	116240000
4	116240001	116280000
4	116280001	116320000
4	116320001	116360000
4	116360001	116400000
4	116400001	116440000
4	116440001	116480000
4	116480001	116520000
4	116520001	116560000
4	116560001	116600000
4	116600001	116640000
4	116640001	116680000
4	116680001	116720000
4	116720001	116760000
4	116760001	116800000
4	116800001	116840000
4	116840001	116880000
4	116880001	116920000
4	116920001	116960000
4	116960001	117000000
4	117000001	117040000
4	117040001	117080000
4	117080001	117120000
4	117120001	117160000
4	117160001	117200000
4	117200001	117240000
4	117240001	117280000
4	117280001	117320000
4	117320001	117360000
4	117360001	117400000
4	117400001	117440000
4	117440001	117480000
4	117480001	117520000
4	117520001	117560000
4	117560001	117600000
4	117600001	117640000
4	117640001	117680000
4	117680001	117720000
4	117720001	117760000
4	117760001	117800000
4	117800001	117840000
4	117840001	117880000
4	117880001	117920000
4	117920001	117960000
4	117960001	118000000
4	118000001	118040000
4	118040001	118080000
4	118080001	118120000
4	118120001	118160000
4	118160001	118200000
4	118200001	118240000
4	118240001	118280000
4	118280001	118320000
4	118320001	118360000
4	118360001	118400000
4	118400001	118440000
4	118440001	118480000
4	118480001	118520000
4	118520001	118560000
4	118560001	118600000
4	118600001	118640000
4	118640001	118680000
4	118680001	118720000
4	118720001	118760000
4	118760001	118800000
4	118800001	118840000
4	118840001	118880000
4	118880001	118920000
4	118920001	118960000
4	118960001	119000000
4	119000001	119040000
4	119040001	119080000
4	119080001	119120000
4	119120001	119160000
4	119160001	119200000
4	119200001	119240000
4	119240001	119280000
4	119280001	119320000
4	119320001	119360000
4	119360001	119400000
4	119400001	119440000
4	119440001	119480000
4	119480001	119520000
4	119520001	119560000
4	119560001	119600000
4	119600001	119640000
4	119640001	119680000
4	119680001	119720000
4	119720001	119760000
4	119760001	119800000
4	119800001	119840000
4	119840001	119880000
4	119880001	119920000
4	119920001	119960000
4	119960001	120000000
4	120000001	120040000
4	120040001	120080000
4	120080001	120120000
4	120120001	120160000
4	120160001	120200000
4	120200001	120240000
4	120240001	120280000
4	120280001	120320000
4	120320001	120360000
4	120360001	120400000
4	120400001	120440000
4	120440001	120480000
4	120480001	120520000
4	120520001	120560000
4	120560001	120600000
4	120600001	120640000
4	120640001	120680000
4	120680001	120720000
4	120720001	120760000
4	120760001	120800000
4	120800001	120840000
4	120840001	120880000
4	120880001	120920000
4	120920001	120960000
4	120960001	121000000
4	121000001	121040000
4	121040001	121080000
4	121080001	121120000
4	121120001	121160000
4	121160001	121200000
4	121200001	121240000
4	121240001	121280000
4	121280001	121320000
4	121320001	121360000
4	121360001	121400000
4	121400001	121440000
4	121440001	121480000
4	121480001	121520000
4	121520001	121560000
4	121560001	121600000
4	121600001	121640000
4	121640001	121680000
4	121680001	121720000
4	121720001	121760000
4	121760001	121800000
4	121800001	121840000
4	121840001	121880000
4	121880001	121920000
4	121920001	121960000
4	121960001	122000000
4	122000001	122040000
4	122040001	122080000
4	122080001	122120000
4	122120001	122160000
4	122160001	122200000
4	122200001	122240000
4	122240001	122280000
4	122280001	122320000
4	122320001	122360000
4	122360001	122400000
4	122400001	122440000
4	122440001	122480000
4	122480001	122520000
4	122520001	122560000
4	122560001	122600000
4	122600001	122640000
4	122640001	122680000
4	122680001	122720000
4	122720001	122760000
4	122760001	122800000
4	122800001	122840000
4	122840001	122880000
4	122880001	122920000
4	122920001	122960000
4	122960001	123000000
4	123000001	123040000
4	123040001	123080000
4	123080001	123120000
4	123120001	123160000
4	123160001	123200000
4	123200001	123240000
4	123240001	123280000
4	123280001	123320000
4	123320001	123360000
4	123360001	123400000
4	123400001	123440000
4	123440001	123480000
4	123480001	123520000
4	123520001	123560000
4	123560001	123600000
4	123600001	123640000
4	123640001	123680000
4	123680001	123720000
4	123720001	123760000
4	123760001	123800000
4	123800001	123840000
4	123840001	123880000
4	123880001	123920000
4	123920001	123960000
4	123960001	124000000
4	124000001	124040000
4	124040001	124080000
4	124080001	124120000
4	124120001	124160000
4	124160001	124200000
4	124200001	124240000
4	124240001	124280000
4	124280001	124320000
4	124320001	124360000
4	124360001	124400000
4	124400001	124440000
4	124440001	124480000
4	124480001	124520000
4	124520001	124560000
4	124560001	124600000
4	124600001	124640000
4	124640001	124680000
4	124680001	124720000
4	124720001	124760000
4	124760001	124800000
4	124800001	124840000
4	124840001	124880000
4	124880001	124920000
4	124920001	124960000
4	124960001	125000000
4	125000001	125040000
4	125040001	125080000
4	125080001	125120000
4	125120001	125160000
4	125160001	125200000
4	125200001	125240000
4	125240001	125280000
4	125280001	125320000
4	125320001	125360000
4	125360001	125400000
4	125400001	125440000
4	125440001	125480000
4	125480001	125520000
4	125520001	125560000
4	125560001	125600000
4	125600001	125640000
4	125640001	125680000
4	125680001	125720000
4	125720001	125760000
4	125760001	125800000
4	125800001	125840000
4	125840001	125880000
4	125880001	125920000
4	125920001	125960000
4	125960001	126000000
4	126000001	126040000
4	126040001	126080000
4	126080001	126120000
4	126120001	126160000
4	126160001	126200000
4	126200001	126240000
4	126240001	126280000
4	126280001	126320000
4	126320001	126360000
4	126360001	126400000
4	126400001	126440000
4	126440001	126480000
4	126480001	126520000
4	126520001	126560000
4	126560001	126600000
4	126600001	126640000
4	126640001	126680000
4	126680001	126720000
4	126720001	126760000
4	126760001	126800000
4	126800001	126840000
4	126840001	126880000
4	126880001	126920000
4	126920001	126960000
4	126960001	127000000
4	127000001	127040000
4	127040001	127080000
4	127080001	127120000
4	127120001	127160000
4	127160001	127200000
4	127200001	127240000
4	127240001	127280000
4	127280001	127320000
4	127320001	127360000
4	127360001	127400000
4	127400001	127440000
4	127440001	127480000
4	127480001	127520000
4	127520001	127560000
4	127560001	127600000
4	127600001	127640000
4	127640001	127680000
4	127680001	127720000
4	127720001	127760000
4	127760001	127800000
4	127800001	127840000
4	127840001	127880000
4	127880001	127920000
4	127920001	127960000
4	127960001	128000000
4	128000001	128040000
4	128040001	128080000
4	128080001	128120000
4	128120001	128160000
4	128160001	128200000
4	128200001	128240000
4	128240001	128280000
4	128280001	128320000
4	128320001	128360000
4	128360001	128400000
4	128400001	128440000
4	128440001	128480000
4	128480001	128520000
4	128520001	128560000
4	128560001	128600000
4	128600001	128640000
4	128640001	128680000
4	128680001	128720000
4	128720001	128760000
4	128760001	128800000
4	128800001	128840000
4	128840001	128880000
4	128880001	128920000
4	128920001	128960000
4	128960001	129000000
4	129000001	129040000
4	129040001	129080000
4	129080001	129120000
4	129120001	129160000
4	129160001	129200000
4	129200001	129240000
4	129240001	129280000
4	129280001	129320000
4	129320001	129360000
4	129360001	129400000
4	129400001	129440000
4	129440001	129480000
4	129480001	129520000
4	129520001	129560000
4	129560001	129600000
4	129600001	129640000
4	129640001	129680000
4	129680001	129720000
4	129720001	129760000
4	129760001	129800000
4	129800001	129840000
4	129840001	129880000
4	129880001	129920000
4	129920001	129960000
4	129960001	130000000
4	130000001	130040000
4	130040001	130080000
4	130080001	130120000
4	130120001	130160000
4	130160001	130200000
4	130200001	130240000
4	130240001	130280000
4	130280001	130320000
4	130320001	130360000
4	130360001	130400000
4	130400001	130440000
4	130440001	130480000
4	130480001	130520000
4	130520001	130560000
4	130560001	130600000
4	130600001	130640000
4	130640001	130680000
4	130680001	130720000
4	130720001	130760000
4	130760001	130800000
4	130800001	130840000
4	130840001	130880000
4	130880001	130920000
4	130920001	130960000
4	130960001	131000000
4	131000001	131040000
4	131040001	131080000
4	131080001	131120000
4	131120001	131160000
4	131160001	131200000
4	131200001	131240000
4	131240001	131280000
4	131280001	131320000
4	131320001	131360000
4	131360001	131400000
4	131400001	131440000
4	131440001	131480000
4	131480001	131520000
4	131520001	131560000
4	131560001	131600000
4	131600001	131640000
4	131640001	131680000
4	131680001	131720000
4	131720001	131760000
4	131760001	131800000
4	131800001	131840000
4	131840001	131880000
4	131880001	131920000
4	131920001	131960000
4	131960001	132000000
4	132000001	132040000
4	132040001	132080000
4	132080001	132120000
4	132120001	132160000
4	132160001	132200000
4	132200001	132240000
4	132240001	132280000
4	132280001	132320000
4	132320001	132360000
4	132360001	132400000
4	132400001	132440000
4	132440001	132480000
4	132480001	132520000
4	132520001	132560000
4	132560001	132600000
4	132600001	132640000
4	132640001	132680000
4	132680001	132720000
4	132720001	132760000
4	132760001	132800000
4	132800001	132840000
4	132840001	132880000
4	132880001	132920000
4	132920001	132960000
4	132960001	133000000
4	133000001	133040000
4	133040001	133080000
4	133080001	133120000
4	133120001	133160000
4	133160001	133200000
4	133200001	133240000
4	133240001	133280000
4	133280001	133320000
4	133320001	133360000
4	133360001	133400000
4	133400001	133440000
4	133440001	133480000
4	133480001	133520000
4	133520001	133560000
4	133560001	133600000
4	133600001	133640000
4	133640001	133680000
4	133680001	133720000
4	133720001	133760000
4	133760001	133800000
4	133800001	133840000
4	133840001	133880000
4	133880001	133920000
4	133920001	133960000
4	133960001	134000000
4	134000001	134040000
4	134040001	134080000
4	134080001	134120000
4	134120001	134160000
4	134160001	134200000
4	134200001	134240000
4	134240001	134280000
4	134280001	134320000
4	134320001	134360000
4	134360001	134400000
4	134400001	134440000
4	134440001	134480000
4	134480001	134520000
4	134520001	134560000
4	134560001	134600000
4	134600001	134640000
4	134640001	134680000
4	134680001	134720000
4	134720001	134760000
4	134760001	134800000
4	134800001	134840000
4	134840001	134880000
4	134880001	134920000
4	134920001	134960000
4	134960001	135000000
4	135000001	135040000
4	135040001	135080000
4	135080001	135120000
4	135120001	135160000
4	135160001	135200000
4	135200001	135240000
4	135240001	135280000
4	135280001	135320000
4	135320001	135360000
4	135360001	135400000
4	135400001	135440000
4	135440001	135480000
4	135480001	135520000
4	135520001	135560000
4	135560001	135600000
4	135600001	135640000
4	135640001	135680000
4	135680001	135720000
4	135720001	135760000
4	135760001	135800000
4	135800001	135840000
4	135840001	135880000
4	135880001	135920000
4	135920001	135960000
4	135960001	136000000
4	136000001	136040000
4	136040001	136080000
4	136080001	136120000
4	136120001	136160000
4	136160001	136200000
4	136200001	136240000
4	136240001	136280000
4	136280001	136320000
4	136320001	136360000
4	136360001	136400000
4	136400001	136440000
4	136440001	136480000
4	136480001	136520000
4	136520001	136560000
4	136560001	136600000
4	136600001	136640000
4	136640001	136680000
4	136680001	136720000
4	136720001	136760000
4	136760001	136800000
4	136800001	136840000
4	136840001	136880000
4	136880001	136920000
4	136920001	136960000
4	136960001	137000000
4	137000001	137040000
4	137040001	137080000
4	137080001	137120000
4	137120001	137160000
4	137160001	137200000
4	137200001	137240000
4	137240001	137280000
4	137280001	137320000
4	137320001	137360000
4	137360001	137400000
4	137400001	137440000
4	137440001	137480000
4	137480001	137520000
4	137520001	137560000
4	137560001	137600000
4	137600001	137640000
4	137640001	137680000
4	137680001	137720000
4	137720001	137760000
4	137760001	137800000
4	137800001	137840000
4	137840001	137880000
4	137880001	137920000
4	137920001	137960000
4	137960001	138000000
4	138000001	138040000
4	138040001	138080000
4	138080001	138120000
4	138120001	138160000
4	138160001	138200000
4	138200001	138240000
4	138240001	138280000
4	138280001	138320000
4	138320001	138360000
4	138360001	138400000
4	138400001	138440000
4	138440001	138480000
4	138480001	138520000
4	138520001	138560000
4	138560001	138600000
4	138600001	138640000
4	138640001	138680000
4	138680001	138720000
4	138720001	138760000
4	138760001	138800000
4	138800001	138840000
4	138840001	138880000
4	138880001	138920000
4	138920001	138960000
4	138960001	139000000
4	139000001	139040000
4	139040001	139080000
4	139080001	139120000
4	139120001	139160000
4	139160001	139200000
4	139200001	139240000
4	139240001	139280000
4	139280001	139320000
4	139320001	139360000
4	139360001	139400000
4	139400001	139440000
4	139440001	139480000
4	139480001	139520000
4	139520001	139560000
4	139560001	139600000
4	139600001	139640000
4	139640001	139680000
4	139680001	139720000
4	139720001	139760000
4	139760001	139800000
4	139800001	139840000
4	139840001	139880000
4	139880001	139920000
4	139920001	139960000
4	139960001	140000000
4	140000001	140040000
4	140040001	140080000
4	140080001	140120000
4	140120001	140160000
4	140160001	140200000
4	140200001	140240000
4	140240001	140280000
4	140280001	140320000
4	140320001	140360000
4	140360001	140400000
4	140400001	140440000
4	140440001	140480000
4	140480001	140520000
4	140520001	140560000
4	140560001	140600000
4	140600001	140640000
4	140640001	140680000
4	140680001	140720000
4	140720001	140760000
4	140760001	140800000
4	140800001	140840000
4	140840001	140880000
4	140880001	140920000
4	140920001	140960000
4	140960001	141000000
4	141000001	141040000
4	141040001	141080000
4	141080001	141120000
4	141120001	141160000
4	141160001	141200000
4	141200001	141240000
4	141240001	141280000
4	141280001	141320000
4	141320001	141360000
4	141360001	141400000
4	141400001	141440000
4	141440001	141480000
4	141480001	141520000
4	141520001	141560000
4	141560001	141600000
4	141600001	141640000
4	141640001	141680000
4	141680001	141720000
4	141720001	141760000
4	141760001	141800000
4	141800001	141840000
4	141840001	141880000
4	141880001	141920000
4	141920001	141960000
4	141960001	142000000
4	142000001	142040000
4	142040001	142080000
4	142080001	142120000
4	142120001	142160000
4	142160001	142200000
4	142200001	142240000
4	142240001	142280000
4	142280001	142320000
4	142320001	142360000
4	142360001	142400000
4	142400001	142440000
4	142440001	142480000
4	142480001	142520000
4	142520001	142560000
4	142560001	142600000
4	142600001	142640000
4	142640001	142680000
4	142680001	142720000
4	142720001	142760000
4	142760001	142800000
4	142800001	142840000
4	142840001	142880000
4	142880001	142920000
4	142920001	142960000
4	142960001	143000000
4	143000001	143040000
4	143040001	143080000
4	143080001	143120000
4	143120001	143160000
4	143160001	143200000
4	143200001	143240000
4	143240001	143280000
4	143280001	143320000
4	143320001	143360000
4	143360001	143400000
4	143400001	143440000
4	143440001	143480000
4	143480001	143520000
4	143520001	143560000
4	143560001	143600000
4	143600001	143640000
4	143640001	143680000
4	143680001	143720000
4	143720001	143760000
4	143760001	143800000
4	143800001	143840000
4	143840001	143880000
4	143880001	143920000
4	143920001	143960000
4	143960001	144000000
4	144000001	144040000
4	144040001	144080000
4	144080001	144120000
4	144120001	144160000
4	144160001	144200000
4	144200001	144240000
4	144240001	144280000
4	144280001	144320000
4	144320001	144360000
4	144360001	144400000
4	144400001	144440000
4	144440001	144480000
4	144480001	144520000
4	144520001	144560000
4	144560001	144600000
4	144600001	144640000
4	144640001	144680000
4	144680001	144720000
4	144720001	144760000
4	144760001	144800000
4	144800001	144840000
4	144840001	144880000
4	144880001	144920000
4	144920001	144960000
4	144960001	145000000
4	145000001	145040000
4	145040001	145080000
4	145080001	145120000
4	145120001	145160000
4	145160001	145200000
4	145200001	145240000
4	145240001	145280000
4	145280001	145320000
4	145320001	145360000
4	145360001	145400000
4	145400001	145440000
4	145440001	145480000
4	145480001	145520000
4	145520001	145560000
4	145560001	145600000
4	145600001	145640000
4	145640001	145680000
4	145680001	145720000
4	145720001	145760000
4	145760001	145800000
4	145800001	145840000
4	145840001	145880000
4	145880001	145920000
4	145920001	145960000
4	145960001	146000000
4	146000001	146040000
4	146040001	146080000
4	146080001	146120000
4	146120001	146160000
4	146160001	146200000
4	146200001	146240000
4	146240001	146280000
4	146280001	146320000
4	146320001	146360000
4	146360001	146400000
4	146400001	146440000
4	146440001	146480000
4	146480001	146520000
4	146520001	146560000
4	146560001	146600000
4	146600001	146640000
4	146640001	146680000
4	146680001	146720000
4	146720001	146760000
4	146760001	146800000
4	146800001	146840000
4	146840001	146880000
4	146880001	146920000
4	146920001	146960000
4	146960001	147000000
4	147000001	147040000
4	147040001	147080000
4	147080001	147120000
4	147120001	147160000
4	147160001	147200000
4	147200001	147240000
4	147240001	147280000
4	147280001	147320000
4	147320001	147360000
4	147360001	147400000
4	147400001	147440000
4	147440001	147480000
4	147480001	147520000
4	147520001	147560000
4	147560001	147600000
4	147600001	147640000
4	147640001	147680000
4	147680001	147720000
4	147720001	147760000
4	147760001	147800000
4	147800001	147840000
4	147840001	147880000
4	147880001	147920000
4	147920001	147960000
4	147960001	148000000
4	148000001	148040000
4	148040001	148080000
4	148080001	148120000
4	148120001	148160000
4	148160001	148200000
4	148200001	148240000
4	148240001	148280000
4	148280001	148320000
4	148320001	148360000
4	148360001	148400000
4	148400001	148440000
4	148440001	148480000
4	148480001	148520000
4	148520001	148560000
4	148560001	148600000
4	148600001	148640000
4	148640001	148680000
4	148680001	148720000
4	148720001	148760000
4	148760001	148800000
4	148800001	148840000
4	148840001	148880000
4	148880001	148920000
4	148920001	148960000
4	148960001	149000000
4	149000001	149040000
4	149040001	149080000
4	149080001	149120000
4	149120001	149160000
4	149160001	149200000
4	149200001	149240000
4	149240001	149280000
4	149280001	149320000
4	149320001	149360000
4	149360001	149400000
4	149400001	149440000
4	149440001	149480000
4	149480001	149520000
4	149520001	149560000
4	149560001	149600000
4	149600001	149640000
4	149640001	149680000
4	149680001	149720000
4	149720001	149760000
4	149760001	149800000
4	149800001	149840000
4	149840001	149880000
4	149880001	149920000
4	149920001	149960000
4	149960001	150000000
4	150000001	150040000
4	150040001	150080000
4	150080001	150120000
4	150120001	150160000
4	150160001	150200000
4	150200001	150240000
4	150240001	150280000
4	150280001	150320000
4	150320001	150360000
4	150360001	150400000
4	150400001	150440000
4	150440001	150480000
4	150480001	150520000
4	150520001	150560000
4	150560001	150600000
4	150600001	150640000
4	150640001	150680000
4	150680001	150720000
4	150720001	150760000
4	150760001	150800000
4	150800001	150840000
4	150840001	150880000
4	150880001	150920000
4	150920001	150960000
4	150960001	151000000
4	151000001	151040000
4	151040001	151080000
4	151080001	151120000
4	151120001	151160000
4	151160001	151200000
4	151200001	151240000
4	151240001	151280000
4	151280001	151320000
4	151320001	151360000
4	151360001	151400000
4	151400001	151440000
4	151440001	151480000
4	151480001	151520000
4	151520001	151560000
4	151560001	151600000
4	151600001	151640000
4	151640001	151680000
4	151680001	151720000
4	151720001	151760000
4	151760001	151800000
4	151800001	151840000
4	151840001	151880000
4	151880001	151920000
4	151920001	151960000
4	151960001	152000000
4	152000001	152040000
4	152040001	152080000
4	152080001	152120000
4	152120001	152160000
4	152160001	152200000
4	152200001	152240000
4	152240001	152280000
4	152280001	152320000
4	152320001	152360000
4	152360001	152400000
4	152400001	152440000
4	152440001	152480000
4	152480001	152520000
4	152520001	152560000
4	152560001	152600000
4	152600001	152640000
4	152640001	152680000
4	152680001	152720000
4	152720001	152760000
4	152760001	152800000
4	152800001	152840000
4	152840001	152880000
4	152880001	152920000
4	152920001	152960000
4	152960001	153000000
4	153000001	153040000
4	153040001	153080000
4	153080001	153120000
4	153120001	153160000
4	153160001	153200000
4	153200001	153240000
4	153240001	153280000
4	153280001	153320000
4	153320001	153360000
4	153360001	153400000
4	153400001	153440000
4	153440001	153480000
4	153480001	153520000
4	153520001	153560000
4	153560001	153600000
4	153600001	153640000
4	153640001	153680000
4	153680001	153720000
4	153720001	153760000
4	153760001	153800000
4	153800001	153840000
4	153840001	153880000
4	153880001	153920000
4	153920001	153960000
4	153960001	154000000
4	154000001	154040000
4	154040001	154080000
4	154080001	154120000
4	154120001	154160000
4	154160001	154200000
4	154200001	154240000
4	154240001	154280000
4	154280001	154320000
4	154320001	154360000
4	154360001	154400000
4	154400001	154440000
4	154440001	154480000
4	154480001	154520000
4	154520001	154560000
4	154560001	154600000
4	154600001	154640000
4	154640001	154680000
4	154680001	154720000
4	154720001	154760000
4	154760001	154800000
4	154800001	154840000
4	154840001	154880000
4	154880001	154920000
4	154920001	154960000
4	154960001	155000000
4	155000001	155040000
4	155040001	155080000
4	155080001	155120000
4	155120001	155160000
4	155160001	155200000
4	155200001	155240000
4	155240001	155280000
4	155280001	155320000
4	155320001	155360000
4	155360001	155400000
4	155400001	155440000
4	155440001	155480000
4	155480001	155520000
4	155520001	155560000
4	155560001	155600000
4	155600001	155640000
4	155640001	155680000
4	155680001	155720000
4	155720001	155760000
4	155760001	155800000
4	155800001	155840000
4	155840001	155880000
4	155880001	155920000
4	155920001	155960000
4	155960001	156000000
4	156000001	156040000
4	156040001	156080000
4	156080001	156120000
4	156120001	156160000
4	156160001	156200000
4	156200001	156240000
4	156240001	156280000
4	156280001	156320000
4	156320001	156360000
4	156360001	156400000
4	156400001	156440000
4	156440001	156480000
4	156480001	156520000
4	156520001	156560000
4	156560001	156600000
4	156600001	156640000
4	156640001	156680000
4	156680001	156720000
4	156720001	156760000
4	156760001	156800000
4	156800001	156840000
4	156840001	156880000
4	156880001	156920000
4	156920001	156960000
4	156960001	157000000
4	157000001	157040000
4	157040001	157080000
4	157080001	157120000
4	157120001	157160000
4	157160001	157200000
4	157200001	157240000
4	157240001	157280000
4	157280001	157320000
4	157320001	157360000
4	157360001	157400000
4	157400001	157440000
4	157440001	157480000
4	157480001	157520000
4	157520001	157560000
4	157560001	157600000
4	157600001	157640000
4	157640001	157680000
4	157680001	157720000
4	157720001	157760000
4	157760001	157800000
4	157800001	157840000
4	157840001	157880000
4	157880001	157920000
4	157920001	157960000
4	157960001	158000000
4	158000001	158040000
4	158040001	158080000
4	158080001	158120000
4	158120001	158160000
4	158160001	158200000
4	158200001	158240000
4	158240001	158280000
4	158280001	158320000
4	158320001	158360000
4	158360001	158400000
4	158400001	158440000
4	158440001	158480000
4	158480001	158520000
4	158520001	158560000
4	158560001	158600000
4	158600001	158640000
4	158640001	158680000
4	158680001	158720000
4	158720001	158760000
4	158760001	158800000
4	158800001	158840000
4	158840001	158880000
4	158880001	158920000
4	158920001	158960000
4	158960001	159000000
4	159000001	159040000
4	159040001	159080000
4	159080001	159120000
4	159120001	159160000
4	159160001	159200000
4	159200001	159240000
4	159240001	159280000
4	159280001	159320000
4	159320001	159360000
4	159360001	159400000
4	159400001	159440000
4	159440001	159480000
4	159480001	159520000
4	159520001	159560000
4	159560001	159600000
4	159600001	159640000
4	159640001	159680000
4	159680001	159720000
4	159720001	159760000
4	159760001	159800000
4	159800001	159840000
4	159840001	159880000
4	159880001	159920000
4	159920001	159960000
4	159960001	160000000
4	160000001	160040000
4	160040001	160080000
4	160080001	160120000
4	160120001	160160000
4	160160001	160200000
4	160200001	160240000
4	160240001	160280000
4	160280001	160320000
4	160320001	160360000
4	160360001	160400000
4	160400001	160440000
4	160440001	160480000
4	160480001	160520000
4	160520001	160560000
4	160560001	160600000
4	160600001	160640000
4	160640001	160680000
4	160680001	160720000
4	160720001	160760000
4	160760001	160800000
4	160800001	160840000
4	160840001	160880000
4	160880001	160920000
4	160920001	160960000
4	160960001	161000000
4	161000001	161040000
4	161040001	161080000
4	161080001	161120000
4	161120001	161160000
4	161160001	161200000
4	161200001	161240000
4	161240001	161280000
4	161280001	161320000
4	161320001	161360000
4	161360001	161400000
4	161400001	161440000
4	161440001	161480000
4	161480001	161520000
4	161520001	161560000
4	161560001	161600000
4	161600001	161640000
4	161640001	161680000
4	161680001	161720000
4	161720001	161760000
4	161760001	161800000
4	161800001	161840000
4	161840001	161880000
4	161880001	161920000
4	161920001	161960000
4	161960001	162000000
4	162000001	162040000
4	162040001	162080000
4	162080001	162120000
4	162120001	162160000
4	162160001	162200000
4	162200001	162240000
4	162240001	162280000
4	162280001	162320000
4	162320001	162360000
4	162360001	162400000
4	162400001	162440000
4	162440001	162480000
4	162480001	162520000
4	162520001	162560000
4	162560001	162600000
4	162600001	162640000
4	162640001	162680000
4	162680001	162720000
4	162720001	162760000
4	162760001	162800000
4	162800001	162840000
4	162840001	162880000
4	162880001	162920000
4	162920001	162960000
4	162960001	163000000
4	163000001	163040000
4	163040001	163080000
4	163080001	163120000
4	163120001	163160000
4	163160001	163200000
4	163200001	163240000
4	163240001	163280000
4	163280001	163320000
4	163320001	163360000
4	163360001	163400000
4	163400001	163440000
4	163440001	163480000
4	163480001	163520000
4	163520001	163560000
4	163560001	163600000
4	163600001	163640000
4	163640001	163680000
4	163680001	163720000
4	163720001	163760000
4	163760001	163800000
4	163800001	163840000
4	163840001	163880000
4	163880001	163920000
4	163920001	163960000
4	163960001	164000000
4	164000001	164040000
4	164040001	164080000
4	164080001	164120000
4	164120001	164160000
4	164160001	164200000
4	164200001	164240000
4	164240001	164280000
4	164280001	164320000
4	164320001	164360000
4	164360001	164400000
4	164400001	164440000
4	164440001	164480000
4	164480001	164520000
4	164520001	164560000
4	164560001	164600000
4	164600001	164640000
4	164640001	164680000
4	164680001	164720000
4	164720001	164760000
4	164760001	164800000
4	164800001	164840000
4	164840001	164880000
4	164880001	164920000
4	164920001	164960000
4	164960001	165000000
4	165000001	165040000
4	165040001	165080000
4	165080001	165120000
4	165120001	165160000
4	165160001	165200000
4	165200001	165240000
4	165240001	165280000
4	165280001	165320000
4	165320001	165360000
4	165360001	165400000
4	165400001	165440000
4	165440001	165480000
4	165480001	165520000
4	165520001	165560000
4	165560001	165600000
4	165600001	165640000
4	165640001	165680000
4	165680001	165720000
4	165720001	165760000
4	165760001	165800000
4	165800001	165840000
4	165840001	165880000
4	165880001	165920000
4	165920001	165960000
4	165960001	166000000
4	166000001	166040000
4	166040001	166080000
4	166080001	166120000
4	166120001	166160000
4	166160001	166200000
4	166200001	166240000
4	166240001	166280000
4	166280001	166320000
4	166320001	166360000
4	166360001	166400000
4	166400001	166440000
4	166440001	166480000
4	166480001	166520000
4	166520001	166560000
4	166560001	166600000
4	166600001	166640000
4	166640001	166680000
4	166680001	166720000
4	166720001	166760000
4	166760001	166800000
4	166800001	166840000
4	166840001	166880000
4	166880001	166920000
4	166920001	166960000
4	166960001	167000000
4	167000001	167040000
4	167040001	167080000
4	167080001	167120000
4	167120001	167160000
4	167160001	167200000
4	167200001	167240000
4	167240001	167280000
4	167280001	167320000
4	167320001	167360000
4	167360001	167400000
4	167400001	167440000
4	167440001	167480000
4	167480001	167520000
4	167520001	167560000
4	167560001	167600000
4	167600001	167640000
4	167640001	167680000
4	167680001	167720000
4	167720001	167760000
4	167760001	167800000
4	167800001	167840000
4	167840001	167880000
4	167880001	167920000
4	167920001	167960000
4	167960001	168000000
4	168000001	168040000
4	168040001	168080000
4	168080001	168120000
4	168120001	168160000
4	168160001	168200000
4	168200001	168240000
4	168240001	168280000
4	168280001	168320000
4	168320001	168360000
4	168360001	168400000
4	168400001	168440000
4	168440001	168480000
4	168480001	168520000
4	168520001	168560000
4	168560001	168600000
4	168600001	168640000
4	168640001	168680000
4	168680001	168720000
4	168720001	168760000
4	168760001	168800000
4	168800001	168840000
4	168840001	168880000
4	168880001	168920000
4	168920001	168960000
4	168960001	169000000
4	169000001	169040000
4	169040001	169080000
4	169080001	169120000
4	169120001	169160000
4	169160001	169200000
4	169200001	169240000
4	169240001	169280000
4	169280001	169320000
4	169320001	169360000
4	169360001	169400000
4	169400001	169440000
4	169440001	169480000
4	169480001	169520000
4	169520001	169560000
4	169560001	169600000
4	169600001	169640000
4	169640001	169680000
4	169680001	169720000
4	169720001	169760000
4	169760001	169800000
4	169800001	169840000
4	169840001	169880000
4	169880001	169920000
4	169920001	169960000
4	169960001	170000000
4	170000001	170040000
4	170040001	170080000
4	170080001	170120000
4	170120001	170160000
4	170160001	170200000
4	170200001	170240000
4	170240001	170280000
4	170280001	170320000
4	170320001	170360000
4	170360001	170400000
4	170400001	170440000
4	170440001	170480000
4	170480001	170520000
4	170520001	170560000
4	170560001	170600000
4	170600001	170640000
4	170640001	170680000
4	170680001	170720000
4	170720001	170760000
4	170760001	170800000
4	170800001	170840000
4	170840001	170880000
4	170880001	170920000
4	170920001	170960000
4	170960001	171000000
4	171000001	171040000
4	171040001	171080000
4	171080001	171120000
4	171120001	171160000
4	171160001	171200000
4	171200001	171240000
4	171240001	171280000
4	171280001	171320000
4	171320001	171360000
4	171360001	171400000
4	171400001	171440000
4	171440001	171480000
4	171480001	171520000
4	171520001	171560000
4	171560001	171600000
4	171600001	171640000
4	171640001	171680000
4	171680001	171720000
4	171720001	171760000
4	171760001	171800000
4	171800001	171840000
4	171840001	171880000
4	171880001	171920000
4	171920001	171960000
4	171960001	172000000
4	172000001	172040000
4	172040001	172080000
4	172080001	172120000
4	172120001	172160000
4	172160001	172200000
4	172200001	172240000
4	172240001	172280000
4	172280001	172320000
4	172320001	172360000
4	172360001	172400000
4	172400001	172440000
4	172440001	172480000
4	172480001	172520000
4	172520001	172560000
4	172560001	172600000
4	172600001	172640000
4	172640001	172680000
4	172680001	172720000
4	172720001	172760000
4	172760001	172800000
4	172800001	172840000
4	172840001	172880000
4	172880001	172920000
4	172920001	172960000
4	172960001	173000000
4	173000001	173040000
4	173040001	173080000
4	173080001	173120000
4	173120001	173160000
4	173160001	173200000
4	173200001	173240000
4	173240001	173280000
4	173280001	173320000
4	173320001	173360000
4	173360001	173400000
4	173400001	173440000
4	173440001	173480000
4	173480001	173520000
4	173520001	173560000
4	173560001	173600000
4	173600001	173640000
4	173640001	173680000
4	173680001	173720000
4	173720001	173760000
4	173760001	173800000
4	173800001	173840000
4	173840001	173880000
4	173880001	173920000
4	173920001	173960000
4	173960001	174000000
4	174000001	174040000
4	174040001	174080000
4	174080001	174120000
4	174120001	174160000
4	174160001	174200000
4	174200001	174240000
4	174240001	174280000
4	174280001	174320000
4	174320001	174360000
4	174360001	174400000
4	174400001	174440000
4	174440001	174480000
4	174480001	174520000
4	174520001	174560000
4	174560001	174600000
4	174600001	174640000
4	174640001	174680000
4	174680001	174720000
4	174720001	174760000
4	174760001	174800000
4	174800001	174840000
4	174840001	174880000
4	174880001	174920000
4	174920001	174960000
4	174960001	175000000
4	175000001	175040000
4	175040001	175080000
4	175080001	175120000
4	175120001	175160000
4	175160001	175200000
4	175200001	175240000
4	175240001	175280000
4	175280001	175320000
4	175320001	175360000
4	175360001	175400000
4	175400001	175440000
4	175440001	175480000
4	175480001	175520000
4	175520001	175560000
4	175560001	175600000
4	175600001	175640000
4	175640001	175680000
4	175680001	175720000
4	175720001	175760000
4	175760001	175800000
4	175800001	175840000
4	175840001	175880000
4	175880001	175920000
4	175920001	175960000
4	175960001	176000000
4	176000001	176040000
4	176040001	176080000
4	176080001	176120000
4	176120001	176160000
4	176160001	176200000
4	176200001	176240000
4	176240001	176280000
4	176280001	176320000
4	176320001	176360000
4	176360001	176400000
4	176400001	176440000
4	176440001	176480000
4	176480001	176520000
4	176520001	176560000
4	176560001	176600000
4	176600001	176640000
4	176640001	176680000
4	176680001	176720000
4	176720001	176760000
4	176760001	176800000
4	176800001	176840000
4	176840001	176880000
4	176880001	176920000
4	176920001	176960000
4	176960001	177000000
4	177000001	177040000
4	177040001	177080000
4	177080001	177120000
4	177120001	177160000
4	177160001	177200000
4	177200001	177240000
4	177240001	177280000
4	177280001	177320000
4	177320001	177360000
4	177360001	177400000
4	177400001	177440000
4	177440001	177480000
4	177480001	177520000
4	177520001	177560000
4	177560001	177600000
4	177600001	177640000
4	177640001	177680000
4	177680001	177720000
4	177720001	177760000
4	177760001	177800000
4	177800001	177840000
4	177840001	177880000
4	177880001	177920000
4	177920001	177960000
4	177960001	178000000
4	178000001	178040000
4	178040001	178080000
4	178080001	178120000
4	178120001	178160000
4	178160001	178200000
4	178200001	178240000
4	178240001	178280000
4	178280001	178320000
4	178320001	178360000
4	178360001	178400000
4	178400001	178440000
4	178440001	178480000
4	178480001	178520000
4	178520001	178560000
4	178560001	178600000
4	178600001	178640000
4	178640001	178680000
4	178680001	178720000
4	178720001	178760000
4	178760001	178800000
4	178800001	178840000
4	178840001	178880000
4	178880001	178920000
4	178920001	178960000
4	178960001	179000000
4	179000001	179040000
4	179040001	179080000
4	179080001	179120000
4	179120001	179160000
4	179160001	179200000
4	179200001	179240000
4	179240001	179280000
4	179280001	179320000
4	179320001	179360000
4	179360001	179400000
4	179400001	179440000
4	179440001	179480000
4	179480001	179520000
4	179520001	179560000
4	179560001	179600000
4	179600001	179640000
4	179640001	179680000
4	179680001	179720000
4	179720001	179760000
4	179760001	179800000
4	179800001	179840000
4	179840001	179880000
4	179880001	179920000
4	179920001	179960000
4	179960001	180000000
4	180000001	180040000
4	180040001	180080000
4	180080001	180120000
4	180120001	180160000
4	180160001	180200000
4	180200001	180240000
4	180240001	180280000
4	180280001	180320000
4	180320001	180360000
4	180360001	180400000
4	180400001	180440000
4	180440001	180480000
4	180480001	180520000
4	180520001	180560000
4	180560001	180600000
4	180600001	180640000
4	180640001	180680000
4	180680001	180720000
4	180720001	180760000
4	180760001	180800000
4	180800001	180840000
4	180840001	180880000
4	180880001	180915260
