5	1	40000
5	40001	80000
5	80001	120000
5	120001	160000
5	160001	200000
5	200001	240000
5	240001	280000
5	280001	320000
5	320001	360000
5	360001	400000
5	400001	440000
5	440001	480000
5	480001	520000
5	520001	560000
5	560001	600000
5	600001	640000
5	640001	680000
5	680001	720000
5	720001	760000
5	760001	800000
5	800001	840000
5	840001	880000
5	880001	920000
5	920001	960000
5	960001	1000000
5	1000001	1040000
5	1040001	1080000
5	1080001	1120000
5	1120001	1160000
5	1160001	1200000
5	1200001	1240000
5	1240001	1280000
5	1280001	1320000
5	1320001	1360000
5	1360001	1400000
5	1400001	1440000
5	1440001	1480000
5	1480001	1520000
5	1520001	1560000
5	1560001	1600000
5	1600001	1640000
5	1640001	1680000
5	1680001	1720000
5	1720001	1760000
5	1760001	1800000
5	1800001	1840000
5	1840001	1880000
5	1880001	1920000
5	1920001	1960000
5	1960001	2000000
5	2000001	2040000
5	2040001	2080000
5	2080001	2120000
5	2120001	2160000
5	2160001	2200000
5	2200001	2240000
5	2240001	2280000
5	2280001	2320000
5	2320001	2360000
5	2360001	2400000
5	2400001	2440000
5	2440001	2480000
5	2480001	2520000
5	2520001	2560000
5	2560001	2600000
5	2600001	2640000
5	2640001	2680000
5	2680001	2720000
5	2720001	2760000
5	2760001	2800000
5	2800001	2840000
5	2840001	2880000
5	2880001	2920000
5	2920001	2960000
5	2960001	3000000
5	3000001	3040000
5	3040001	3080000
5	3080001	3120000
5	3120001	3160000
5	3160001	3200000
5	3200001	3240000
5	3240001	3280000
5	3280001	3320000
5	3320001	3360000
5	3360001	3400000
5	3400001	3440000
5	3440001	3480000
5	3480001	3520000
5	3520001	3560000
5	3560001	3600000
5	3600001	3640000
5	3640001	3680000
5	3680001	3720000
5	3720001	3760000
5	3760001	3800000
5	3800001	3840000
5	3840001	3880000
5	3880001	3920000
5	3920001	3960000
5	3960001	4000000
5	4000001	4040000
5	4040001	4080000
5	4080001	4120000
5	4120001	4160000
5	4160001	4200000
5	4200001	4240000
5	4240001	4280000
5	4280001	4320000
5	4320001	4360000
5	4360001	4400000
5	4400001	4440000
5	4440001	4480000
5	4480001	4520000
5	4520001	4560000
5	4560001	4600000
5	4600001	4640000
5	4640001	4680000
5	4680001	4720000
5	4720001	4760000
5	4760001	4800000
5	4800001	4840000
5	4840001	4880000
5	4880001	4920000
5	4920001	4960000
5	4960001	5000000
5	5000001	5040000
5	5040001	5080000
5	5080001	5120000
5	5120001	5160000
5	5160001	5200000
5	5200001	5240000
5	5240001	5280000
5	5280001	5320000
5	5320001	5360000
5	5360001	5400000
5	5400001	5440000
5	5440001	5480000
5	5480001	5520000
5	5520001	5560000
5	5560001	5600000
5	5600001	5640000
5	5640001	5680000
5	5680001	5720000
5	5720001	5760000
5	5760001	5800000
5	5800001	5840000
5	5840001	5880000
5	5880001	5920000
5	5920001	5960000
5	5960001	6000000
5	6000001	6040000
5	6040001	6080000
5	6080001	6120000
5	6120001	6160000
5	6160001	6200000
5	6200001	6240000
5	6240001	6280000
5	6280001	6320000
5	6320001	6360000
5	6360001	6400000
5	6400001	6440000
5	6440001	6480000
5	6480001	6520000
5	6520001	6560000
5	6560001	6600000
5	6600001	6640000
5	6640001	6680000
5	6680001	6720000
5	6720001	6760000
5	6760001	6800000
5	6800001	6840000
5	6840001	6880000
5	6880001	6920000
5	6920001	6960000
5	6960001	7000000
5	7000001	7040000
5	7040001	7080000
5	7080001	7120000
5	7120001	7160000
5	7160001	7200000
5	7200001	7240000
5	7240001	7280000
5	7280001	7320000
5	7320001	7360000
5	7360001	7400000
5	7400001	7440000
5	7440001	7480000
5	7480001	7520000
5	7520001	7560000
5	7560001	7600000
5	7600001	7640000
5	7640001	7680000
5	7680001	7720000
5	7720001	7760000
5	7760001	7800000
5	7800001	7840000
5	7840001	7880000
5	7880001	7920000
5	7920001	7960000
5	7960001	8000000
5	8000001	8040000
5	8040001	8080000
5	8080001	8120000
5	8120001	8160000
5	8160001	8200000
5	8200001	8240000
5	8240001	8280000
5	8280001	8320000
5	8320001	8360000
5	8360001	8400000
5	8400001	8440000
5	8440001	8480000
5	8480001	8520000
5	8520001	8560000
5	8560001	8600000
5	8600001	8640000
5	8640001	8680000
5	8680001	8720000
5	8720001	8760000
5	8760001	8800000
5	8800001	8840000
5	8840001	8880000
5	8880001	8920000
5	8920001	8960000
5	8960001	9000000
5	9000001	9040000
5	9040001	9080000
5	9080001	9120000
5	9120001	9160000
5	9160001	9200000
5	9200001	9240000
5	9240001	9280000
5	9280001	9320000
5	9320001	9360000
5	9360001	9400000
5	9400001	9440000
5	9440001	9480000
5	9480001	9520000
5	9520001	9560000
5	9560001	9600000
5	9600001	9640000
5	9640001	9680000
5	9680001	9720000
5	9720001	9760000
5	9760001	9800000
5	9800001	9840000
5	9840001	9880000
5	9880001	9920000
5	9920001	9960000
5	9960001	10000000
5	10000001	10040000
5	10040001	10080000
5	10080001	10120000
5	10120001	10160000
5	10160001	10200000
5	10200001	10240000
5	10240001	10280000
5	10280001	10320000
5	10320001	10360000
5	10360001	10400000
5	10400001	10440000
5	10440001	10480000
5	10480001	10520000
5	10520001	10560000
5	10560001	10600000
5	10600001	10640000
5	10640001	10680000
5	10680001	10720000
5	10720001	10760000
5	10760001	10800000
5	10800001	10840000
5	10840001	10880000
5	10880001	10920000
5	10920001	10960000
5	10960001	11000000
5	11000001	11040000
5	11040001	11080000
5	11080001	11120000
5	11120001	11160000
5	11160001	11200000
5	11200001	11240000
5	11240001	11280000
5	11280001	11320000
5	11320001	11360000
5	11360001	11400000
5	11400001	11440000
5	11440001	11480000
5	11480001	11520000
5	11520001	11560000
5	11560001	11600000
5	11600001	11640000
5	11640001	11680000
5	11680001	11720000
5	11720001	11760000
5	11760001	11800000
5	11800001	11840000
5	11840001	11880000
5	11880001	11920000
5	11920001	11960000
5	11960001	12000000
5	12000001	12040000
5	12040001	12080000
5	12080001	12120000
5	12120001	12160000
5	12160001	12200000
5	12200001	12240000
5	12240001	12280000
5	12280001	12320000
5	12320001	12360000
5	12360001	12400000
5	12400001	12440000
5	12440001	12480000
5	12480001	12520000
5	12520001	12560000
5	12560001	12600000
5	12600001	12640000
5	12640001	12680000
5	12680001	12720000
5	12720001	12760000
5	12760001	12800000
5	12800001	12840000
5	12840001	12880000
5	12880001	12920000
5	12920001	12960000
5	12960001	13000000
5	13000001	13040000
5	13040001	13080000
5	13080001	13120000
5	13120001	13160000
5	13160001	13200000
5	13200001	13240000
5	13240001	13280000
5	13280001	13320000
5	13320001	13360000
5	13360001	13400000
5	13400001	13440000
5	13440001	13480000
5	13480001	13520000
5	13520001	13560000
5	13560001	13600000
5	13600001	13640000
5	13640001	13680000
5	13680001	13720000
5	13720001	13760000
5	13760001	13800000
5	13800001	13840000
5	13840001	13880000
5	13880001	13920000
5	13920001	13960000
5	13960001	14000000
5	14000001	14040000
5	14040001	14080000
5	14080001	14120000
5	14120001	14160000
5	14160001	14200000
5	14200001	14240000
5	14240001	14280000
5	14280001	14320000
5	14320001	14360000
5	14360001	14400000
5	14400001	14440000
5	14440001	14480000
5	14480001	14520000
5	14520001	14560000
5	14560001	14600000
5	14600001	14640000
5	14640001	14680000
5	14680001	14720000
5	14720001	14760000
5	14760001	14800000
5	14800001	14840000
5	14840001	14880000
5	14880001	14920000
5	14920001	14960000
5	14960001	15000000
5	15000001	15040000
5	15040001	15080000
5	15080001	15120000
5	15120001	15160000
5	15160001	15200000
5	15200001	15240000
5	15240001	15280000
5	15280001	15320000
5	15320001	15360000
5	15360001	15400000
5	15400001	15440000
5	15440001	15480000
5	15480001	15520000
5	15520001	15560000
5	15560001	15600000
5	15600001	15640000
5	15640001	15680000
5	15680001	15720000
5	15720001	15760000
5	15760001	15800000
5	15800001	15840000
5	15840001	15880000
5	15880001	15920000
5	15920001	15960000
5	15960001	16000000
5	16000001	16040000
5	16040001	16080000
5	16080001	16120000
5	16120001	16160000
5	16160001	16200000
5	16200001	16240000
5	16240001	16280000
5	16280001	16320000
5	16320001	16360000
5	16360001	16400000
5	16400001	16440000
5	16440001	16480000
5	16480001	16520000
5	16520001	16560000
5	16560001	16600000
5	16600001	16640000
5	16640001	16680000
5	16680001	16720000
5	16720001	16760000
5	16760001	16800000
5	16800001	16840000
5	16840001	16880000
5	16880001	16920000
5	16920001	16960000
5	16960001	17000000
5	17000001	17040000
5	17040001	17080000
5	17080001	17120000
5	17120001	17160000
5	17160001	17200000
5	17200001	17240000
5	17240001	17280000
5	17280001	17320000
5	17320001	17360000
5	17360001	17400000
5	17400001	17440000
5	17440001	17480000
5	17480001	17520000
5	17520001	17560000
5	17560001	17600000
5	17600001	17640000
5	17640001	17680000
5	17680001	17720000
5	17720001	17760000
5	17760001	17800000
5	17800001	17840000
5	17840001	17880000
5	17880001	17920000
5	17920001	17960000
5	17960001	18000000
5	18000001	18040000
5	18040001	18080000
5	18080001	18120000
5	18120001	18160000
5	18160001	18200000
5	18200001	18240000
5	18240001	18280000
5	18280001	18320000
5	18320001	18360000
5	18360001	18400000
5	18400001	18440000
5	18440001	18480000
5	18480001	18520000
5	18520001	18560000
5	18560001	18600000
5	18600001	18640000
5	18640001	18680000
5	18680001	18720000
5	18720001	18760000
5	18760001	18800000
5	18800001	18840000
5	18840001	18880000
5	18880001	18920000
5	18920001	18960000
5	18960001	19000000
5	19000001	19040000
5	19040001	19080000
5	19080001	19120000
5	19120001	19160000
5	19160001	19200000
5	19200001	19240000
5	19240001	19280000
5	19280001	19320000
5	19320001	19360000
5	19360001	19400000
5	19400001	19440000
5	19440001	19480000
5	19480001	19520000
5	19520001	19560000
5	19560001	19600000
5	19600001	19640000
5	19640001	19680000
5	19680001	19720000
5	19720001	19760000
5	19760001	19800000
5	19800001	19840000
5	19840001	19880000
5	19880001	19920000
5	19920001	19960000
5	19960001	20000000
5	20000001	20040000
5	20040001	20080000
5	20080001	20120000
5	20120001	20160000
5	20160001	20200000
5	20200001	20240000
5	20240001	20280000
5	20280001	20320000
5	20320001	20360000
5	20360001	20400000
5	20400001	20440000
5	20440001	20480000
5	20480001	20520000
5	20520001	20560000
5	20560001	20600000
5	20600001	20640000
5	20640001	20680000
5	20680001	20720000
5	20720001	20760000
5	20760001	20800000
5	20800001	20840000
5	20840001	20880000
5	20880001	20920000
5	20920001	20960000
5	20960001	21000000
5	21000001	21040000
5	21040001	21080000
5	21080001	21120000
5	21120001	21160000
5	21160001	21200000
5	21200001	21240000
5	21240001	21280000
5	21280001	21320000
5	21320001	21360000
5	21360001	21400000
5	21400001	21440000
5	21440001	21480000
5	21480001	21520000
5	21520001	21560000
5	21560001	21600000
5	21600001	21640000
5	21640001	21680000
5	21680001	21720000
5	21720001	21760000
5	21760001	21800000
5	21800001	21840000
5	21840001	21880000
5	21880001	21920000
5	21920001	21960000
5	21960001	22000000
5	22000001	22040000
5	22040001	22080000
5	22080001	22120000
5	22120001	22160000
5	22160001	22200000
5	22200001	22240000
5	22240001	22280000
5	22280001	22320000
5	22320001	22360000
5	22360001	22400000
5	22400001	22440000
5	22440001	22480000
5	22480001	22520000
5	22520001	22560000
5	22560001	22600000
5	22600001	22640000
5	22640001	22680000
5	22680001	22720000
5	22720001	22760000
5	22760001	22800000
5	22800001	22840000
5	22840001	22880000
5	22880001	22920000
5	22920001	22960000
5	22960001	23000000
5	23000001	23040000
5	23040001	23080000
5	23080001	23120000
5	23120001	23160000
5	23160001	23200000
5	23200001	23240000
5	23240001	23280000
5	23280001	23320000
5	23320001	23360000
5	23360001	23400000
5	23400001	23440000
5	23440001	23480000
5	23480001	23520000
5	23520001	23560000
5	23560001	23600000
5	23600001	23640000
5	23640001	23680000
5	23680001	23720000
5	23720001	23760000
5	23760001	23800000
5	23800001	23840000
5	23840001	23880000
5	23880001	23920000
5	23920001	23960000
5	23960001	24000000
5	24000001	24040000
5	24040001	24080000
5	24080001	24120000
5	24120001	24160000
5	24160001	24200000
5	24200001	24240000
5	24240001	24280000
5	24280001	24320000
5	24320001	24360000
5	24360001	24400000
5	24400001	24440000
5	24440001	24480000
5	24480001	24520000
5	24520001	24560000
5	24560001	24600000
5	24600001	24640000
5	24640001	24680000
5	24680001	24720000
5	24720001	24760000
5	24760001	24800000
5	24800001	24840000
5	24840001	24880000
5	24880001	24920000
5	24920001	24960000
5	24960001	25000000
5	25000001	25040000
5	25040001	25080000
5	25080001	25120000
5	25120001	25160000
5	25160001	25200000
5	25200001	25240000
5	25240001	25280000
5	25280001	25320000
5	25320001	25360000
5	25360001	25400000
5	25400001	25440000
5	25440001	25480000
5	25480001	25520000
5	25520001	25560000
5	25560001	25600000
5	25600001	25640000
5	25640001	25680000
5	25680001	25720000
5	25720001	25760000
5	25760001	25800000
5	25800001	25840000
5	25840001	25880000
5	25880001	25920000
5	25920001	25960000
5	25960001	26000000
5	26000001	26040000
5	26040001	26080000
5	26080001	26120000
5	26120001	26160000
5	26160001	26200000
5	26200001	26240000
5	26240001	26280000
5	26280001	26320000
5	26320001	26360000
5	26360001	26400000
5	26400001	26440000
5	26440001	26480000
5	26480001	26520000
5	26520001	26560000
5	26560001	26600000
5	26600001	26640000
5	26640001	26680000
5	26680001	26720000
5	26720001	26760000
5	26760001	26800000
5	26800001	26840000
5	26840001	26880000
5	26880001	26920000
5	26920001	26960000
5	26960001	27000000
5	27000001	27040000
5	27040001	27080000
5	27080001	27120000
5	27120001	27160000
5	27160001	27200000
5	27200001	27240000
5	27240001	27280000
5	27280001	27320000
5	27320001	27360000
5	27360001	27400000
5	27400001	27440000
5	27440001	27480000
5	27480001	27520000
5	27520001	27560000
5	27560001	27600000
5	27600001	27640000
5	27640001	27680000
5	27680001	27720000
5	27720001	27760000
5	27760001	27800000
5	27800001	27840000
5	27840001	27880000
5	27880001	27920000
5	27920001	27960000
5	27960001	28000000
5	28000001	28040000
5	28040001	28080000
5	28080001	28120000
5	28120001	28160000
5	28160001	28200000
5	28200001	28240000
5	28240001	28280000
5	28280001	28320000
5	28320001	28360000
5	28360001	28400000
5	28400001	28440000
5	28440001	28480000
5	28480001	28520000
5	28520001	28560000
5	28560001	28600000
5	28600001	28640000
5	28640001	28680000
5	28680001	28720000
5	28720001	28760000
5	28760001	28800000
5	28800001	28840000
5	28840001	28880000
5	28880001	28920000
5	28920001	28960000
5	28960001	29000000
5	29000001	29040000
5	29040001	29080000
5	29080001	29120000
5	29120001	29160000
5	29160001	29200000
5	29200001	29240000
5	29240001	29280000
5	29280001	29320000
5	29320001	29360000
5	29360001	29400000
5	29400001	29440000
5	29440001	29480000
5	29480001	29520000
5	29520001	29560000
5	29560001	29600000
5	29600001	29640000
5	29640001	29680000
5	29680001	29720000
5	29720001	29760000
5	29760001	29800000
5	29800001	29840000
5	29840001	29880000
5	29880001	29920000
5	29920001	29960000
5	29960001	30000000
5	30000001	30040000
5	30040001	30080000
5	30080001	30120000
5	30120001	30160000
5	30160001	30200000
5	30200001	30240000
5	30240001	30280000
5	30280001	30320000
5	30320001	30360000
5	30360001	30400000
5	30400001	30440000
5	30440001	30480000
5	30480001	30520000
5	30520001	30560000
5	30560001	30600000
5	30600001	30640000
5	30640001	30680000
5	30680001	30720000
5	30720001	30760000
5	30760001	30800000
5	30800001	30840000
5	30840001	30880000
5	30880001	30920000
5	30920001	30960000
5	30960001	31000000
5	31000001	31040000
5	31040001	31080000
5	31080001	31120000
5	31120001	31160000
5	31160001	31200000
5	31200001	31240000
5	31240001	31280000
5	31280001	31320000
5	31320001	31360000
5	31360001	31400000
5	31400001	31440000
5	31440001	31480000
5	31480001	31520000
5	31520001	31560000
5	31560001	31600000
5	31600001	31640000
5	31640001	31680000
5	31680001	31720000
5	31720001	31760000
5	31760001	31800000
5	31800001	31840000
5	31840001	31880000
5	31880001	31920000
5	31920001	31960000
5	31960001	32000000
5	32000001	32040000
5	32040001	32080000
5	32080001	32120000
5	32120001	32160000
5	32160001	32200000
5	32200001	32240000
5	32240001	32280000
5	32280001	32320000
5	32320001	32360000
5	32360001	32400000
5	32400001	32440000
5	32440001	32480000
5	32480001	32520000
5	32520001	32560000
5	32560001	32600000
5	32600001	32640000
5	32640001	32680000
5	32680001	32720000
5	32720001	32760000
5	32760001	32800000
5	32800001	32840000
5	32840001	32880000
5	32880001	32920000
5	32920001	32960000
5	32960001	33000000
5	33000001	33040000
5	33040001	33080000
5	33080001	33120000
5	33120001	33160000
5	33160001	33200000
5	33200001	33240000
5	33240001	33280000
5	33280001	33320000
5	33320001	33360000
5	33360001	33400000
5	33400001	33440000
5	33440001	33480000
5	33480001	33520000
5	33520001	33560000
5	33560001	33600000
5	33600001	33640000
5	33640001	33680000
5	33680001	33720000
5	33720001	33760000
5	33760001	33800000
5	33800001	33840000
5	33840001	33880000
5	33880001	33920000
5	33920001	33960000
5	33960001	34000000
5	34000001	34040000
5	34040001	34080000
5	34080001	34120000
5	34120001	34160000
5	34160001	34200000
5	34200001	34240000
5	34240001	34280000
5	34280001	34320000
5	34320001	34360000
5	34360001	34400000
5	34400001	34440000
5	34440001	34480000
5	34480001	34520000
5	34520001	34560000
5	34560001	34600000
5	34600001	34640000
5	34640001	34680000
5	34680001	34720000
5	34720001	34760000
5	34760001	34800000
5	34800001	34840000
5	34840001	34880000
5	34880001	34920000
5	34920001	34960000
5	34960001	35000000
5	35000001	35040000
5	35040001	35080000
5	35080001	35120000
5	35120001	35160000
5	35160001	35200000
5	35200001	35240000
5	35240001	35280000
5	35280001	35320000
5	35320001	35360000
5	35360001	35400000
5	35400001	35440000
5	35440001	35480000
5	35480001	35520000
5	35520001	35560000
5	35560001	35600000
5	35600001	35640000
5	35640001	35680000
5	35680001	35720000
5	35720001	35760000
5	35760001	35800000
5	35800001	35840000
5	35840001	35880000
5	35880001	35920000
5	35920001	35960000
5	35960001	36000000
5	36000001	36040000
5	36040001	36080000
5	36080001	36120000
5	36120001	36160000
5	36160001	36200000
5	36200001	36240000
5	36240001	36280000
5	36280001	36320000
5	36320001	36360000
5	36360001	36400000
5	36400001	36440000
5	36440001	36480000
5	36480001	36520000
5	36520001	36560000
5	36560001	36600000
5	36600001	36640000
5	36640001	36680000
5	36680001	36720000
5	36720001	36760000
5	36760001	36800000
5	36800001	36840000
5	36840001	36880000
5	36880001	36920000
5	36920001	36960000
5	36960001	37000000
5	37000001	37040000
5	37040001	37080000
5	37080001	37120000
5	37120001	37160000
5	37160001	37200000
5	37200001	37240000
5	37240001	37280000
5	37280001	37320000
5	37320001	37360000
5	37360001	37400000
5	37400001	37440000
5	37440001	37480000
5	37480001	37520000
5	37520001	37560000
5	37560001	37600000
5	37600001	37640000
5	37640001	37680000
5	37680001	37720000
5	37720001	37760000
5	37760001	37800000
5	37800001	37840000
5	37840001	37880000
5	37880001	37920000
5	37920001	37960000
5	37960001	38000000
5	38000001	38040000
5	38040001	38080000
5	38080001	38120000
5	38120001	38160000
5	38160001	38200000
5	38200001	38240000
5	38240001	38280000
5	38280001	38320000
5	38320001	38360000
5	38360001	38400000
5	38400001	38440000
5	38440001	38480000
5	38480001	38520000
5	38520001	38560000
5	38560001	38600000
5	38600001	38640000
5	38640001	38680000
5	38680001	38720000
5	38720001	38760000
5	38760001	38800000
5	38800001	38840000
5	38840001	38880000
5	38880001	38920000
5	38920001	38960000
5	38960001	39000000
5	39000001	39040000
5	39040001	39080000
5	39080001	39120000
5	39120001	39160000
5	39160001	39200000
5	39200001	39240000
5	39240001	39280000
5	39280001	39320000
5	39320001	39360000
5	39360001	39400000
5	39400001	39440000
5	39440001	39480000
5	39480001	39520000
5	39520001	39560000
5	39560001	39600000
5	39600001	39640000
5	39640001	39680000
5	39680001	39720000
5	39720001	39760000
5	39760001	39800000
5	39800001	39840000
5	39840001	39880000
5	39880001	39920000
5	39920001	39960000
5	39960001	40000000
5	40000001	40040000
5	40040001	40080000
5	40080001	40120000
5	40120001	40160000
5	40160001	40200000
5	40200001	40240000
5	40240001	40280000
5	40280001	40320000
5	40320001	40360000
5	40360001	40400000
5	40400001	40440000
5	40440001	40480000
5	40480001	40520000
5	40520001	40560000
5	40560001	40600000
5	40600001	40640000
5	40640001	40680000
5	40680001	40720000
5	40720001	40760000
5	40760001	40800000
5	40800001	40840000
5	40840001	40880000
5	40880001	40920000
5	40920001	40960000
5	40960001	41000000
5	41000001	41040000
5	41040001	41080000
5	41080001	41120000
5	41120001	41160000
5	41160001	41200000
5	41200001	41240000
5	41240001	41280000
5	41280001	41320000
5	41320001	41360000
5	41360001	41400000
5	41400001	41440000
5	41440001	41480000
5	41480001	41520000
5	41520001	41560000
5	41560001	41600000
5	41600001	41640000
5	41640001	41680000
5	41680001	41720000
5	41720001	41760000
5	41760001	41800000
5	41800001	41840000
5	41840001	41880000
5	41880001	41920000
5	41920001	41960000
5	41960001	42000000
5	42000001	42040000
5	42040001	42080000
5	42080001	42120000
5	42120001	42160000
5	42160001	42200000
5	42200001	42240000
5	42240001	42280000
5	42280001	42320000
5	42320001	42360000
5	42360001	42400000
5	42400001	42440000
5	42440001	42480000
5	42480001	42520000
5	42520001	42560000
5	42560001	42600000
5	42600001	42640000
5	42640001	42680000
5	42680001	42720000
5	42720001	42760000
5	42760001	42800000
5	42800001	42840000
5	42840001	42880000
5	42880001	42920000
5	42920001	42960000
5	42960001	43000000
5	43000001	43040000
5	43040001	43080000
5	43080001	43120000
5	43120001	43160000
5	43160001	43200000
5	43200001	43240000
5	43240001	43280000
5	43280001	43320000
5	43320001	43360000
5	43360001	43400000
5	43400001	43440000
5	43440001	43480000
5	43480001	43520000
5	43520001	43560000
5	43560001	43600000
5	43600001	43640000
5	43640001	43680000
5	43680001	43720000
5	43720001	43760000
5	43760001	43800000
5	43800001	43840000
5	43840001	43880000
5	43880001	43920000
5	43920001	43960000
5	43960001	44000000
5	44000001	44040000
5	44040001	44080000
5	44080001	44120000
5	44120001	44160000
5	44160001	44200000
5	44200001	44240000
5	44240001	44280000
5	44280001	44320000
5	44320001	44360000
5	44360001	44400000
5	44400001	44440000
5	44440001	44480000
5	44480001	44520000
5	44520001	44560000
5	44560001	44600000
5	44600001	44640000
5	44640001	44680000
5	44680001	44720000
5	44720001	44760000
5	44760001	44800000
5	44800001	44840000
5	44840001	44880000
5	44880001	44920000
5	44920001	44960000
5	44960001	45000000
5	45000001	45040000
5	45040001	45080000
5	45080001	45120000
5	45120001	45160000
5	45160001	45200000
5	45200001	45240000
5	45240001	45280000
5	45280001	45320000
5	45320001	45360000
5	45360001	45400000
5	45400001	45440000
5	45440001	45480000
5	45480001	45520000
5	45520001	45560000
5	45560001	45600000
5	45600001	45640000
5	45640001	45680000
5	45680001	45720000
5	45720001	45760000
5	45760001	45800000
5	45800001	45840000
5	45840001	45880000
5	45880001	45920000
5	45920001	45960000
5	45960001	46000000
5	46000001	46040000
5	46040001	46080000
5	46080001	46120000
5	46120001	46160000
5	46160001	46200000
5	46200001	46240000
5	46240001	46280000
5	46280001	46320000
5	46320001	46360000
5	46360001	46400000
5	46400001	46440000
5	46440001	46480000
5	46480001	46520000
5	46520001	46560000
5	46560001	46600000
5	46600001	46640000
5	46640001	46680000
5	46680001	46720000
5	46720001	46760000
5	46760001	46800000
5	46800001	46840000
5	46840001	46880000
5	46880001	46920000
5	46920001	46960000
5	46960001	47000000
5	47000001	47040000
5	47040001	47080000
5	47080001	47120000
5	47120001	47160000
5	47160001	47200000
5	47200001	47240000
5	47240001	47280000
5	47280001	47320000
5	47320001	47360000
5	47360001	47400000
5	47400001	47440000
5	47440001	47480000
5	47480001	47520000
5	47520001	47560000
5	47560001	47600000
5	47600001	47640000
5	47640001	47680000
5	47680001	47720000
5	47720001	47760000
5	47760001	47800000
5	47800001	47840000
5	47840001	47880000
5	47880001	47920000
5	47920001	47960000
5	47960001	48000000
5	48000001	48040000
5	48040001	48080000
5	48080001	48120000
5	48120001	48160000
5	48160001	48200000
5	48200001	48240000
5	48240001	48280000
5	48280001	48320000
5	48320001	48360000
5	48360001	48400000
5	48400001	48440000
5	48440001	48480000
5	48480001	48520000
5	48520001	48560000
5	48560001	48600000
5	48600001	48640000
5	48640001	48680000
5	48680001	48720000
5	48720001	48760000
5	48760001	48800000
5	48800001	48840000
5	48840001	48880000
5	48880001	48920000
5	48920001	48960000
5	48960001	49000000
5	49000001	49040000
5	49040001	49080000
5	49080001	49120000
5	49120001	49160000
5	49160001	49200000
5	49200001	49240000
5	49240001	49280000
5	49280001	49320000
5	49320001	49360000
5	49360001	49400000
5	49400001	49440000
5	49440001	49480000
5	49480001	49520000
5	49520001	49560000
5	49560001	49600000
5	49600001	49640000
5	49640001	49680000
5	49680001	49720000
5	49720001	49760000
5	49760001	49800000
5	49800001	49840000
5	49840001	49880000
5	49880001	49920000
5	49920001	49960000
5	49960001	50000000
5	50000001	50040000
5	50040001	50080000
5	50080001	50120000
5	50120001	50160000
5	50160001	50200000
5	50200001	50240000
5	50240001	50280000
5	50280001	50320000
5	50320001	50360000
5	50360001	50400000
5	50400001	50440000
5	50440001	50480000
5	50480001	50520000
5	50520001	50560000
5	50560001	50600000
5	50600001	50640000
5	50640001	50680000
5	50680001	50720000
5	50720001	50760000
5	50760001	50800000
5	50800001	50840000
5	50840001	50880000
5	50880001	50920000
5	50920001	50960000
5	50960001	51000000
5	51000001	51040000
5	51040001	51080000
5	51080001	51120000
5	51120001	51160000
5	51160001	51200000
5	51200001	51240000
5	51240001	51280000
5	51280001	51320000
5	51320001	51360000
5	51360001	51400000
5	51400001	51440000
5	51440001	51480000
5	51480001	51520000
5	51520001	51560000
5	51560001	51600000
5	51600001	51640000
5	51640001	51680000
5	51680001	51720000
5	51720001	51760000
5	51760001	51800000
5	51800001	51840000
5	51840001	51880000
5	51880001	51920000
5	51920001	51960000
5	51960001	52000000
5	52000001	52040000
5	52040001	52080000
5	52080001	52120000
5	52120001	52160000
5	52160001	52200000
5	52200001	52240000
5	52240001	52280000
5	52280001	52320000
5	52320001	52360000
5	52360001	52400000
5	52400001	52440000
5	52440001	52480000
5	52480001	52520000
5	52520001	52560000
5	52560001	52600000
5	52600001	52640000
5	52640001	52680000
5	52680001	52720000
5	52720001	52760000
5	52760001	52800000
5	52800001	52840000
5	52840001	52880000
5	52880001	52920000
5	52920001	52960000
5	52960001	53000000
5	53000001	53040000
5	53040001	53080000
5	53080001	53120000
5	53120001	53160000
5	53160001	53200000
5	53200001	53240000
5	53240001	53280000
5	53280001	53320000
5	53320001	53360000
5	53360001	53400000
5	53400001	53440000
5	53440001	53480000
5	53480001	53520000
5	53520001	53560000
5	53560001	53600000
5	53600001	53640000
5	53640001	53680000
5	53680001	53720000
5	53720001	53760000
5	53760001	53800000
5	53800001	53840000
5	53840001	53880000
5	53880001	53920000
5	53920001	53960000
5	53960001	54000000
5	54000001	54040000
5	54040001	54080000
5	54080001	54120000
5	54120001	54160000
5	54160001	54200000
5	54200001	54240000
5	54240001	54280000
5	54280001	54320000
5	54320001	54360000
5	54360001	54400000
5	54400001	54440000
5	54440001	54480000
5	54480001	54520000
5	54520001	54560000
5	54560001	54600000
5	54600001	54640000
5	54640001	54680000
5	54680001	54720000
5	54720001	54760000
5	54760001	54800000
5	54800001	54840000
5	54840001	54880000
5	54880001	54920000
5	54920001	54960000
5	54960001	55000000
5	55000001	55040000
5	55040001	55080000
5	55080001	55120000
5	55120001	55160000
5	55160001	55200000
5	55200001	55240000
5	55240001	55280000
5	55280001	55320000
5	55320001	55360000
5	55360001	55400000
5	55400001	55440000
5	55440001	55480000
5	55480001	55520000
5	55520001	55560000
5	55560001	55600000
5	55600001	55640000
5	55640001	55680000
5	55680001	55720000
5	55720001	55760000
5	55760001	55800000
5	55800001	55840000
5	55840001	55880000
5	55880001	55920000
5	55920001	55960000
5	55960001	56000000
5	56000001	56040000
5	56040001	56080000
5	56080001	56120000
5	56120001	56160000
5	56160001	56200000
5	56200001	56240000
5	56240001	56280000
5	56280001	56320000
5	56320001	56360000
5	56360001	56400000
5	56400001	56440000
5	56440001	56480000
5	56480001	56520000
5	56520001	56560000
5	56560001	56600000
5	56600001	56640000
5	56640001	56680000
5	56680001	56720000
5	56720001	56760000
5	56760001	56800000
5	56800001	56840000
5	56840001	56880000
5	56880001	56920000
5	56920001	56960000
5	56960001	57000000
5	57000001	57040000
5	57040001	57080000
5	57080001	57120000
5	57120001	57160000
5	57160001	57200000
5	57200001	57240000
5	57240001	57280000
5	57280001	57320000
5	57320001	57360000
5	57360001	57400000
5	57400001	57440000
5	57440001	57480000
5	57480001	57520000
5	57520001	57560000
5	57560001	57600000
5	57600001	57640000
5	57640001	57680000
5	57680001	57720000
5	57720001	57760000
5	57760001	57800000
5	57800001	57840000
5	57840001	57880000
5	57880001	57920000
5	57920001	57960000
5	57960001	58000000
5	58000001	58040000
5	58040001	58080000
5	58080001	58120000
5	58120001	58160000
5	58160001	58200000
5	58200001	58240000
5	58240001	58280000
5	58280001	58320000
5	58320001	58360000
5	58360001	58400000
5	58400001	58440000
5	58440001	58480000
5	58480001	58520000
5	58520001	58560000
5	58560001	58600000
5	58600001	58640000
5	58640001	58680000
5	58680001	58720000
5	58720001	58760000
5	58760001	58800000
5	58800001	58840000
5	58840001	58880000
5	58880001	58920000
5	58920001	58960000
5	58960001	59000000
5	59000001	59040000
5	59040001	59080000
5	59080001	59120000
5	59120001	59160000
5	59160001	59200000
5	59200001	59240000
5	59240001	59280000
5	59280001	59320000
5	59320001	59360000
5	59360001	59400000
5	59400001	59440000
5	59440001	59480000
5	59480001	59520000
5	59520001	59560000
5	59560001	59600000
5	59600001	59640000
5	59640001	59680000
5	59680001	59720000
5	59720001	59760000
5	59760001	59800000
5	59800001	59840000
5	59840001	59880000
5	59880001	59920000
5	59920001	59960000
5	59960001	60000000
5	60000001	60040000
5	60040001	60080000
5	60080001	60120000
5	60120001	60160000
5	60160001	60200000
5	60200001	60240000
5	60240001	60280000
5	60280001	60320000
5	60320001	60360000
5	60360001	60400000
5	60400001	60440000
5	60440001	60480000
5	60480001	60520000
5	60520001	60560000
5	60560001	60600000
5	60600001	60640000
5	60640001	60680000
5	60680001	60720000
5	60720001	60760000
5	60760001	60800000
5	60800001	60840000
5	60840001	60880000
5	60880001	60920000
5	60920001	60960000
5	60960001	61000000
5	61000001	61040000
5	61040001	61080000
5	61080001	61120000
5	61120001	61160000
5	61160001	61200000
5	61200001	61240000
5	61240001	61280000
5	61280001	61320000
5	61320001	61360000
5	61360001	61400000
5	61400001	61440000
5	61440001	61480000
5	61480001	61520000
5	61520001	61560000
5	61560001	61600000
5	61600001	61640000
5	61640001	61680000
5	61680001	61720000
5	61720001	61760000
5	61760001	61800000
5	61800001	61840000
5	61840001	61880000
5	61880001	61920000
5	61920001	61960000
5	61960001	62000000
5	62000001	62040000
5	62040001	62080000
5	62080001	62120000
5	62120001	62160000
5	62160001	62200000
5	62200001	62240000
5	62240001	62280000
5	62280001	62320000
5	62320001	62360000
5	62360001	62400000
5	62400001	62440000
5	62440001	62480000
5	62480001	62520000
5	62520001	62560000
5	62560001	62600000
5	62600001	62640000
5	62640001	62680000
5	62680001	62720000
5	62720001	62760000
5	62760001	62800000
5	62800001	62840000
5	62840001	62880000
5	62880001	62920000
5	62920001	62960000
5	62960001	63000000
5	63000001	63040000
5	63040001	63080000
5	63080001	63120000
5	63120001	63160000
5	63160001	63200000
5	63200001	63240000
5	63240001	63280000
5	63280001	63320000
5	63320001	63360000
5	63360001	63400000
5	63400001	63440000
5	63440001	63480000
5	63480001	63520000
5	63520001	63560000
5	63560001	63600000
5	63600001	63640000
5	63640001	63680000
5	63680001	63720000
5	63720001	63760000
5	63760001	63800000
5	63800001	63840000
5	63840001	63880000
5	63880001	63920000
5	63920001	63960000
5	63960001	64000000
5	64000001	64040000
5	64040001	64080000
5	64080001	64120000
5	64120001	64160000
5	64160001	64200000
5	64200001	64240000
5	64240001	64280000
5	64280001	64320000
5	64320001	64360000
5	64360001	64400000
5	64400001	64440000
5	64440001	64480000
5	64480001	64520000
5	64520001	64560000
5	64560001	64600000
5	64600001	64640000
5	64640001	64680000
5	64680001	64720000
5	64720001	64760000
5	64760001	64800000
5	64800001	64840000
5	64840001	64880000
5	64880001	64920000
5	64920001	64960000
5	64960001	65000000
5	65000001	65040000
5	65040001	65080000
5	65080001	65120000
5	65120001	65160000
5	65160001	65200000
5	65200001	65240000
5	65240001	65280000
5	65280001	65320000
5	65320001	65360000
5	65360001	65400000
5	65400001	65440000
5	65440001	65480000
5	65480001	65520000
5	65520001	65560000
5	65560001	65600000
5	65600001	65640000
5	65640001	65680000
5	65680001	65720000
5	65720001	65760000
5	65760001	65800000
5	65800001	65840000
5	65840001	65880000
5	65880001	65920000
5	65920001	65960000
5	65960001	66000000
5	66000001	66040000
5	66040001	66080000
5	66080001	66120000
5	66120001	66160000
5	66160001	66200000
5	66200001	66240000
5	66240001	66280000
5	66280001	66320000
5	66320001	66360000
5	66360001	66400000
5	66400001	66440000
5	66440001	66480000
5	66480001	66520000
5	66520001	66560000
5	66560001	66600000
5	66600001	66640000
5	66640001	66680000
5	66680001	66720000
5	66720001	66760000
5	66760001	66800000
5	66800001	66840000
5	66840001	66880000
5	66880001	66920000
5	66920001	66960000
5	66960001	67000000
5	67000001	67040000
5	67040001	67080000
5	67080001	67120000
5	67120001	67160000
5	67160001	67200000
5	67200001	67240000
5	67240001	67280000
5	67280001	67320000
5	67320001	67360000
5	67360001	67400000
5	67400001	67440000
5	67440001	67480000
5	67480001	67520000
5	67520001	67560000
5	67560001	67600000
5	67600001	67640000
5	67640001	67680000
5	67680001	67720000
5	67720001	67760000
5	67760001	67800000
5	67800001	67840000
5	67840001	67880000
5	67880001	67920000
5	67920001	67960000
5	67960001	68000000
5	68000001	68040000
5	68040001	68080000
5	68080001	68120000
5	68120001	68160000
5	68160001	68200000
5	68200001	68240000
5	68240001	68280000
5	68280001	68320000
5	68320001	68360000
5	68360001	68400000
5	68400001	68440000
5	68440001	68480000
5	68480001	68520000
5	68520001	68560000
5	68560001	68600000
5	68600001	68640000
5	68640001	68680000
5	68680001	68720000
5	68720001	68760000
5	68760001	68800000
5	68800001	68840000
5	68840001	68880000
5	68880001	68920000
5	68920001	68960000
5	68960001	69000000
5	69000001	69040000
5	69040001	69080000
5	69080001	69120000
5	69120001	69160000
5	69160001	69200000
5	69200001	69240000
5	69240001	69280000
5	69280001	69320000
5	69320001	69360000
5	69360001	69400000
5	69400001	69440000
5	69440001	69480000
5	69480001	69520000
5	69520001	69560000
5	69560001	69600000
5	69600001	69640000
5	69640001	69680000
5	69680001	69720000
5	69720001	69760000
5	69760001	69800000
5	69800001	69840000
5	69840001	69880000
5	69880001	69920000
5	69920001	69960000
5	69960001	70000000
5	70000001	70040000
5	70040001	70080000
5	70080001	70120000
5	70120001	70160000
5	70160001	70200000
5	70200001	70240000
5	70240001	70280000
5	70280001	70320000
5	70320001	70360000
5	70360001	70400000
5	70400001	70440000
5	70440001	70480000
5	70480001	70520000
5	70520001	70560000
5	70560001	70600000
5	70600001	70640000
5	70640001	70680000
5	70680001	70720000
5	70720001	70760000
5	70760001	70800000
5	70800001	70840000
5	70840001	70880000
5	70880001	70920000
5	70920001	70960000
5	70960001	71000000
5	71000001	71040000
5	71040001	71080000
5	71080001	71120000
5	71120001	71160000
5	71160001	71200000
5	71200001	71240000
5	71240001	71280000
5	71280001	71320000
5	71320001	71360000
5	71360001	71400000
5	71400001	71440000
5	71440001	71480000
5	71480001	71520000
5	71520001	71560000
5	71560001	71600000
5	71600001	71640000
5	71640001	71680000
5	71680001	71720000
5	71720001	71760000
5	71760001	71800000
5	71800001	71840000
5	71840001	71880000
5	71880001	71920000
5	71920001	71960000
5	71960001	72000000
5	72000001	72040000
5	72040001	72080000
5	72080001	72120000
5	72120001	72160000
5	72160001	72200000
5	72200001	72240000
5	72240001	72280000
5	72280001	72320000
5	72320001	72360000
5	72360001	72400000
5	72400001	72440000
5	72440001	72480000
5	72480001	72520000
5	72520001	72560000
5	72560001	72600000
5	72600001	72640000
5	72640001	72680000
5	72680001	72720000
5	72720001	72760000
5	72760001	72800000
5	72800001	72840000
5	72840001	72880000
5	72880001	72920000
5	72920001	72960000
5	72960001	73000000
5	73000001	73040000
5	73040001	73080000
5	73080001	73120000
5	73120001	73160000
5	73160001	73200000
5	73200001	73240000
5	73240001	73280000
5	73280001	73320000
5	73320001	73360000
5	73360001	73400000
5	73400001	73440000
5	73440001	73480000
5	73480001	73520000
5	73520001	73560000
5	73560001	73600000
5	73600001	73640000
5	73640001	73680000
5	73680001	73720000
5	73720001	73760000
5	73760001	73800000
5	73800001	73840000
5	73840001	73880000
5	73880001	73920000
5	73920001	73960000
5	73960001	74000000
5	74000001	74040000
5	74040001	74080000
5	74080001	74120000
5	74120001	74160000
5	74160001	74200000
5	74200001	74240000
5	74240001	74280000
5	74280001	74320000
5	74320001	74360000
5	74360001	74400000
5	74400001	74440000
5	74440001	74480000
5	74480001	74520000
5	74520001	74560000
5	74560001	74600000
5	74600001	74640000
5	74640001	74680000
5	74680001	74720000
5	74720001	74760000
5	74760001	74800000
5	74800001	74840000
5	74840001	74880000
5	74880001	74920000
5	74920001	74960000
5	74960001	75000000
5	75000001	75040000
5	75040001	75080000
5	75080001	75120000
5	75120001	75160000
5	75160001	75200000
5	75200001	75240000
5	75240001	75280000
5	75280001	75320000
5	75320001	75360000
5	75360001	75400000
5	75400001	75440000
5	75440001	75480000
5	75480001	75520000
5	75520001	75560000
5	75560001	75600000
5	75600001	75640000
5	75640001	75680000
5	75680001	75720000
5	75720001	75760000
5	75760001	75800000
5	75800001	75840000
5	75840001	75880000
5	75880001	75920000
5	75920001	75960000
5	75960001	76000000
5	76000001	76040000
5	76040001	76080000
5	76080001	76120000
5	76120001	76160000
5	76160001	76200000
5	76200001	76240000
5	76240001	76280000
5	76280001	76320000
5	76320001	76360000
5	76360001	76400000
5	76400001	76440000
5	76440001	76480000
5	76480001	76520000
5	76520001	76560000
5	76560001	76600000
5	76600001	76640000
5	76640001	76680000
5	76680001	76720000
5	76720001	76760000
5	76760001	76800000
5	76800001	76840000
5	76840001	76880000
5	76880001	76920000
5	76920001	76960000
5	76960001	77000000
5	77000001	77040000
5	77040001	77080000
5	77080001	77120000
5	77120001	77160000
5	77160001	77200000
5	77200001	77240000
5	77240001	77280000
5	77280001	77320000
5	77320001	77360000
5	77360001	77400000
5	77400001	77440000
5	77440001	77480000
5	77480001	77520000
5	77520001	77560000
5	77560001	77600000
5	77600001	77640000
5	77640001	77680000
5	77680001	77720000
5	77720001	77760000
5	77760001	77800000
5	77800001	77840000
5	77840001	77880000
5	77880001	77920000
5	77920001	77960000
5	77960001	78000000
5	78000001	78040000
5	78040001	78080000
5	78080001	78120000
5	78120001	78160000
5	78160001	78200000
5	78200001	78240000
5	78240001	78280000
5	78280001	78320000
5	78320001	78360000
5	78360001	78400000
5	78400001	78440000
5	78440001	78480000
5	78480001	78520000
5	78520001	78560000
5	78560001	78600000
5	78600001	78640000
5	78640001	78680000
5	78680001	78720000
5	78720001	78760000
5	78760001	78800000
5	78800001	78840000
5	78840001	78880000
5	78880001	78920000
5	78920001	78960000
5	78960001	79000000
5	79000001	79040000
5	79040001	79080000
5	79080001	79120000
5	79120001	79160000
5	79160001	79200000
5	79200001	79240000
5	79240001	79280000
5	79280001	79320000
5	79320001	79360000
5	79360001	79400000
5	79400001	79440000
5	79440001	79480000
5	79480001	79520000
5	79520001	79560000
5	79560001	79600000
5	79600001	79640000
5	79640001	79680000
5	79680001	79720000
5	79720001	79760000
5	79760001	79800000
5	79800001	79840000
5	79840001	79880000
5	79880001	79920000
5	79920001	79960000
5	79960001	80000000
5	80000001	80040000
5	80040001	80080000
5	80080001	80120000
5	80120001	80160000
5	80160001	80200000
5	80200001	80240000
5	80240001	80280000
5	80280001	80320000
5	80320001	80360000
5	80360001	80400000
5	80400001	80440000
5	80440001	80480000
5	80480001	80520000
5	80520001	80560000
5	80560001	80600000
5	80600001	80640000
5	80640001	80680000
5	80680001	80720000
5	80720001	80760000
5	80760001	80800000
5	80800001	80840000
5	80840001	80880000
5	80880001	80920000
5	80920001	80960000
5	80960001	81000000
5	81000001	81040000
5	81040001	81080000
5	81080001	81120000
5	81120001	81160000
5	81160001	81200000
5	81200001	81240000
5	81240001	81280000
5	81280001	81320000
5	81320001	81360000
5	81360001	81400000
5	81400001	81440000
5	81440001	81480000
5	81480001	81520000
5	81520001	81560000
5	81560001	81600000
5	81600001	81640000
5	81640001	81680000
5	81680001	81720000
5	81720001	81760000
5	81760001	81800000
5	81800001	81840000
5	81840001	81880000
5	81880001	81920000
5	81920001	81960000
5	81960001	82000000
5	82000001	82040000
5	82040001	82080000
5	82080001	82120000
5	82120001	82160000
5	82160001	82200000
5	82200001	82240000
5	82240001	82280000
5	82280001	82320000
5	82320001	82360000
5	82360001	82400000
5	82400001	82440000
5	82440001	82480000
5	82480001	82520000
5	82520001	82560000
5	82560001	82600000
5	82600001	82640000
5	82640001	82680000
5	82680001	82720000
5	82720001	82760000
5	82760001	82800000
5	82800001	82840000
5	82840001	82880000
5	82880001	82920000
5	82920001	82960000
5	82960001	83000000
5	83000001	83040000
5	83040001	83080000
5	83080001	83120000
5	83120001	83160000
5	83160001	83200000
5	83200001	83240000
5	83240001	83280000
5	83280001	83320000
5	83320001	83360000
5	83360001	83400000
5	83400001	83440000
5	83440001	83480000
5	83480001	83520000
5	83520001	83560000
5	83560001	83600000
5	83600001	83640000
5	83640001	83680000
5	83680001	83720000
5	83720001	83760000
5	83760001	83800000
5	83800001	83840000
5	83840001	83880000
5	83880001	83920000
5	83920001	83960000
5	83960001	84000000
5	84000001	84040000
5	84040001	84080000
5	84080001	84120000
5	84120001	84160000
5	84160001	84200000
5	84200001	84240000
5	84240001	84280000
5	84280001	84320000
5	84320001	84360000
5	84360001	84400000
5	84400001	84440000
5	84440001	84480000
5	84480001	84520000
5	84520001	84560000
5	84560001	84600000
5	84600001	84640000
5	84640001	84680000
5	84680001	84720000
5	84720001	84760000
5	84760001	84800000
5	84800001	84840000
5	84840001	84880000
5	84880001	84920000
5	84920001	84960000
5	84960001	85000000
5	85000001	85040000
5	85040001	85080000
5	85080001	85120000
5	85120001	85160000
5	85160001	85200000
5	85200001	85240000
5	85240001	85280000
5	85280001	85320000
5	85320001	85360000
5	85360001	85400000
5	85400001	85440000
5	85440001	85480000
5	85480001	85520000
5	85520001	85560000
5	85560001	85600000
5	85600001	85640000
5	85640001	85680000
5	85680001	85720000
5	85720001	85760000
5	85760001	85800000
5	85800001	85840000
5	85840001	85880000
5	85880001	85920000
5	85920001	85960000
5	85960001	86000000
5	86000001	86040000
5	86040001	86080000
5	86080001	86120000
5	86120001	86160000
5	86160001	86200000
5	86200001	86240000
5	86240001	86280000
5	86280001	86320000
5	86320001	86360000
5	86360001	86400000
5	86400001	86440000
5	86440001	86480000
5	86480001	86520000
5	86520001	86560000
5	86560001	86600000
5	86600001	86640000
5	86640001	86680000
5	86680001	86720000
5	86720001	86760000
5	86760001	86800000
5	86800001	86840000
5	86840001	86880000
5	86880001	86920000
5	86920001	86960000
5	86960001	87000000
5	87000001	87040000
5	87040001	87080000
5	87080001	87120000
5	87120001	87160000
5	87160001	87200000
5	87200001	87240000
5	87240001	87280000
5	87280001	87320000
5	87320001	87360000
5	87360001	87400000
5	87400001	87440000
5	87440001	87480000
5	87480001	87520000
5	87520001	87560000
5	87560001	87600000
5	87600001	87640000
5	87640001	87680000
5	87680001	87720000
5	87720001	87760000
5	87760001	87800000
5	87800001	87840000
5	87840001	87880000
5	87880001	87920000
5	87920001	87960000
5	87960001	88000000
5	88000001	88040000
5	88040001	88080000
5	88080001	88120000
5	88120001	88160000
5	88160001	88200000
5	88200001	88240000
5	88240001	88280000
5	88280001	88320000
5	88320001	88360000
5	88360001	88400000
5	88400001	88440000
5	88440001	88480000
5	88480001	88520000
5	88520001	88560000
5	88560001	88600000
5	88600001	88640000
5	88640001	88680000
5	88680001	88720000
5	88720001	88760000
5	88760001	88800000
5	88800001	88840000
5	88840001	88880000
5	88880001	88920000
5	88920001	88960000
5	88960001	89000000
5	89000001	89040000
5	89040001	89080000
5	89080001	89120000
5	89120001	89160000
5	89160001	89200000
5	89200001	89240000
5	89240001	89280000
5	89280001	89320000
5	89320001	89360000
5	89360001	89400000
5	89400001	89440000
5	89440001	89480000
5	89480001	89520000
5	89520001	89560000
5	89560001	89600000
5	89600001	89640000
5	89640001	89680000
5	89680001	89720000
5	89720001	89760000
5	89760001	89800000
5	89800001	89840000
5	89840001	89880000
5	89880001	89920000
5	89920001	89960000
5	89960001	90000000
5	90000001	90040000
5	90040001	90080000
5	90080001	90120000
5	90120001	90160000
5	90160001	90200000
5	90200001	90240000
5	90240001	90280000
5	90280001	90320000
5	90320001	90360000
5	90360001	90400000
5	90400001	90440000
5	90440001	90480000
5	90480001	90520000
5	90520001	90560000
5	90560001	90600000
5	90600001	90640000
5	90640001	90680000
5	90680001	90720000
5	90720001	90760000
5	90760001	90800000
5	90800001	90840000
5	90840001	90880000
5	90880001	90920000
5	90920001	90960000
5	90960001	91000000
5	91000001	91040000
5	91040001	91080000
5	91080001	91120000
5	91120001	91160000
5	91160001	91200000
5	91200001	91240000
5	91240001	91280000
5	91280001	91320000
5	91320001	91360000
5	91360001	91400000
5	91400001	91440000
5	91440001	91480000
5	91480001	91520000
5	91520001	91560000
5	91560001	91600000
5	91600001	91640000
5	91640001	91680000
5	91680001	91720000
5	91720001	91760000
5	91760001	91800000
5	91800001	91840000
5	91840001	91880000
5	91880001	91920000
5	91920001	91960000
5	91960001	92000000
5	92000001	92040000
5	92040001	92080000
5	92080001	92120000
5	92120001	92160000
5	92160001	92200000
5	92200001	92240000
5	92240001	92280000
5	92280001	92320000
5	92320001	92360000
5	92360001	92400000
5	92400001	92440000
5	92440001	92480000
5	92480001	92520000
5	92520001	92560000
5	92560001	92600000
5	92600001	92640000
5	92640001	92680000
5	92680001	92720000
5	92720001	92760000
5	92760001	92800000
5	92800001	92840000
5	92840001	92880000
5	92880001	92920000
5	92920001	92960000
5	92960001	93000000
5	93000001	93040000
5	93040001	93080000
5	93080001	93120000
5	93120001	93160000
5	93160001	93200000
5	93200001	93240000
5	93240001	93280000
5	93280001	93320000
5	93320001	93360000
5	93360001	93400000
5	93400001	93440000
5	93440001	93480000
5	93480001	93520000
5	93520001	93560000
5	93560001	93600000
5	93600001	93640000
5	93640001	93680000
5	93680001	93720000
5	93720001	93760000
5	93760001	93800000
5	93800001	93840000
5	93840001	93880000
5	93880001	93920000
5	93920001	93960000
5	93960001	94000000
5	94000001	94040000
5	94040001	94080000
5	94080001	94120000
5	94120001	94160000
5	94160001	94200000
5	94200001	94240000
5	94240001	94280000
5	94280001	94320000
5	94320001	94360000
5	94360001	94400000
5	94400001	94440000
5	94440001	94480000
5	94480001	94520000
5	94520001	94560000
5	94560001	94600000
5	94600001	94640000
5	94640001	94680000
5	94680001	94720000
5	94720001	94760000
5	94760001	94800000
5	94800001	94840000
5	94840001	94880000
5	94880001	94920000
5	94920001	94960000
5	94960001	95000000
5	95000001	95040000
5	95040001	95080000
5	95080001	95120000
5	95120001	95160000
5	95160001	95200000
5	95200001	95240000
5	95240001	95280000
5	95280001	95320000
5	95320001	95360000
5	95360001	95400000
5	95400001	95440000
5	95440001	95480000
5	95480001	95520000
5	95520001	95560000
5	95560001	95600000
5	95600001	95640000
5	95640001	95680000
5	95680001	95720000
5	95720001	95760000
5	95760001	95800000
5	95800001	95840000
5	95840001	95880000
5	95880001	95920000
5	95920001	95960000
5	95960001	96000000
5	96000001	96040000
5	96040001	96080000
5	96080001	96120000
5	96120001	96160000
5	96160001	96200000
5	96200001	96240000
5	96240001	96280000
5	96280001	96320000
5	96320001	96360000
5	96360001	96400000
5	96400001	96440000
5	96440001	96480000
5	96480001	96520000
5	96520001	96560000
5	96560001	96600000
5	96600001	96640000
5	96640001	96680000
5	96680001	96720000
5	96720001	96760000
5	96760001	96800000
5	96800001	96840000
5	96840001	96880000
5	96880001	96920000
5	96920001	96960000
5	96960001	97000000
5	97000001	97040000
5	97040001	97080000
5	97080001	97120000
5	97120001	97160000
5	97160001	97200000
5	97200001	97240000
5	97240001	97280000
5	97280001	97320000
5	97320001	97360000
5	97360001	97400000
5	97400001	97440000
5	97440001	97480000
5	97480001	97520000
5	97520001	97560000
5	97560001	97600000
5	97600001	97640000
5	97640001	97680000
5	97680001	97720000
5	97720001	97760000
5	97760001	97800000
5	97800001	97840000
5	97840001	97880000
5	97880001	97920000
5	97920001	97960000
5	97960001	98000000
5	98000001	98040000
5	98040001	98080000
5	98080001	98120000
5	98120001	98160000
5	98160001	98200000
5	98200001	98240000
5	98240001	98280000
5	98280001	98320000
5	98320001	98360000
5	98360001	98400000
5	98400001	98440000
5	98440001	98480000
5	98480001	98520000
5	98520001	98560000
5	98560001	98600000
5	98600001	98640000
5	98640001	98680000
5	98680001	98720000
5	98720001	98760000
5	98760001	98800000
5	98800001	98840000
5	98840001	98880000
5	98880001	98920000
5	98920001	98960000
5	98960001	99000000
5	99000001	99040000
5	99040001	99080000
5	99080001	99120000
5	99120001	99160000
5	99160001	99200000
5	99200001	99240000
5	99240001	99280000
5	99280001	99320000
5	99320001	99360000
5	99360001	99400000
5	99400001	99440000
5	99440001	99480000
5	99480001	99520000
5	99520001	99560000
5	99560001	99600000
5	99600001	99640000
5	99640001	99680000
5	99680001	99720000
5	99720001	99760000
5	99760001	99800000
5	99800001	99840000
5	99840001	99880000
5	99880001	99920000
5	99920001	99960000
5	99960001	100000000
5	100000001	100040000
5	100040001	100080000
5	100080001	100120000
5	100120001	100160000
5	100160001	100200000
5	100200001	100240000
5	100240001	100280000
5	100280001	100320000
5	100320001	100360000
5	100360001	100400000
5	100400001	100440000
5	100440001	100480000
5	100480001	100520000
5	100520001	100560000
5	100560001	100600000
5	100600001	100640000
5	100640001	100680000
5	100680001	100720000
5	100720001	100760000
5	100760001	100800000
5	100800001	100840000
5	100840001	100880000
5	100880001	100920000
5	100920001	100960000
5	100960001	101000000
5	101000001	101040000
5	101040001	101080000
5	101080001	101120000
5	101120001	101160000
5	101160001	101200000
5	101200001	101240000
5	101240001	101280000
5	101280001	101320000
5	101320001	101360000
5	101360001	101400000
5	101400001	101440000
5	101440001	101480000
5	101480001	101520000
5	101520001	101560000
5	101560001	101600000
5	101600001	101640000
5	101640001	101680000
5	101680001	101720000
5	101720001	101760000
5	101760001	101800000
5	101800001	101840000
5	101840001	101880000
5	101880001	101920000
5	101920001	101960000
5	101960001	102000000
5	102000001	102040000
5	102040001	102080000
5	102080001	102120000
5	102120001	102160000
5	102160001	102200000
5	102200001	102240000
5	102240001	102280000
5	102280001	102320000
5	102320001	102360000
5	102360001	102400000
5	102400001	102440000
5	102440001	102480000
5	102480001	102520000
5	102520001	102560000
5	102560001	102600000
5	102600001	102640000
5	102640001	102680000
5	102680001	102720000
5	102720001	102760000
5	102760001	102800000
5	102800001	102840000
5	102840001	102880000
5	102880001	102920000
5	102920001	102960000
5	102960001	103000000
5	103000001	103040000
5	103040001	103080000
5	103080001	103120000
5	103120001	103160000
5	103160001	103200000
5	103200001	103240000
5	103240001	103280000
5	103280001	103320000
5	103320001	103360000
5	103360001	103400000
5	103400001	103440000
5	103440001	103480000
5	103480001	103520000
5	103520001	103560000
5	103560001	103600000
5	103600001	103640000
5	103640001	103680000
5	103680001	103720000
5	103720001	103760000
5	103760001	103800000
5	103800001	103840000
5	103840001	103880000
5	103880001	103920000
5	103920001	103960000
5	103960001	104000000
5	104000001	104040000
5	104040001	104080000
5	104080001	104120000
5	104120001	104160000
5	104160001	104200000
5	104200001	104240000
5	104240001	104280000
5	104280001	104320000
5	104320001	104360000
5	104360001	104400000
5	104400001	104440000
5	104440001	104480000
5	104480001	104520000
5	104520001	104560000
5	104560001	104600000
5	104600001	104640000
5	104640001	104680000
5	104680001	104720000
5	104720001	104760000
5	104760001	104800000
5	104800001	104840000
5	104840001	104880000
5	104880001	104920000
5	104920001	104960000
5	104960001	105000000
5	105000001	105040000
5	105040001	105080000
5	105080001	105120000
5	105120001	105160000
5	105160001	105200000
5	105200001	105240000
5	105240001	105280000
5	105280001	105320000
5	105320001	105360000
5	105360001	105400000
5	105400001	105440000
5	105440001	105480000
5	105480001	105520000
5	105520001	105560000
5	105560001	105600000
5	105600001	105640000
5	105640001	105680000
5	105680001	105720000
5	105720001	105760000
5	105760001	105800000
5	105800001	105840000
5	105840001	105880000
5	105880001	105920000
5	105920001	105960000
5	105960001	106000000
5	106000001	106040000
5	106040001	106080000
5	106080001	106120000
5	106120001	106160000
5	106160001	106200000
5	106200001	106240000
5	106240001	106280000
5	106280001	106320000
5	106320001	106360000
5	106360001	106400000
5	106400001	106440000
5	106440001	106480000
5	106480001	106520000
5	106520001	106560000
5	106560001	106600000
5	106600001	106640000
5	106640001	106680000
5	106680001	106720000
5	106720001	106760000
5	106760001	106800000
5	106800001	106840000
5	106840001	106880000
5	106880001	106920000
5	106920001	106960000
5	106960001	107000000
5	107000001	107040000
5	107040001	107080000
5	107080001	107120000
5	107120001	107160000
5	107160001	107200000
5	107200001	107240000
5	107240001	107280000
5	107280001	107320000
5	107320001	107360000
5	107360001	107400000
5	107400001	107440000
5	107440001	107480000
5	107480001	107520000
5	107520001	107560000
5	107560001	107600000
5	107600001	107640000
5	107640001	107680000
5	107680001	107720000
5	107720001	107760000
5	107760001	107800000
5	107800001	107840000
5	107840001	107880000
5	107880001	107920000
5	107920001	107960000
5	107960001	108000000
5	108000001	108040000
5	108040001	108080000
5	108080001	108120000
5	108120001	108160000
5	108160001	108200000
5	108200001	108240000
5	108240001	108280000
5	108280001	108320000
5	108320001	108360000
5	108360001	108400000
5	108400001	108440000
5	108440001	108480000
5	108480001	108520000
5	108520001	108560000
5	108560001	108600000
5	108600001	108640000
5	108640001	108680000
5	108680001	108720000
5	108720001	108760000
5	108760001	108800000
5	108800001	108840000
5	108840001	108880000
5	108880001	108920000
5	108920001	108960000
5	108960001	109000000
5	109000001	109040000
5	109040001	109080000
5	109080001	109120000
5	109120001	109160000
5	109160001	109200000
5	109200001	109240000
5	109240001	109280000
5	109280001	109320000
5	109320001	109360000
5	109360001	109400000
5	109400001	109440000
5	109440001	109480000
5	109480001	109520000
5	109520001	109560000
5	109560001	109600000
5	109600001	109640000
5	109640001	109680000
5	109680001	109720000
5	109720001	109760000
5	109760001	109800000
5	109800001	109840000
5	109840001	109880000
5	109880001	109920000
5	109920001	109960000
5	109960001	110000000
5	110000001	110040000
5	110040001	110080000
5	110080001	110120000
5	110120001	110160000
5	110160001	110200000
5	110200001	110240000
5	110240001	110280000
5	110280001	110320000
5	110320001	110360000
5	110360001	110400000
5	110400001	110440000
5	110440001	110480000
5	110480001	110520000
5	110520001	110560000
5	110560001	110600000
5	110600001	110640000
5	110640001	110680000
5	110680001	110720000
5	110720001	110760000
5	110760001	110800000
5	110800001	110840000
5	110840001	110880000
5	110880001	110920000
5	110920001	110960000
5	110960001	111000000
5	111000001	111040000
5	111040001	111080000
5	111080001	111120000
5	111120001	111160000
5	111160001	111200000
5	111200001	111240000
5	111240001	111280000
5	111280001	111320000
5	111320001	111360000
5	111360001	111400000
5	111400001	111440000
5	111440001	111480000
5	111480001	111520000
5	111520001	111560000
5	111560001	111600000
5	111600001	111640000
5	111640001	111680000
5	111680001	111720000
5	111720001	111760000
5	111760001	111800000
5	111800001	111840000
5	111840001	111880000
5	111880001	111920000
5	111920001	111960000
5	111960001	112000000
5	112000001	112040000
5	112040001	112080000
5	112080001	112120000
5	112120001	112160000
5	112160001	112200000
5	112200001	112240000
5	112240001	112280000
5	112280001	112320000
5	112320001	112360000
5	112360001	112400000
5	112400001	112440000
5	112440001	112480000
5	112480001	112520000
5	112520001	112560000
5	112560001	112600000
5	112600001	112640000
5	112640001	112680000
5	112680001	112720000
5	112720001	112760000
5	112760001	112800000
5	112800001	112840000
5	112840001	112880000
5	112880001	112920000
5	112920001	112960000
5	112960001	113000000
5	113000001	113040000
5	113040001	113080000
5	113080001	113120000
5	113120001	113160000
5	113160001	113200000
5	113200001	113240000
5	113240001	113280000
5	113280001	113320000
5	113320001	113360000
5	113360001	113400000
5	113400001	113440000
5	113440001	113480000
5	113480001	113520000
5	113520001	113560000
5	113560001	113600000
5	113600001	113640000
5	113640001	113680000
5	113680001	113720000
5	113720001	113760000
5	113760001	113800000
5	113800001	113840000
5	113840001	113880000
5	113880001	113920000
5	113920001	113960000
5	113960001	114000000
5	114000001	114040000
5	114040001	114080000
5	114080001	114120000
5	114120001	114160000
5	114160001	114200000
5	114200001	114240000
5	114240001	114280000
5	114280001	114320000
5	114320001	114360000
5	114360001	114400000
5	114400001	114440000
5	114440001	114480000
5	114480001	114520000
5	114520001	114560000
5	114560001	114600000
5	114600001	114640000
5	114640001	114680000
5	114680001	114720000
5	114720001	114760000
5	114760001	114800000
5	114800001	114840000
5	114840001	114880000
5	114880001	114920000
5	114920001	114960000
5	114960001	115000000
5	115000001	115040000
5	115040001	115080000
5	115080001	115120000
5	115120001	115160000
5	115160001	115200000
5	115200001	115240000
5	115240001	115280000
5	115280001	115320000
5	115320001	115360000
5	115360001	115400000
5	115400001	115440000
5	115440001	115480000
5	115480001	115520000
5	115520001	115560000
5	115560001	115600000
5	115600001	115640000
5	115640001	115680000
5	115680001	115720000
5	115720001	115760000
5	115760001	115800000
5	115800001	115840000
5	115840001	115880000
5	115880001	115920000
5	115920001	115960000
5	115960001	116000000
5	116000001	116040000
5	116040001	116080000
5	116080001	116120000
5	116120001	116160000
5	116160001	116200000
5	116200001	116240000
5	116240001	116280000
5	116280001	116320000
5	116320001	116360000
5	116360001	116400000
5	116400001	116440000
5	116440001	116480000
5	116480001	116520000
5	116520001	116560000
5	116560001	116600000
5	116600001	116640000
5	116640001	116680000
5	116680001	116720000
5	116720001	116760000
5	116760001	116800000
5	116800001	116840000
5	116840001	116880000
5	116880001	116920000
5	116920001	116960000
5	116960001	117000000
5	117000001	117040000
5	117040001	117080000
5	117080001	117120000
5	117120001	117160000
5	117160001	117200000
5	117200001	117240000
5	117240001	117280000
5	117280001	117320000
5	117320001	117360000
5	117360001	117400000
5	117400001	117440000
5	117440001	117480000
5	117480001	117520000
5	117520001	117560000
5	117560001	117600000
5	117600001	117640000
5	117640001	117680000
5	117680001	117720000
5	117720001	117760000
5	117760001	117800000
5	117800001	117840000
5	117840001	117880000
5	117880001	117920000
5	117920001	117960000
5	117960001	118000000
5	118000001	118040000
5	118040001	118080000
5	118080001	118120000
5	118120001	118160000
5	118160001	118200000
5	118200001	118240000
5	118240001	118280000
5	118280001	118320000
5	118320001	118360000
5	118360001	118400000
5	118400001	118440000
5	118440001	118480000
5	118480001	118520000
5	118520001	118560000
5	118560001	118600000
5	118600001	118640000
5	118640001	118680000
5	118680001	118720000
5	118720001	118760000
5	118760001	118800000
5	118800001	118840000
5	118840001	118880000
5	118880001	118920000
5	118920001	118960000
5	118960001	119000000
5	119000001	119040000
5	119040001	119080000
5	119080001	119120000
5	119120001	119160000
5	119160001	119200000
5	119200001	119240000
5	119240001	119280000
5	119280001	119320000
5	119320001	119360000
5	119360001	119400000
5	119400001	119440000
5	119440001	119480000
5	119480001	119520000
5	119520001	119560000
5	119560001	119600000
5	119600001	119640000
5	119640001	119680000
5	119680001	119720000
5	119720001	119760000
5	119760001	119800000
5	119800001	119840000
5	119840001	119880000
5	119880001	119920000
5	119920001	119960000
5	119960001	120000000
5	120000001	120040000
5	120040001	120080000
5	120080001	120120000
5	120120001	120160000
5	120160001	120200000
5	120200001	120240000
5	120240001	120280000
5	120280001	120320000
5	120320001	120360000
5	120360001	120400000
5	120400001	120440000
5	120440001	120480000
5	120480001	120520000
5	120520001	120560000
5	120560001	120600000
5	120600001	120640000
5	120640001	120680000
5	120680001	120720000
5	120720001	120760000
5	120760001	120800000
5	120800001	120840000
5	120840001	120880000
5	120880001	120920000
5	120920001	120960000
5	120960001	121000000
5	121000001	121040000
5	121040001	121080000
5	121080001	121120000
5	121120001	121160000
5	121160001	121200000
5	121200001	121240000
5	121240001	121280000
5	121280001	121320000
5	121320001	121360000
5	121360001	121400000
5	121400001	121440000
5	121440001	121480000
5	121480001	121520000
5	121520001	121560000
5	121560001	121600000
5	121600001	121640000
5	121640001	121680000
5	121680001	121720000
5	121720001	121760000
5	121760001	121800000
5	121800001	121840000
5	121840001	121880000
5	121880001	121920000
5	121920001	121960000
5	121960001	122000000
5	122000001	122040000
5	122040001	122080000
5	122080001	122120000
5	122120001	122160000
5	122160001	122200000
5	122200001	122240000
5	122240001	122280000
5	122280001	122320000
5	122320001	122360000
5	122360001	122400000
5	122400001	122440000
5	122440001	122480000
5	122480001	122520000
5	122520001	122560000
5	122560001	122600000
5	122600001	122640000
5	122640001	122680000
5	122680001	122720000
5	122720001	122760000
5	122760001	122800000
5	122800001	122840000
5	122840001	122880000
5	122880001	122920000
5	122920001	122960000
5	122960001	123000000
5	123000001	123040000
5	123040001	123080000
5	123080001	123120000
5	123120001	123160000
5	123160001	123200000
5	123200001	123240000
5	123240001	123280000
5	123280001	123320000
5	123320001	123360000
5	123360001	123400000
5	123400001	123440000
5	123440001	123480000
5	123480001	123520000
5	123520001	123560000
5	123560001	123600000
5	123600001	123640000
5	123640001	123680000
5	123680001	123720000
5	123720001	123760000
5	123760001	123800000
5	123800001	123840000
5	123840001	123880000
5	123880001	123920000
5	123920001	123960000
5	123960001	124000000
5	124000001	124040000
5	124040001	124080000
5	124080001	124120000
5	124120001	124160000
5	124160001	124200000
5	124200001	124240000
5	124240001	124280000
5	124280001	124320000
5	124320001	124360000
5	124360001	124400000
5	124400001	124440000
5	124440001	124480000
5	124480001	124520000
5	124520001	124560000
5	124560001	124600000
5	124600001	124640000
5	124640001	124680000
5	124680001	124720000
5	124720001	124760000
5	124760001	124800000
5	124800001	124840000
5	124840001	124880000
5	124880001	124920000
5	124920001	124960000
5	124960001	125000000
5	125000001	125040000
5	125040001	125080000
5	125080001	125120000
5	125120001	125160000
5	125160001	125200000
5	125200001	125240000
5	125240001	125280000
5	125280001	125320000
5	125320001	125360000
5	125360001	125400000
5	125400001	125440000
5	125440001	125480000
5	125480001	125520000
5	125520001	125560000
5	125560001	125600000
5	125600001	125640000
5	125640001	125680000
5	125680001	125720000
5	125720001	125760000
5	125760001	125800000
5	125800001	125840000
5	125840001	125880000
5	125880001	125920000
5	125920001	125960000
5	125960001	126000000
5	126000001	126040000
5	126040001	126080000
5	126080001	126120000
5	126120001	126160000
5	126160001	126200000
5	126200001	126240000
5	126240001	126280000
5	126280001	126320000
5	126320001	126360000
5	126360001	126400000
5	126400001	126440000
5	126440001	126480000
5	126480001	126520000
5	126520001	126560000
5	126560001	126600000
5	126600001	126640000
5	126640001	126680000
5	126680001	126720000
5	126720001	126760000
5	126760001	126800000
5	126800001	126840000
5	126840001	126880000
5	126880001	126920000
5	126920001	126960000
5	126960001	127000000
5	127000001	127040000
5	127040001	127080000
5	127080001	127120000
5	127120001	127160000
5	127160001	127200000
5	127200001	127240000
5	127240001	127280000
5	127280001	127320000
5	127320001	127360000
5	127360001	127400000
5	127400001	127440000
5	127440001	127480000
5	127480001	127520000
5	127520001	127560000
5	127560001	127600000
5	127600001	127640000
5	127640001	127680000
5	127680001	127720000
5	127720001	127760000
5	127760001	127800000
5	127800001	127840000
5	127840001	127880000
5	127880001	127920000
5	127920001	127960000
5	127960001	128000000
5	128000001	128040000
5	128040001	128080000
5	128080001	128120000
5	128120001	128160000
5	128160001	128200000
5	128200001	128240000
5	128240001	128280000
5	128280001	128320000
5	128320001	128360000
5	128360001	128400000
5	128400001	128440000
5	128440001	128480000
5	128480001	128520000
5	128520001	128560000
5	128560001	128600000
5	128600001	128640000
5	128640001	128680000
5	128680001	128720000
5	128720001	128760000
5	128760001	128800000
5	128800001	128840000
5	128840001	128880000
5	128880001	128920000
5	128920001	128960000
5	128960001	129000000
5	129000001	129040000
5	129040001	129080000
5	129080001	129120000
5	129120001	129160000
5	129160001	129200000
5	129200001	129240000
5	129240001	129280000
5	129280001	129320000
5	129320001	129360000
5	129360001	129400000
5	129400001	129440000
5	129440001	129480000
5	129480001	129520000
5	129520001	129560000
5	129560001	129600000
5	129600001	129640000
5	129640001	129680000
5	129680001	129720000
5	129720001	129760000
5	129760001	129800000
5	129800001	129840000
5	129840001	129880000
5	129880001	129920000
5	129920001	129960000
5	129960001	130000000
5	130000001	130040000
5	130040001	130080000
5	130080001	130120000
5	130120001	130160000
5	130160001	130200000
5	130200001	130240000
5	130240001	130280000
5	130280001	130320000
5	130320001	130360000
5	130360001	130400000
5	130400001	130440000
5	130440001	130480000
5	130480001	130520000
5	130520001	130560000
5	130560001	130600000
5	130600001	130640000
5	130640001	130680000
5	130680001	130720000
5	130720001	130760000
5	130760001	130800000
5	130800001	130840000
5	130840001	130880000
5	130880001	130920000
5	130920001	130960000
5	130960001	131000000
5	131000001	131040000
5	131040001	131080000
5	131080001	131120000
5	131120001	131160000
5	131160001	131200000
5	131200001	131240000
5	131240001	131280000
5	131280001	131320000
5	131320001	131360000
5	131360001	131400000
5	131400001	131440000
5	131440001	131480000
5	131480001	131520000
5	131520001	131560000
5	131560001	131600000
5	131600001	131640000
5	131640001	131680000
5	131680001	131720000
5	131720001	131760000
5	131760001	131800000
5	131800001	131840000
5	131840001	131880000
5	131880001	131920000
5	131920001	131960000
5	131960001	132000000
5	132000001	132040000
5	132040001	132080000
5	132080001	132120000
5	132120001	132160000
5	132160001	132200000
5	132200001	132240000
5	132240001	132280000
5	132280001	132320000
5	132320001	132360000
5	132360001	132400000
5	132400001	132440000
5	132440001	132480000
5	132480001	132520000
5	132520001	132560000
5	132560001	132600000
5	132600001	132640000
5	132640001	132680000
5	132680001	132720000
5	132720001	132760000
5	132760001	132800000
5	132800001	132840000
5	132840001	132880000
5	132880001	132920000
5	132920001	132960000
5	132960001	133000000
5	133000001	133040000
5	133040001	133080000
5	133080001	133120000
5	133120001	133160000
5	133160001	133200000
5	133200001	133240000
5	133240001	133280000
5	133280001	133320000
5	133320001	133360000
5	133360001	133400000
5	133400001	133440000
5	133440001	133480000
5	133480001	133520000
5	133520001	133560000
5	133560001	133600000
5	133600001	133640000
5	133640001	133680000
5	133680001	133720000
5	133720001	133760000
5	133760001	133800000
5	133800001	133840000
5	133840001	133880000
5	133880001	133920000
5	133920001	133960000
5	133960001	134000000
5	134000001	134040000
5	134040001	134080000
5	134080001	134120000
5	134120001	134160000
5	134160001	134200000
5	134200001	134240000
5	134240001	134280000
5	134280001	134320000
5	134320001	134360000
5	134360001	134400000
5	134400001	134440000
5	134440001	134480000
5	134480001	134520000
5	134520001	134560000
5	134560001	134600000
5	134600001	134640000
5	134640001	134680000
5	134680001	134720000
5	134720001	134760000
5	134760001	134800000
5	134800001	134840000
5	134840001	134880000
5	134880001	134920000
5	134920001	134960000
5	134960001	135000000
5	135000001	135040000
5	135040001	135080000
5	135080001	135120000
5	135120001	135160000
5	135160001	135200000
5	135200001	135240000
5	135240001	135280000
5	135280001	135320000
5	135320001	135360000
5	135360001	135400000
5	135400001	135440000
5	135440001	135480000
5	135480001	135520000
5	135520001	135560000
5	135560001	135600000
5	135600001	135640000
5	135640001	135680000
5	135680001	135720000
5	135720001	135760000
5	135760001	135800000
5	135800001	135840000
5	135840001	135880000
5	135880001	135920000
5	135920001	135960000
5	135960001	136000000
5	136000001	136040000
5	136040001	136080000
5	136080001	136120000
5	136120001	136160000
5	136160001	136200000
5	136200001	136240000
5	136240001	136280000
5	136280001	136320000
5	136320001	136360000
5	136360001	136400000
5	136400001	136440000
5	136440001	136480000
5	136480001	136520000
5	136520001	136560000
5	136560001	136600000
5	136600001	136640000
5	136640001	136680000
5	136680001	136720000
5	136720001	136760000
5	136760001	136800000
5	136800001	136840000
5	136840001	136880000
5	136880001	136920000
5	136920001	136960000
5	136960001	137000000
5	137000001	137040000
5	137040001	137080000
5	137080001	137120000
5	137120001	137160000
5	137160001	137200000
5	137200001	137240000
5	137240001	137280000
5	137280001	137320000
5	137320001	137360000
5	137360001	137400000
5	137400001	137440000
5	137440001	137480000
5	137480001	137520000
5	137520001	137560000
5	137560001	137600000
5	137600001	137640000
5	137640001	137680000
5	137680001	137720000
5	137720001	137760000
5	137760001	137800000
5	137800001	137840000
5	137840001	137880000
5	137880001	137920000
5	137920001	137960000
5	137960001	138000000
5	138000001	138040000
5	138040001	138080000
5	138080001	138120000
5	138120001	138160000
5	138160001	138200000
5	138200001	138240000
5	138240001	138280000
5	138280001	138320000
5	138320001	138360000
5	138360001	138400000
5	138400001	138440000
5	138440001	138480000
5	138480001	138520000
5	138520001	138560000
5	138560001	138600000
5	138600001	138640000
5	138640001	138680000
5	138680001	138720000
5	138720001	138760000
5	138760001	138800000
5	138800001	138840000
5	138840001	138880000
5	138880001	138920000
5	138920001	138960000
5	138960001	139000000
5	139000001	139040000
5	139040001	139080000
5	139080001	139120000
5	139120001	139160000
5	139160001	139200000
5	139200001	139240000
5	139240001	139280000
5	139280001	139320000
5	139320001	139360000
5	139360001	139400000
5	139400001	139440000
5	139440001	139480000
5	139480001	139520000
5	139520001	139560000
5	139560001	139600000
5	139600001	139640000
5	139640001	139680000
5	139680001	139720000
5	139720001	139760000
5	139760001	139800000
5	139800001	139840000
5	139840001	139880000
5	139880001	139920000
5	139920001	139960000
5	139960001	140000000
5	140000001	140040000
5	140040001	140080000
5	140080001	140120000
5	140120001	140160000
5	140160001	140200000
5	140200001	140240000
5	140240001	140280000
5	140280001	140320000
5	140320001	140360000
5	140360001	140400000
5	140400001	140440000
5	140440001	140480000
5	140480001	140520000
5	140520001	140560000
5	140560001	140600000
5	140600001	140640000
5	140640001	140680000
5	140680001	140720000
5	140720001	140760000
5	140760001	140800000
5	140800001	140840000
5	140840001	140880000
5	140880001	140920000
5	140920001	140960000
5	140960001	141000000
5	141000001	141040000
5	141040001	141080000
5	141080001	141120000
5	141120001	141160000
5	141160001	141200000
5	141200001	141240000
5	141240001	141280000
5	141280001	141320000
5	141320001	141360000
5	141360001	141400000
5	141400001	141440000
5	141440001	141480000
5	141480001	141520000
5	141520001	141560000
5	141560001	141600000
5	141600001	141640000
5	141640001	141680000
5	141680001	141720000
5	141720001	141760000
5	141760001	141800000
5	141800001	141840000
5	141840001	141880000
5	141880001	141920000
5	141920001	141960000
5	141960001	142000000
5	142000001	142040000
5	142040001	142080000
5	142080001	142120000
5	142120001	142160000
5	142160001	142200000
5	142200001	142240000
5	142240001	142280000
5	142280001	142320000
5	142320001	142360000
5	142360001	142400000
5	142400001	142440000
5	142440001	142480000
5	142480001	142520000
5	142520001	142560000
5	142560001	142600000
5	142600001	142640000
5	142640001	142680000
5	142680001	142720000
5	142720001	142760000
5	142760001	142800000
5	142800001	142840000
5	142840001	142880000
5	142880001	142920000
5	142920001	142960000
5	142960001	143000000
5	143000001	143040000
5	143040001	143080000
5	143080001	143120000
5	143120001	143160000
5	143160001	143200000
5	143200001	143240000
5	143240001	143280000
5	143280001	143320000
5	143320001	143360000
5	143360001	143400000
5	143400001	143440000
5	143440001	143480000
5	143480001	143520000
5	143520001	143560000
5	143560001	143600000
5	143600001	143640000
5	143640001	143680000
5	143680001	143720000
5	143720001	143760000
5	143760001	143800000
5	143800001	143840000
5	143840001	143880000
5	143880001	143920000
5	143920001	143960000
5	143960001	144000000
5	144000001	144040000
5	144040001	144080000
5	144080001	144120000
5	144120001	144160000
5	144160001	144200000
5	144200001	144240000
5	144240001	144280000
5	144280001	144320000
5	144320001	144360000
5	144360001	144400000
5	144400001	144440000
5	144440001	144480000
5	144480001	144520000
5	144520001	144560000
5	144560001	144600000
5	144600001	144640000
5	144640001	144680000
5	144680001	144720000
5	144720001	144760000
5	144760001	144800000
5	144800001	144840000
5	144840001	144880000
5	144880001	144920000
5	144920001	144960000
5	144960001	145000000
5	145000001	145040000
5	145040001	145080000
5	145080001	145120000
5	145120001	145160000
5	145160001	145200000
5	145200001	145240000
5	145240001	145280000
5	145280001	145320000
5	145320001	145360000
5	145360001	145400000
5	145400001	145440000
5	145440001	145480000
5	145480001	145520000
5	145520001	145560000
5	145560001	145600000
5	145600001	145640000
5	145640001	145680000
5	145680001	145720000
5	145720001	145760000
5	145760001	145800000
5	145800001	145840000
5	145840001	145880000
5	145880001	145920000
5	145920001	145960000
5	145960001	146000000
5	146000001	146040000
5	146040001	146080000
5	146080001	146120000
5	146120001	146160000
5	146160001	146200000
5	146200001	146240000
5	146240001	146280000
5	146280001	146320000
5	146320001	146360000
5	146360001	146400000
5	146400001	146440000
5	146440001	146480000
5	146480001	146520000
5	146520001	146560000
5	146560001	146600000
5	146600001	146640000
5	146640001	146680000
5	146680001	146720000
5	146720001	146760000
5	146760001	146800000
5	146800001	146840000
5	146840001	146880000
5	146880001	146920000
5	146920001	146960000
5	146960001	147000000
5	147000001	147040000
5	147040001	147080000
5	147080001	147120000
5	147120001	147160000
5	147160001	147200000
5	147200001	147240000
5	147240001	147280000
5	147280001	147320000
5	147320001	147360000
5	147360001	147400000
5	147400001	147440000
5	147440001	147480000
5	147480001	147520000
5	147520001	147560000
5	147560001	147600000
5	147600001	147640000
5	147640001	147680000
5	147680001	147720000
5	147720001	147760000
5	147760001	147800000
5	147800001	147840000
5	147840001	147880000
5	147880001	147920000
5	147920001	147960000
5	147960001	148000000
5	148000001	148040000
5	148040001	148080000
5	148080001	148120000
5	148120001	148160000
5	148160001	148200000
5	148200001	148240000
5	148240001	148280000
5	148280001	148320000
5	148320001	148360000
5	148360001	148400000
5	148400001	148440000
5	148440001	148480000
5	148480001	148520000
5	148520001	148560000
5	148560001	148600000
5	148600001	148640000
5	148640001	148680000
5	148680001	148720000
5	148720001	148760000
5	148760001	148800000
5	148800001	148840000
5	148840001	148880000
5	148880001	148920000
5	148920001	148960000
5	148960001	149000000
5	149000001	149040000
5	149040001	149080000
5	149080001	149120000
5	149120001	149160000
5	149160001	149200000
5	149200001	149240000
5	149240001	149280000
5	149280001	149320000
5	149320001	149360000
5	149360001	149400000
5	149400001	149440000
5	149440001	149480000
5	149480001	149520000
5	149520001	149560000
5	149560001	149600000
5	149600001	149640000
5	149640001	149680000
5	149680001	149720000
5	149720001	149760000
5	149760001	149800000
5	149800001	149840000
5	149840001	149880000
5	149880001	149920000
5	149920001	149960000
5	149960001	150000000
5	150000001	150040000
5	150040001	150080000
5	150080001	150120000
5	150120001	150160000
5	150160001	150200000
5	150200001	150240000
5	150240001	150280000
5	150280001	150320000
5	150320001	150360000
5	150360001	150400000
5	150400001	150440000
5	150440001	150480000
5	150480001	150520000
5	150520001	150560000
5	150560001	150600000
5	150600001	150640000
5	150640001	150680000
5	150680001	150720000
5	150720001	150760000
5	150760001	150800000
5	150800001	150840000
5	150840001	150880000
5	150880001	150920000
5	150920001	150960000
5	150960001	151000000
5	151000001	151040000
5	151040001	151080000
5	151080001	151120000
5	151120001	151160000
5	151160001	151200000
5	151200001	151240000
5	151240001	151280000
5	151280001	151320000
5	151320001	151360000
5	151360001	151400000
5	151400001	151440000
5	151440001	151480000
5	151480001	151520000
5	151520001	151560000
5	151560001	151600000
5	151600001	151640000
5	151640001	151680000
5	151680001	151720000
5	151720001	151760000
5	151760001	151800000
5	151800001	151840000
5	151840001	151880000
5	151880001	151920000
5	151920001	151960000
5	151960001	152000000
5	152000001	152040000
5	152040001	152080000
5	152080001	152120000
5	152120001	152160000
5	152160001	152200000
5	152200001	152240000
5	152240001	152280000
5	152280001	152320000
5	152320001	152360000
5	152360001	152400000
5	152400001	152440000
5	152440001	152480000
5	152480001	152520000
5	152520001	152560000
5	152560001	152600000
5	152600001	152640000
5	152640001	152680000
5	152680001	152720000
5	152720001	152760000
5	152760001	152800000
5	152800001	152840000
5	152840001	152880000
5	152880001	152920000
5	152920001	152960000
5	152960001	153000000
5	153000001	153040000
5	153040001	153080000
5	153080001	153120000
5	153120001	153160000
5	153160001	153200000
5	153200001	153240000
5	153240001	153280000
5	153280001	153320000
5	153320001	153360000
5	153360001	153400000
5	153400001	153440000
5	153440001	153480000
5	153480001	153520000
5	153520001	153560000
5	153560001	153600000
5	153600001	153640000
5	153640001	153680000
5	153680001	153720000
5	153720001	153760000
5	153760001	153800000
5	153800001	153840000
5	153840001	153880000
5	153880001	153920000
5	153920001	153960000
5	153960001	154000000
5	154000001	154040000
5	154040001	154080000
5	154080001	154120000
5	154120001	154160000
5	154160001	154200000
5	154200001	154240000
5	154240001	154280000
5	154280001	154320000
5	154320001	154360000
5	154360001	154400000
5	154400001	154440000
5	154440001	154480000
5	154480001	154520000
5	154520001	154560000
5	154560001	154600000
5	154600001	154640000
5	154640001	154680000
5	154680001	154720000
5	154720001	154760000
5	154760001	154800000
5	154800001	154840000
5	154840001	154880000
5	154880001	154920000
5	154920001	154960000
5	154960001	155000000
5	155000001	155040000
5	155040001	155080000
5	155080001	155120000
5	155120001	155160000
5	155160001	155200000
5	155200001	155240000
5	155240001	155280000
5	155280001	155320000
5	155320001	155360000
5	155360001	155400000
5	155400001	155440000
5	155440001	155480000
5	155480001	155520000
5	155520001	155560000
5	155560001	155600000
5	155600001	155640000
5	155640001	155680000
5	155680001	155720000
5	155720001	155760000
5	155760001	155800000
5	155800001	155840000
5	155840001	155880000
5	155880001	155920000
5	155920001	155960000
5	155960001	156000000
5	156000001	156040000
5	156040001	156080000
5	156080001	156120000
5	156120001	156160000
5	156160001	156200000
5	156200001	156240000
5	156240001	156280000
5	156280001	156320000
5	156320001	156360000
5	156360001	156400000
5	156400001	156440000
5	156440001	156480000
5	156480001	156520000
5	156520001	156560000
5	156560001	156600000
5	156600001	156640000
5	156640001	156680000
5	156680001	156720000
5	156720001	156760000
5	156760001	156800000
5	156800001	156840000
5	156840001	156880000
5	156880001	156920000
5	156920001	156960000
5	156960001	157000000
5	157000001	157040000
5	157040001	157080000
5	157080001	157120000
5	157120001	157160000
5	157160001	157200000
5	157200001	157240000
5	157240001	157280000
5	157280001	157320000
5	157320001	157360000
5	157360001	157400000
5	157400001	157440000
5	157440001	157480000
5	157480001	157520000
5	157520001	157560000
5	157560001	157600000
5	157600001	157640000
5	157640001	157680000
5	157680001	157720000
5	157720001	157760000
5	157760001	157800000
5	157800001	157840000
5	157840001	157880000
5	157880001	157920000
5	157920001	157960000
5	157960001	158000000
5	158000001	158040000
5	158040001	158080000
5	158080001	158120000
5	158120001	158160000
5	158160001	158200000
5	158200001	158240000
5	158240001	158280000
5	158280001	158320000
5	158320001	158360000
5	158360001	158400000
5	158400001	158440000
5	158440001	158480000
5	158480001	158520000
5	158520001	158560000
5	158560001	158600000
5	158600001	158640000
5	158640001	158680000
5	158680001	158720000
5	158720001	158760000
5	158760001	158800000
5	158800001	158840000
5	158840001	158880000
5	158880001	158920000
5	158920001	158960000
5	158960001	159000000
5	159000001	159040000
5	159040001	159080000
5	159080001	159120000
5	159120001	159160000
5	159160001	159200000
5	159200001	159240000
5	159240001	159280000
5	159280001	159320000
5	159320001	159360000
5	159360001	159400000
5	159400001	159440000
5	159440001	159480000
5	159480001	159520000
5	159520001	159560000
5	159560001	159600000
5	159600001	159640000
5	159640001	159680000
5	159680001	159720000
5	159720001	159760000
5	159760001	159800000
5	159800001	159840000
5	159840001	159880000
5	159880001	159920000
5	159920001	159960000
5	159960001	160000000
5	160000001	160040000
5	160040001	160080000
5	160080001	160120000
5	160120001	160160000
5	160160001	160200000
5	160200001	160240000
5	160240001	160280000
5	160280001	160320000
5	160320001	160360000
5	160360001	160400000
5	160400001	160440000
5	160440001	160480000
5	160480001	160520000
5	160520001	160560000
5	160560001	160600000
5	160600001	160640000
5	160640001	160680000
5	160680001	160720000
5	160720001	160760000
5	160760001	160800000
5	160800001	160840000
5	160840001	160880000
5	160880001	160920000
5	160920001	160960000
5	160960001	161000000
5	161000001	161040000
5	161040001	161080000
5	161080001	161120000
5	161120001	161160000
5	161160001	161200000
5	161200001	161240000
5	161240001	161280000
5	161280001	161320000
5	161320001	161360000
5	161360001	161400000
5	161400001	161440000
5	161440001	161480000
5	161480001	161520000
5	161520001	161560000
5	161560001	161600000
5	161600001	161640000
5	161640001	161680000
5	161680001	161720000
5	161720001	161760000
5	161760001	161800000
5	161800001	161840000
5	161840001	161880000
5	161880001	161920000
5	161920001	161960000
5	161960001	162000000
5	162000001	162040000
5	162040001	162080000
5	162080001	162120000
5	162120001	162160000
5	162160001	162200000
5	162200001	162240000
5	162240001	162280000
5	162280001	162320000
5	162320001	162360000
5	162360001	162400000
5	162400001	162440000
5	162440001	162480000
5	162480001	162520000
5	162520001	162560000
5	162560001	162600000
5	162600001	162640000
5	162640001	162680000
5	162680001	162720000
5	162720001	162760000
5	162760001	162800000
5	162800001	162840000
5	162840001	162880000
5	162880001	162920000
5	162920001	162960000
5	162960001	163000000
5	163000001	163040000
5	163040001	163080000
5	163080001	163120000
5	163120001	163160000
5	163160001	163200000
5	163200001	163240000
5	163240001	163280000
5	163280001	163320000
5	163320001	163360000
5	163360001	163400000
5	163400001	163440000
5	163440001	163480000
5	163480001	163520000
5	163520001	163560000
5	163560001	163600000
5	163600001	163640000
5	163640001	163680000
5	163680001	163720000
5	163720001	163760000
5	163760001	163800000
5	163800001	163840000
5	163840001	163880000
5	163880001	163920000
5	163920001	163960000
5	163960001	164000000
5	164000001	164040000
5	164040001	164080000
5	164080001	164120000
5	164120001	164160000
5	164160001	164200000
5	164200001	164240000
5	164240001	164280000
5	164280001	164320000
5	164320001	164360000
5	164360001	164400000
5	164400001	164440000
5	164440001	164480000
5	164480001	164520000
5	164520001	164560000
5	164560001	164600000
5	164600001	164640000
5	164640001	164680000
5	164680001	164720000
5	164720001	164760000
5	164760001	164800000
5	164800001	164840000
5	164840001	164880000
5	164880001	164920000
5	164920001	164960000
5	164960001	165000000
5	165000001	165040000
5	165040001	165080000
5	165080001	165120000
5	165120001	165160000
5	165160001	165200000
5	165200001	165240000
5	165240001	165280000
5	165280001	165320000
5	165320001	165360000
5	165360001	165400000
5	165400001	165440000
5	165440001	165480000
5	165480001	165520000
5	165520001	165560000
5	165560001	165600000
5	165600001	165640000
5	165640001	165680000
5	165680001	165720000
5	165720001	165760000
5	165760001	165800000
5	165800001	165840000
5	165840001	165880000
5	165880001	165920000
5	165920001	165960000
5	165960001	166000000
5	166000001	166040000
5	166040001	166080000
5	166080001	166120000
5	166120001	166160000
5	166160001	166200000
5	166200001	166240000
5	166240001	166280000
5	166280001	166320000
5	166320001	166360000
5	166360001	166400000
5	166400001	166440000
5	166440001	166480000
5	166480001	166520000
5	166520001	166560000
5	166560001	166600000
5	166600001	166640000
5	166640001	166680000
5	166680001	166720000
5	166720001	166760000
5	166760001	166800000
5	166800001	166840000
5	166840001	166880000
5	166880001	166920000
5	166920001	166960000
5	166960001	167000000
5	167000001	167040000
5	167040001	167080000
5	167080001	167120000
5	167120001	167160000
5	167160001	167200000
5	167200001	167240000
5	167240001	167280000
5	167280001	167320000
5	167320001	167360000
5	167360001	167400000
5	167400001	167440000
5	167440001	167480000
5	167480001	167520000
5	167520001	167560000
5	167560001	167600000
5	167600001	167640000
5	167640001	167680000
5	167680001	167720000
5	167720001	167760000
5	167760001	167800000
5	167800001	167840000
5	167840001	167880000
5	167880001	167920000
5	167920001	167960000
5	167960001	168000000
5	168000001	168040000
5	168040001	168080000
5	168080001	168120000
5	168120001	168160000
5	168160001	168200000
5	168200001	168240000
5	168240001	168280000
5	168280001	168320000
5	168320001	168360000
5	168360001	168400000
5	168400001	168440000
5	168440001	168480000
5	168480001	168520000
5	168520001	168560000
5	168560001	168600000
5	168600001	168640000
5	168640001	168680000
5	168680001	168720000
5	168720001	168760000
5	168760001	168800000
5	168800001	168840000
5	168840001	168880000
5	168880001	168920000
5	168920001	168960000
5	168960001	169000000
5	169000001	169040000
5	169040001	169080000
5	169080001	169120000
5	169120001	169160000
5	169160001	169200000
5	169200001	169240000
5	169240001	169280000
5	169280001	169320000
5	169320001	169360000
5	169360001	169400000
5	169400001	169440000
5	169440001	169480000
5	169480001	169520000
5	169520001	169560000
5	169560001	169600000
5	169600001	169640000
5	169640001	169680000
5	169680001	169720000
5	169720001	169760000
5	169760001	169800000
5	169800001	169840000
5	169840001	169880000
5	169880001	169920000
5	169920001	169960000
5	169960001	170000000
5	170000001	170040000
5	170040001	170080000
5	170080001	170120000
5	170120001	170160000
5	170160001	170200000
5	170200001	170240000
5	170240001	170280000
5	170280001	170320000
5	170320001	170360000
5	170360001	170400000
5	170400001	170440000
5	170440001	170480000
5	170480001	170520000
5	170520001	170560000
5	170560001	170600000
5	170600001	170640000
5	170640001	170680000
5	170680001	170720000
5	170720001	170760000
5	170760001	170800000
5	170800001	170840000
5	170840001	170880000
5	170880001	170920000
5	170920001	170960000
5	170960001	171000000
5	171000001	171040000
5	171040001	171080000
5	171080001	171115067
