1
40001
80001
120001
160001
200001
240001
280001
320001
360001
400001
440001
480001
520001
560001
600001
640001
680001
720001
760001
800001
840001
880001
920001
960001
1000001
1040001
1080001
1120001
1160001
1200001
1240001
1280001
1320001
1360001
1400001
1440001
1480001
1520001
1560001
1600001
1640001
1680001
1720001
1760001
1800001
1840001
1880001
1920001
1960001
2000001
2040001
2080001
2120001
2160001
2200001
2240001
2280001
2320001
2360001
2400001
2440001
2480001
2520001
2560001
2600001
2640001
2680001
2720001
2760001
2800001
2840001
2880001
2920001
2960001
3000001
3040001
3080001
3120001
3160001
3200001
3240001
3280001
3320001
3360001
3400001
3440001
3480001
3520001
3560001
3600001
3640001
3680001
3720001
3760001
3800001
3840001
3880001
3920001
3960001
4000001
4040001
4080001
4120001
4160001
4200001
4240001
4280001
4320001
4360001
4400001
4440001
4480001
4520001
4560001
4600001
4640001
4680001
4720001
4760001
4800001
4840001
4880001
4920001
4960001
5000001
5040001
5080001
5120001
5160001
5200001
5240001
5280001
5320001
5360001
5400001
5440001
5480001
5520001
5560001
5600001
5640001
5680001
5720001
5760001
5800001
5840001
5880001
5920001
5960001
6000001
6040001
6080001
6120001
6160001
6200001
6240001
6280001
6320001
6360001
6400001
6440001
6480001
6520001
6560001
6600001
6640001
6680001
6720001
6760001
6800001
6840001
6880001
6920001
6960001
7000001
7040001
7080001
7120001
7160001
7200001
7240001
7280001
7320001
7360001
7400001
7440001
7480001
7520001
7560001
7600001
7640001
7680001
7720001
7760001
7800001
7840001
7880001
7920001
7960001
8000001
8040001
8080001
8120001
8160001
8200001
8240001
8280001
8320001
8360001
8400001
8440001
8480001
8520001
8560001
8600001
8640001
8680001
8720001
8760001
8800001
8840001
8880001
8920001
8960001
9000001
9040001
9080001
9120001
9160001
9200001
9240001
9280001
9320001
9360001
9400001
9440001
9480001
9520001
9560001
9600001
9640001
9680001
9720001
9760001
9800001
9840001
9880001
9920001
9960001
10000001
10040001
10080001
10120001
10160001
10200001
10240001
10280001
10320001
10360001
10400001
10440001
10480001
10520001
10560001
10600001
10640001
10680001
10720001
10760001
10800001
10840001
10880001
10920001
10960001
11000001
11040001
11080001
11120001
11160001
11200001
11240001
11280001
11320001
11360001
11400001
11440001
11480001
11520001
11560001
11600001
11640001
11680001
11720001
11760001
11800001
11840001
11880001
11920001
11960001
12000001
12040001
12080001
12120001
12160001
12200001
12240001
12280001
12320001
12360001
12400001
12440001
12480001
12520001
12560001
12600001
12640001
12680001
12720001
12760001
12800001
12840001
12880001
12920001
12960001
13000001
13040001
13080001
13120001
13160001
13200001
13240001
13280001
13320001
13360001
13400001
13440001
13480001
13520001
13560001
13600001
13640001
13680001
13720001
13760001
13800001
13840001
13880001
13920001
13960001
14000001
14040001
14080001
14120001
14160001
14200001
14240001
14280001
14320001
14360001
14400001
14440001
14480001
14520001
14560001
14600001
14640001
14680001
14720001
14760001
14800001
14840001
14880001
14920001
14960001
15000001
15040001
15080001
15120001
15160001
15200001
15240001
15280001
15320001
15360001
15400001
15440001
15480001
15520001
15560001
15600001
15640001
15680001
15720001
15760001
15800001
15840001
15880001
15920001
15960001
16000001
16040001
16080001
16120001
16160001
16200001
16240001
16280001
16320001
16360001
16400001
16440001
16480001
16520001
16560001
16600001
16640001
16680001
16720001
16760001
16800001
16840001
16880001
16920001
16960001
17000001
17040001
17080001
17120001
17160001
17200001
17240001
17280001
17320001
17360001
17400001
17440001
17480001
17520001
17560001
17600001
17640001
17680001
17720001
17760001
17800001
17840001
17880001
17920001
17960001
18000001
18040001
18080001
18120001
18160001
18200001
18240001
18280001
18320001
18360001
18400001
18440001
18480001
18520001
18560001
18600001
18640001
18680001
18720001
18760001
18800001
18840001
18880001
18920001
18960001
19000001
19040001
19080001
19120001
19160001
19200001
19240001
19280001
19320001
19360001
19400001
19440001
19480001
19520001
19560001
19600001
19640001
19680001
19720001
19760001
19800001
19840001
19880001
19920001
19960001
20000001
20040001
20080001
20120001
20160001
20200001
20240001
20280001
20320001
20360001
20400001
20440001
20480001
20520001
20560001
20600001
20640001
20680001
20720001
20760001
20800001
20840001
20880001
20920001
20960001
21000001
21040001
21080001
21120001
21160001
21200001
21240001
21280001
21320001
21360001
21400001
21440001
21480001
21520001
21560001
21600001
21640001
21680001
21720001
21760001
21800001
21840001
21880001
21920001
21960001
22000001
22040001
22080001
22120001
22160001
22200001
22240001
22280001
22320001
22360001
22400001
22440001
22480001
22520001
22560001
22600001
22640001
22680001
22720001
22760001
22800001
22840001
22880001
22920001
22960001
23000001
23040001
23080001
23120001
23160001
23200001
23240001
23280001
23320001
23360001
23400001
23440001
23480001
23520001
23560001
23600001
23640001
23680001
23720001
23760001
23800001
23840001
23880001
23920001
23960001
24000001
24040001
24080001
24120001
24160001
24200001
24240001
24280001
24320001
24360001
24400001
24440001
24480001
24520001
24560001
24600001
24640001
24680001
24720001
24760001
24800001
24840001
24880001
24920001
24960001
25000001
25040001
25080001
25120001
25160001
25200001
25240001
25280001
25320001
25360001
25400001
25440001
25480001
25520001
25560001
25600001
25640001
25680001
25720001
25760001
25800001
25840001
25880001
25920001
25960001
26000001
26040001
26080001
26120001
26160001
26200001
26240001
26280001
26320001
26360001
26400001
26440001
26480001
26520001
26560001
26600001
26640001
26680001
26720001
26760001
26800001
26840001
26880001
26920001
26960001
27000001
27040001
27080001
27120001
27160001
27200001
27240001
27280001
27320001
27360001
27400001
27440001
27480001
27520001
27560001
27600001
27640001
27680001
27720001
27760001
27800001
27840001
27880001
27920001
27960001
28000001
28040001
28080001
28120001
28160001
28200001
28240001
28280001
28320001
28360001
28400001
28440001
28480001
28520001
28560001
28600001
28640001
28680001
28720001
28760001
28800001
28840001
28880001
28920001
28960001
29000001
29040001
29080001
29120001
29160001
29200001
29240001
29280001
29320001
29360001
29400001
29440001
29480001
29520001
29560001
29600001
29640001
29680001
29720001
29760001
29800001
29840001
29880001
29920001
29960001
30000001
30040001
30080001
30120001
30160001
30200001
30240001
30280001
30320001
30360001
30400001
30440001
30480001
30520001
30560001
30600001
30640001
30680001
30720001
30760001
30800001
30840001
30880001
30920001
30960001
31000001
31040001
31080001
31120001
31160001
31200001
31240001
31280001
31320001
31360001
31400001
31440001
31480001
31520001
31560001
31600001
31640001
31680001
31720001
31760001
31800001
31840001
31880001
31920001
31960001
32000001
32040001
32080001
32120001
32160001
32200001
32240001
32280001
32320001
32360001
32400001
32440001
32480001
32520001
32560001
32600001
32640001
32680001
32720001
32760001
32800001
32840001
32880001
32920001
32960001
33000001
33040001
33080001
33120001
33160001
33200001
33240001
33280001
33320001
33360001
33400001
33440001
33480001
33520001
33560001
33600001
33640001
33680001
33720001
33760001
33800001
33840001
33880001
33920001
33960001
34000001
34040001
34080001
34120001
34160001
34200001
34240001
34280001
34320001
34360001
34400001
34440001
34480001
34520001
34560001
34600001
34640001
34680001
34720001
34760001
34800001
34840001
34880001
34920001
34960001
35000001
35040001
35080001
35120001
35160001
35200001
35240001
35280001
35320001
35360001
35400001
35440001
35480001
35520001
35560001
35600001
35640001
35680001
35720001
35760001
35800001
35840001
35880001
35920001
35960001
36000001
36040001
36080001
36120001
36160001
36200001
36240001
36280001
36320001
36360001
36400001
36440001
36480001
36520001
36560001
36600001
36640001
36680001
36720001
36760001
36800001
36840001
36880001
36920001
36960001
37000001
37040001
37080001
37120001
37160001
37200001
37240001
37280001
37320001
37360001
37400001
37440001
37480001
37520001
37560001
37600001
37640001
37680001
37720001
37760001
37800001
37840001
37880001
37920001
37960001
38000001
38040001
38080001
38120001
38160001
38200001
38240001
38280001
38320001
38360001
38400001
38440001
38480001
38520001
38560001
38600001
38640001
38680001
38720001
38760001
38800001
38840001
38880001
38920001
38960001
39000001
39040001
39080001
39120001
39160001
39200001
39240001
39280001
39320001
39360001
39400001
39440001
39480001
39520001
39560001
39600001
39640001
39680001
39720001
39760001
39800001
39840001
39880001
39920001
39960001
40000001
40040001
40080001
40120001
40160001
40200001
40240001
40280001
40320001
40360001
40400001
40440001
40480001
40520001
40560001
40600001
40640001
40680001
40720001
40760001
40800001
40840001
40880001
40920001
40960001
41000001
41040001
41080001
41120001
41160001
41200001
41240001
41280001
41320001
41360001
41400001
41440001
41480001
41520001
41560001
41600001
41640001
41680001
41720001
41760001
41800001
41840001
41880001
41920001
41960001
42000001
42040001
42080001
42120001
42160001
42200001
42240001
42280001
42320001
42360001
42400001
42440001
42480001
42520001
42560001
42600001
42640001
42680001
42720001
42760001
42800001
42840001
42880001
42920001
42960001
43000001
43040001
43080001
43120001
43160001
43200001
43240001
43280001
43320001
43360001
43400001
43440001
43480001
43520001
43560001
43600001
43640001
43680001
43720001
43760001
43800001
43840001
43880001
43920001
43960001
44000001
44040001
44080001
44120001
44160001
44200001
44240001
44280001
44320001
44360001
44400001
44440001
44480001
44520001
44560001
44600001
44640001
44680001
44720001
44760001
44800001
44840001
44880001
44920001
44960001
45000001
45040001
45080001
45120001
45160001
45200001
45240001
45280001
45320001
45360001
45400001
45440001
45480001
45520001
45560001
45600001
45640001
45680001
45720001
45760001
45800001
45840001
45880001
45920001
45960001
46000001
46040001
46080001
46120001
46160001
46200001
46240001
46280001
46320001
46360001
46400001
46440001
46480001
46520001
46560001
46600001
46640001
46680001
46720001
46760001
46800001
46840001
46880001
46920001
46960001
47000001
47040001
47080001
47120001
47160001
47200001
47240001
47280001
47320001
47360001
47400001
47440001
47480001
47520001
47560001
47600001
47640001
47680001
47720001
47760001
47800001
47840001
47880001
47920001
47960001
48000001
48040001
48080001
48120001
48160001
48200001
48240001
48280001
48320001
48360001
48400001
48440001
48480001
48520001
48560001
48600001
48640001
48680001
48720001
48760001
48800001
48840001
48880001
48920001
48960001
49000001
49040001
49080001
49120001
49160001
49200001
49240001
49280001
49320001
49360001
49400001
49440001
49480001
49520001
49560001
49600001
49640001
49680001
49720001
49760001
49800001
49840001
49880001
49920001
49960001
50000001
50040001
50080001
50120001
50160001
50200001
50240001
50280001
50320001
50360001
50400001
50440001
50480001
50520001
50560001
50600001
50640001
50680001
50720001
50760001
50800001
50840001
50880001
50920001
50960001
51000001
51040001
51080001
51120001
51160001
51200001
51240001
51280001
51320001
51360001
51400001
51440001
51480001
51520001
51560001
51600001
51640001
51680001
51720001
51760001
51800001
51840001
51880001
51920001
51960001
52000001
52040001
52080001
52120001
52160001
52200001
52240001
52280001
52320001
52360001
52400001
52440001
52480001
52520001
52560001
52600001
52640001
52680001
52720001
52760001
52800001
52840001
52880001
52920001
52960001
53000001
53040001
53080001
53120001
53160001
53200001
53240001
53280001
53320001
53360001
53400001
53440001
53480001
53520001
53560001
53600001
53640001
53680001
53720001
53760001
53800001
53840001
53880001
53920001
53960001
54000001
54040001
54080001
54120001
54160001
54200001
54240001
54280001
54320001
54360001
54400001
54440001
54480001
54520001
54560001
54600001
54640001
54680001
54720001
54760001
54800001
54840001
54880001
54920001
54960001
55000001
55040001
55080001
55120001
55160001
55200001
55240001
55280001
55320001
55360001
55400001
55440001
55480001
55520001
55560001
55600001
55640001
55680001
55720001
55760001
55800001
55840001
55880001
55920001
55960001
56000001
56040001
56080001
56120001
56160001
56200001
56240001
56280001
56320001
56360001
56400001
56440001
56480001
56520001
56560001
56600001
56640001
56680001
56720001
56760001
56800001
56840001
56880001
56920001
56960001
57000001
57040001
57080001
57120001
57160001
57200001
57240001
57280001
57320001
57360001
57400001
57440001
57480001
57520001
57560001
57600001
57640001
57680001
57720001
57760001
57800001
57840001
57880001
57920001
57960001
58000001
58040001
58080001
58120001
58160001
58200001
58240001
58280001
58320001
58360001
58400001
58440001
58480001
58520001
58560001
58600001
58640001
58680001
58720001
58760001
58800001
58840001
58880001
58920001
58960001
59000001
59040001
59080001
59120001
59160001
59200001
59240001
59280001
59320001
59360001
59400001
59440001
59480001
59520001
59560001
59600001
59640001
59680001
59720001
59760001
59800001
59840001
59880001
59920001
59960001
60000001
60040001
60080001
60120001
60160001
60200001
60240001
60280001
60320001
60360001
60400001
60440001
60480001
60520001
60560001
60600001
60640001
60680001
60720001
60760001
60800001
60840001
60880001
60920001
60960001
61000001
61040001
61080001
61120001
61160001
61200001
61240001
61280001
61320001
61360001
61400001
61440001
61480001
61520001
61560001
61600001
61640001
61680001
61720001
61760001
61800001
61840001
61880001
61920001
61960001
62000001
62040001
62080001
62120001
62160001
62200001
62240001
62280001
62320001
62360001
62400001
62440001
62480001
62520001
62560001
62600001
62640001
62680001
62720001
62760001
62800001
62840001
62880001
62920001
62960001
63000001
63040001
63080001
63120001
63160001
63200001
63240001
63280001
63320001
63360001
63400001
63440001
63480001
63520001
63560001
63600001
63640001
63680001
63720001
63760001
63800001
63840001
63880001
63920001
63960001
64000001
64040001
64080001
64120001
64160001
64200001
64240001
64280001
64320001
64360001
64400001
64440001
64480001
64520001
64560001
64600001
64640001
64680001
64720001
64760001
64800001
64840001
64880001
64920001
64960001
65000001
65040001
65080001
65120001
65160001
65200001
65240001
65280001
65320001
65360001
65400001
65440001
65480001
65520001
65560001
65600001
65640001
65680001
65720001
65760001
65800001
65840001
65880001
65920001
65960001
66000001
66040001
66080001
66120001
66160001
66200001
66240001
66280001
66320001
66360001
66400001
66440001
66480001
66520001
66560001
66600001
66640001
66680001
66720001
66760001
66800001
66840001
66880001
66920001
66960001
67000001
67040001
67080001
67120001
67160001
67200001
67240001
67280001
67320001
67360001
67400001
67440001
67480001
67520001
67560001
67600001
67640001
67680001
67720001
67760001
67800001
67840001
67880001
67920001
67960001
68000001
68040001
68080001
68120001
68160001
68200001
68240001
68280001
68320001
68360001
68400001
68440001
68480001
68520001
68560001
68600001
68640001
68680001
68720001
68760001
68800001
68840001
68880001
68920001
68960001
69000001
69040001
69080001
69120001
69160001
69200001
69240001
69280001
69320001
69360001
69400001
69440001
69480001
69520001
69560001
69600001
69640001
69680001
69720001
69760001
69800001
69840001
69880001
69920001
69960001
70000001
70040001
70080001
70120001
70160001
70200001
70240001
70280001
70320001
70360001
70400001
70440001
70480001
70520001
70560001
70600001
70640001
70680001
70720001
70760001
70800001
70840001
70880001
70920001
70960001
71000001
71040001
71080001
71120001
71160001
71200001
71240001
71280001
71320001
71360001
71400001
71440001
71480001
71520001
71560001
71600001
71640001
71680001
71720001
71760001
71800001
71840001
71880001
71920001
71960001
72000001
72040001
72080001
72120001
72160001
72200001
72240001
72280001
72320001
72360001
72400001
72440001
72480001
72520001
72560001
72600001
72640001
72680001
72720001
72760001
72800001
72840001
72880001
72920001
72960001
73000001
73040001
73080001
73120001
73160001
73200001
73240001
73280001
73320001
73360001
73400001
73440001
73480001
73520001
73560001
73600001
73640001
73680001
73720001
73760001
73800001
73840001
73880001
73920001
73960001
74000001
74040001
74080001
74120001
74160001
74200001
74240001
74280001
74320001
74360001
74400001
74440001
74480001
74520001
74560001
74600001
74640001
74680001
74720001
74760001
74800001
74840001
74880001
74920001
74960001
75000001
75040001
75080001
75120001
75160001
75200001
75240001
75280001
75320001
75360001
75400001
75440001
75480001
75520001
75560001
75600001
75640001
75680001
75720001
75760001
75800001
75840001
75880001
75920001
75960001
76000001
76040001
76080001
76120001
76160001
76200001
76240001
76280001
76320001
76360001
76400001
76440001
76480001
76520001
76560001
76600001
76640001
76680001
76720001
76760001
76800001
76840001
76880001
76920001
76960001
77000001
77040001
77080001
77120001
77160001
77200001
77240001
77280001
77320001
77360001
77400001
77440001
77480001
77520001
77560001
77600001
77640001
77680001
77720001
77760001
77800001
77840001
77880001
77920001
77960001
78000001
78040001
78080001
78120001
78160001
78200001
78240001
78280001
78320001
78360001
78400001
78440001
78480001
78520001
78560001
78600001
78640001
78680001
78720001
78760001
78800001
78840001
78880001
78920001
78960001
79000001
79040001
79080001
79120001
79160001
79200001
79240001
79280001
79320001
79360001
79400001
79440001
79480001
79520001
79560001
79600001
79640001
79680001
79720001
79760001
79800001
79840001
79880001
79920001
79960001
80000001
80040001
80080001
80120001
80160001
80200001
80240001
80280001
80320001
80360001
80400001
80440001
80480001
80520001
80560001
80600001
80640001
80680001
80720001
80760001
80800001
80840001
80880001
80920001
80960001
81000001
81040001
81080001
81120001
81160001
81200001
81240001
81280001
81320001
81360001
81400001
81440001
81480001
81520001
81560001
81600001
81640001
81680001
81720001
81760001
81800001
81840001
81880001
81920001
81960001
82000001
82040001
82080001
82120001
82160001
82200001
82240001
82280001
82320001
82360001
82400001
82440001
82480001
82520001
82560001
82600001
82640001
82680001
82720001
82760001
82800001
82840001
82880001
82920001
82960001
83000001
83040001
83080001
83120001
83160001
83200001
83240001
83280001
83320001
83360001
83400001
83440001
83480001
83520001
83560001
83600001
83640001
83680001
83720001
83760001
83800001
83840001
83880001
83920001
83960001
84000001
84040001
84080001
84120001
84160001
84200001
84240001
84280001
84320001
84360001
84400001
84440001
84480001
84520001
84560001
84600001
84640001
84680001
84720001
84760001
84800001
84840001
84880001
84920001
84960001
85000001
85040001
85080001
85120001
85160001
85200001
85240001
85280001
85320001
85360001
85400001
85440001
85480001
85520001
85560001
85600001
85640001
85680001
85720001
85760001
85800001
85840001
85880001
85920001
85960001
86000001
86040001
86080001
86120001
86160001
86200001
86240001
86280001
86320001
86360001
86400001
86440001
86480001
86520001
86560001
86600001
86640001
86680001
86720001
86760001
86800001
86840001
86880001
86920001
86960001
87000001
87040001
87080001
87120001
87160001
87200001
87240001
87280001
87320001
87360001
87400001
87440001
87480001
87520001
87560001
87600001
87640001
87680001
87720001
87760001
87800001
87840001
87880001
87920001
87960001
88000001
88040001
88080001
88120001
88160001
88200001
88240001
88280001
88320001
88360001
88400001
88440001
88480001
88520001
88560001
88600001
88640001
88680001
88720001
88760001
88800001
88840001
88880001
88920001
88960001
89000001
89040001
89080001
89120001
89160001
89200001
89240001
89280001
89320001
89360001
89400001
89440001
89480001
89520001
89560001
89600001
89640001
89680001
89720001
89760001
89800001
89840001
89880001
89920001
89960001
90000001
90040001
90080001
90120001
90160001
90200001
90240001
90280001
90320001
90360001
90400001
90440001
90480001
90520001
90560001
90600001
90640001
90680001
90720001
90760001
90800001
90840001
90880001
90920001
90960001
91000001
91040001
91080001
91120001
91160001
91200001
91240001
91280001
91320001
91360001
91400001
91440001
91480001
91520001
91560001
91600001
91640001
91680001
91720001
91760001
91800001
91840001
91880001
91920001
91960001
92000001
92040001
92080001
92120001
92160001
92200001
92240001
92280001
92320001
92360001
92400001
92440001
92480001
92520001
92560001
92600001
92640001
92680001
92720001
92760001
92800001
92840001
92880001
92920001
92960001
93000001
93040001
93080001
93120001
93160001
93200001
93240001
93280001
93320001
93360001
93400001
93440001
93480001
93520001
93560001
93600001
93640001
93680001
93720001
93760001
93800001
93840001
93880001
93920001
93960001
94000001
94040001
94080001
94120001
94160001
94200001
94240001
94280001
94320001
94360001
94400001
94440001
94480001
94520001
94560001
94600001
94640001
94680001
94720001
94760001
94800001
94840001
94880001
94920001
94960001
95000001
95040001
95080001
95120001
95160001
95200001
95240001
95280001
95320001
95360001
95400001
95440001
95480001
95520001
95560001
95600001
95640001
95680001
95720001
95760001
95800001
95840001
95880001
95920001
95960001
96000001
96040001
96080001
96120001
96160001
96200001
96240001
96280001
96320001
96360001
96400001
96440001
96480001
96520001
96560001
96600001
96640001
96680001
96720001
96760001
96800001
96840001
96880001
96920001
96960001
97000001
97040001
97080001
97120001
97160001
97200001
97240001
97280001
97320001
97360001
97400001
97440001
97480001
97520001
97560001
97600001
97640001
97680001
97720001
97760001
97800001
97840001
97880001
97920001
97960001
98000001
98040001
98080001
98120001
98160001
98200001
98240001
98280001
98320001
98360001
98400001
98440001
98480001
98520001
98560001
98600001
98640001
98680001
98720001
98760001
98800001
98840001
98880001
98920001
98960001
99000001
99040001
99080001
99120001
99160001
99200001
99240001
99280001
99320001
99360001
99400001
99440001
99480001
99520001
99560001
99600001
99640001
99680001
99720001
99760001
99800001
99840001
99880001
99920001
99960001
100000001
100040001
100080001
100120001
100160001
100200001
100240001
100280001
100320001
100360001
100400001
100440001
100480001
100520001
100560001
100600001
100640001
100680001
100720001
100760001
100800001
100840001
100880001
100920001
100960001
101000001
101040001
101080001
101120001
101160001
101200001
101240001
101280001
101320001
101360001
101400001
101440001
101480001
101520001
101560001
101600001
101640001
101680001
101720001
101760001
101800001
101840001
101880001
101920001
101960001
102000001
102040001
102080001
102120001
102160001
102200001
102240001
102280001
102320001
102360001
102400001
102440001
102480001
102520001
102560001
102600001
102640001
102680001
102720001
102760001
102800001
102840001
102880001
102920001
102960001
103000001
103040001
103080001
103120001
103160001
103200001
103240001
103280001
103320001
103360001
103400001
103440001
103480001
103520001
103560001
103600001
103640001
103680001
103720001
103760001
103800001
103840001
103880001
103920001
103960001
104000001
104040001
104080001
104120001
104160001
104200001
104240001
104280001
104320001
104360001
104400001
104440001
104480001
104520001
104560001
104600001
104640001
104680001
104720001
104760001
104800001
104840001
104880001
104920001
104960001
105000001
105040001
105080001
105120001
105160001
105200001
105240001
105280001
105320001
105360001
105400001
105440001
105480001
105520001
105560001
105600001
105640001
105680001
105720001
105760001
105800001
105840001
105880001
105920001
105960001
106000001
106040001
106080001
106120001
106160001
106200001
106240001
106280001
106320001
106360001
106400001
106440001
106480001
106520001
106560001
106600001
106640001
106680001
106720001
106760001
106800001
106840001
106880001
106920001
106960001
107000001
107040001
107080001
107120001
107160001
107200001
107240001
107280001
107320001
107360001
107400001
107440001
107480001
107520001
107560001
107600001
107640001
107680001
107720001
107760001
107800001
107840001
107880001
107920001
107960001
108000001
108040001
108080001
108120001
108160001
108200001
108240001
108280001
108320001
108360001
108400001
108440001
108480001
108520001
108560001
108600001
108640001
108680001
108720001
108760001
108800001
108840001
108880001
108920001
108960001
109000001
109040001
109080001
109120001
109160001
109200001
109240001
109280001
109320001
109360001
109400001
109440001
109480001
109520001
109560001
109600001
109640001
109680001
109720001
109760001
109800001
109840001
109880001
109920001
109960001
110000001
110040001
110080001
110120001
110160001
110200001
110240001
110280001
110320001
110360001
110400001
110440001
110480001
110520001
110560001
110600001
110640001
110680001
110720001
110760001
110800001
110840001
110880001
110920001
110960001
111000001
111040001
111080001
111120001
111160001
111200001
111240001
111280001
111320001
111360001
111400001
111440001
111480001
111520001
111560001
111600001
111640001
111680001
111720001
111760001
111800001
111840001
111880001
111920001
111960001
112000001
112040001
112080001
112120001
112160001
112200001
112240001
112280001
112320001
112360001
112400001
112440001
112480001
112520001
112560001
112600001
112640001
112680001
112720001
112760001
112800001
112840001
112880001
112920001
112960001
113000001
113040001
113080001
113120001
113160001
113200001
113240001
113280001
113320001
113360001
113400001
113440001
113480001
113520001
113560001
113600001
113640001
113680001
113720001
113760001
113800001
113840001
113880001
113920001
113960001
114000001
114040001
114080001
114120001
114160001
114200001
114240001
114280001
114320001
114360001
114400001
114440001
114480001
114520001
114560001
114600001
114640001
114680001
114720001
114760001
114800001
114840001
114880001
114920001
114960001
115000001
115040001
115080001
115120001
115160001
115200001
115240001
115280001
115320001
115360001
115400001
115440001
115480001
115520001
115560001
115600001
115640001
115680001
115720001
115760001
115800001
115840001
115880001
115920001
115960001
116000001
116040001
116080001
116120001
116160001
116200001
116240001
116280001
116320001
116360001
116400001
116440001
116480001
116520001
116560001
116600001
116640001
116680001
116720001
116760001
116800001
116840001
116880001
116920001
116960001
117000001
117040001
117080001
117120001
117160001
117200001
117240001
117280001
117320001
117360001
117400001
117440001
117480001
117520001
117560001
117600001
117640001
117680001
117720001
117760001
117800001
117840001
117880001
117920001
117960001
118000001
118040001
118080001
118120001
118160001
118200001
118240001
118280001
118320001
118360001
118400001
118440001
118480001
118520001
118560001
118600001
118640001
118680001
118720001
118760001
118800001
118840001
118880001
118920001
118960001
119000001
119040001
119080001
119120001
119160001
119200001
119240001
119280001
119320001
119360001
119400001
119440001
119480001
119520001
119560001
119600001
119640001
119680001
119720001
119760001
119800001
119840001
119880001
119920001
119960001
120000001
120040001
120080001
120120001
120160001
120200001
120240001
120280001
120320001
120360001
120400001
120440001
120480001
120520001
120560001
120600001
120640001
120680001
120720001
120760001
120800001
120840001
120880001
120920001
120960001
121000001
121040001
121080001
121120001
121160001
121200001
121240001
121280001
121320001
121360001
121400001
121440001
121480001
121520001
121560001
121600001
121640001
121680001
121720001
121760001
121800001
121840001
121880001
121920001
121960001
122000001
122040001
122080001
122120001
122160001
122200001
122240001
122280001
122320001
122360001
122400001
122440001
122480001
122520001
122560001
122600001
122640001
122680001
122720001
122760001
122800001
122840001
122880001
122920001
122960001
123000001
123040001
123080001
123120001
123160001
123200001
123240001
123280001
123320001
123360001
123400001
123440001
123480001
123520001
123560001
123600001
123640001
123680001
123720001
123760001
123800001
123840001
123880001
123920001
123960001
124000001
124040001
124080001
124120001
124160001
124200001
124240001
124280001
124320001
124360001
124400001
124440001
124480001
124520001
124560001
124600001
124640001
124680001
124720001
124760001
124800001
124840001
124880001
124920001
124960001
125000001
125040001
125080001
125120001
125160001
125200001
125240001
125280001
125320001
125360001
125400001
125440001
125480001
125520001
125560001
125600001
125640001
125680001
125720001
125760001
125800001
125840001
125880001
125920001
125960001
126000001
126040001
126080001
126120001
126160001
126200001
126240001
126280001
126320001
126360001
126400001
126440001
126480001
126520001
126560001
126600001
126640001
126680001
126720001
126760001
126800001
126840001
126880001
126920001
126960001
127000001
127040001
127080001
127120001
127160001
127200001
127240001
127280001
127320001
127360001
127400001
127440001
127480001
127520001
127560001
127600001
127640001
127680001
127720001
127760001
127800001
127840001
127880001
127920001
127960001
128000001
128040001
128080001
128120001
128160001
128200001
128240001
128280001
128320001
128360001
128400001
128440001
128480001
128520001
128560001
128600001
128640001
128680001
128720001
128760001
128800001
128840001
128880001
128920001
128960001
129000001
129040001
129080001
129120001
129160001
129200001
129240001
129280001
129320001
129360001
129400001
129440001
129480001
129520001
129560001
129600001
129640001
129680001
129720001
129760001
129800001
129840001
129880001
129920001
129960001
130000001
130040001
130080001
130120001
130160001
130200001
130240001
130280001
130320001
130360001
130400001
130440001
130480001
130520001
130560001
130600001
130640001
130680001
130720001
130760001
130800001
130840001
130880001
130920001
130960001
131000001
131040001
131080001
131120001
131160001
131200001
131240001
131280001
131320001
131360001
131400001
131440001
131480001
131520001
131560001
131600001
131640001
131680001
131720001
131760001
131800001
131840001
131880001
131920001
131960001
132000001
132040001
132080001
132120001
132160001
132200001
132240001
132280001
132320001
132360001
132400001
132440001
132480001
132520001
132560001
132600001
132640001
132680001
132720001
132760001
132800001
132840001
132880001
132920001
132960001
133000001
133040001
133080001
133120001
133160001
133200001
133240001
133280001
133320001
133360001
133400001
133440001
133480001
133520001
133560001
133600001
133640001
133680001
133720001
133760001
133800001
133840001
133880001
133920001
133960001
134000001
134040001
134080001
134120001
134160001
134200001
134240001
134280001
134320001
134360001
134400001
134440001
134480001
134520001
134560001
134600001
134640001
134680001
134720001
134760001
134800001
134840001
134880001
134920001
134960001
135000001
135040001
135080001
135120001
135160001
135200001
135240001
135280001
135320001
135360001
135400001
135440001
135480001
135520001
135560001
135600001
135640001
135680001
135720001
135760001
135800001
135840001
135880001
135920001
135960001
136000001
136040001
136080001
136120001
136160001
136200001
136240001
136280001
136320001
136360001
136400001
136440001
136480001
136520001
136560001
136600001
136640001
136680001
136720001
136760001
136800001
136840001
136880001
136920001
136960001
137000001
137040001
137080001
137120001
137160001
137200001
137240001
137280001
137320001
137360001
137400001
137440001
137480001
137520001
137560001
137600001
137640001
137680001
137720001
137760001
137800001
137840001
137880001
137920001
137960001
138000001
138040001
138080001
138120001
138160001
138200001
138240001
138280001
138320001
138360001
138400001
138440001
138480001
138520001
138560001
138600001
138640001
138680001
138720001
138760001
138800001
138840001
138880001
138920001
138960001
139000001
139040001
139080001
139120001
139160001
139200001
139240001
139280001
139320001
139360001
139400001
139440001
139480001
139520001
139560001
139600001
139640001
139680001
139720001
139760001
139800001
139840001
139880001
139920001
139960001
140000001
140040001
140080001
140120001
140160001
140200001
140240001
140280001
140320001
140360001
140400001
140440001
140480001
140520001
140560001
140600001
140640001
140680001
140720001
140760001
140800001
140840001
140880001
140920001
140960001
141000001
141040001
141080001
141120001
141160001
141200001
141240001
141280001
141320001
141360001
141400001
141440001
141480001
141520001
141560001
141600001
141640001
141680001
141720001
141760001
141800001
141840001
141880001
141920001
141960001
142000001
142040001
142080001
142120001
142160001
142200001
142240001
142280001
142320001
142360001
142400001
142440001
142480001
142520001
142560001
142600001
142640001
142680001
142720001
142760001
142800001
142840001
142880001
142920001
142960001
143000001
143040001
143080001
143120001
143160001
143200001
143240001
143280001
143320001
143360001
143400001
143440001
143480001
143520001
143560001
143600001
143640001
143680001
143720001
143760001
143800001
143840001
143880001
143920001
143960001
144000001
144040001
144080001
144120001
144160001
144200001
144240001
144280001
144320001
144360001
144400001
144440001
144480001
144520001
144560001
144600001
144640001
144680001
144720001
144760001
144800001
144840001
144880001
144920001
144960001
145000001
145040001
145080001
145120001
145160001
145200001
145240001
145280001
145320001
145360001
145400001
145440001
145480001
145520001
145560001
145600001
145640001
145680001
145720001
145760001
145800001
145840001
145880001
145920001
145960001
146000001
146040001
146080001
146120001
146160001
146200001
146240001
146280001
146320001
146360001
146400001
146440001
146480001
146520001
146560001
146600001
146640001
146680001
146720001
146760001
146800001
146840001
146880001
146920001
146960001
147000001
147040001
147080001
147120001
147160001
147200001
147240001
147280001
147320001
147360001
147400001
147440001
147480001
147520001
147560001
147600001
147640001
147680001
147720001
147760001
147800001
147840001
147880001
147920001
147960001
148000001
148040001
148080001
148120001
148160001
148200001
148240001
148280001
148320001
148360001
148400001
148440001
148480001
148520001
148560001
148600001
148640001
148680001
148720001
148760001
148800001
148840001
148880001
148920001
148960001
149000001
149040001
149080001
149120001
149160001
149200001
149240001
149280001
149320001
149360001
149400001
149440001
149480001
149520001
149560001
149600001
149640001
149680001
149720001
149760001
149800001
149840001
149880001
149920001
149960001
150000001
150040001
150080001
150120001
150160001
150200001
150240001
150280001
150320001
150360001
150400001
150440001
150480001
150520001
150560001
150600001
150640001
150680001
150720001
150760001
150800001
150840001
150880001
150920001
150960001
151000001
151040001
151080001
151120001
151160001
151200001
151240001
151280001
151320001
151360001
151400001
151440001
151480001
151520001
151560001
151600001
151640001
151680001
151720001
151760001
151800001
151840001
151880001
151920001
151960001
152000001
152040001
152080001
152120001
152160001
152200001
152240001
152280001
152320001
152360001
152400001
152440001
152480001
152520001
152560001
152600001
152640001
152680001
152720001
152760001
152800001
152840001
152880001
152920001
152960001
153000001
153040001
153080001
153120001
153160001
153200001
153240001
153280001
153320001
153360001
153400001
153440001
153480001
153520001
153560001
153600001
153640001
153680001
153720001
153760001
153800001
153840001
153880001
153920001
153960001
154000001
154040001
154080001
154120001
154160001
154200001
154240001
154280001
154320001
154360001
154400001
154440001
154480001
154520001
154560001
154600001
154640001
154680001
154720001
154760001
154800001
154840001
154880001
154920001
154960001
155000001
155040001
155080001
155120001
155160001
155200001
155240001
155280001
155320001
155360001
155400001
155440001
155480001
155520001
155560001
155600001
155640001
155680001
155720001
155760001
155800001
155840001
155880001
155920001
155960001
156000001
156040001
156080001
156120001
156160001
156200001
156240001
156280001
156320001
156360001
156400001
156440001
156480001
156520001
156560001
156600001
156640001
156680001
156720001
156760001
156800001
156840001
156880001
156920001
156960001
157000001
157040001
157080001
157120001
157160001
157200001
157240001
157280001
157320001
157360001
157400001
157440001
157480001
157520001
157560001
157600001
157640001
157680001
157720001
157760001
157800001
157840001
157880001
157920001
157960001
158000001
158040001
158080001
158120001
158160001
158200001
158240001
158280001
158320001
158360001
158400001
158440001
158480001
158520001
158560001
158600001
158640001
158680001
158720001
158760001
158800001
158840001
158880001
158920001
158960001
159000001
159040001
159080001
159120001
