6	1	40000
6	40001	80000
6	80001	120000
6	120001	160000
6	160001	200000
6	200001	240000
6	240001	280000
6	280001	320000
6	320001	360000
6	360001	400000
6	400001	440000
6	440001	480000
6	480001	520000
6	520001	560000
6	560001	600000
6	600001	640000
6	640001	680000
6	680001	720000
6	720001	760000
6	760001	800000
6	800001	840000
6	840001	880000
6	880001	920000
6	920001	960000
6	960001	1000000
6	1000001	1040000
6	1040001	1080000
6	1080001	1120000
6	1120001	1160000
6	1160001	1200000
6	1200001	1240000
6	1240001	1280000
6	1280001	1320000
6	1320001	1360000
6	1360001	1400000
6	1400001	1440000
6	1440001	1480000
6	1480001	1520000
6	1520001	1560000
6	1560001	1600000
6	1600001	1640000
6	1640001	1680000
6	1680001	1720000
6	1720001	1760000
6	1760001	1800000
6	1800001	1840000
6	1840001	1880000
6	1880001	1920000
6	1920001	1960000
6	1960001	2000000
6	2000001	2040000
6	2040001	2080000
6	2080001	2120000
6	2120001	2160000
6	2160001	2200000
6	2200001	2240000
6	2240001	2280000
6	2280001	2320000
6	2320001	2360000
6	2360001	2400000
6	2400001	2440000
6	2440001	2480000
6	2480001	2520000
6	2520001	2560000
6	2560001	2600000
6	2600001	2640000
6	2640001	2680000
6	2680001	2720000
6	2720001	2760000
6	2760001	2800000
6	2800001	2840000
6	2840001	2880000
6	2880001	2920000
6	2920001	2960000
6	2960001	3000000
6	3000001	3040000
6	3040001	3080000
6	3080001	3120000
6	3120001	3160000
6	3160001	3200000
6	3200001	3240000
6	3240001	3280000
6	3280001	3320000
6	3320001	3360000
6	3360001	3400000
6	3400001	3440000
6	3440001	3480000
6	3480001	3520000
6	3520001	3560000
6	3560001	3600000
6	3600001	3640000
6	3640001	3680000
6	3680001	3720000
6	3720001	3760000
6	3760001	3800000
6	3800001	3840000
6	3840001	3880000
6	3880001	3920000
6	3920001	3960000
6	3960001	4000000
6	4000001	4040000
6	4040001	4080000
6	4080001	4120000
6	4120001	4160000
6	4160001	4200000
6	4200001	4240000
6	4240001	4280000
6	4280001	4320000
6	4320001	4360000
6	4360001	4400000
6	4400001	4440000
6	4440001	4480000
6	4480001	4520000
6	4520001	4560000
6	4560001	4600000
6	4600001	4640000
6	4640001	4680000
6	4680001	4720000
6	4720001	4760000
6	4760001	4800000
6	4800001	4840000
6	4840001	4880000
6	4880001	4920000
6	4920001	4960000
6	4960001	5000000
6	5000001	5040000
6	5040001	5080000
6	5080001	5120000
6	5120001	5160000
6	5160001	5200000
6	5200001	5240000
6	5240001	5280000
6	5280001	5320000
6	5320001	5360000
6	5360001	5400000
6	5400001	5440000
6	5440001	5480000
6	5480001	5520000
6	5520001	5560000
6	5560001	5600000
6	5600001	5640000
6	5640001	5680000
6	5680001	5720000
6	5720001	5760000
6	5760001	5800000
6	5800001	5840000
6	5840001	5880000
6	5880001	5920000
6	5920001	5960000
6	5960001	6000000
6	6000001	6040000
6	6040001	6080000
6	6080001	6120000
6	6120001	6160000
6	6160001	6200000
6	6200001	6240000
6	6240001	6280000
6	6280001	6320000
6	6320001	6360000
6	6360001	6400000
6	6400001	6440000
6	6440001	6480000
6	6480001	6520000
6	6520001	6560000
6	6560001	6600000
6	6600001	6640000
6	6640001	6680000
6	6680001	6720000
6	6720001	6760000
6	6760001	6800000
6	6800001	6840000
6	6840001	6880000
6	6880001	6920000
6	6920001	6960000
6	6960001	7000000
6	7000001	7040000
6	7040001	7080000
6	7080001	7120000
6	7120001	7160000
6	7160001	7200000
6	7200001	7240000
6	7240001	7280000
6	7280001	7320000
6	7320001	7360000
6	7360001	7400000
6	7400001	7440000
6	7440001	7480000
6	7480001	7520000
6	7520001	7560000
6	7560001	7600000
6	7600001	7640000
6	7640001	7680000
6	7680001	7720000
6	7720001	7760000
6	7760001	7800000
6	7800001	7840000
6	7840001	7880000
6	7880001	7920000
6	7920001	7960000
6	7960001	8000000
6	8000001	8040000
6	8040001	8080000
6	8080001	8120000
6	8120001	8160000
6	8160001	8200000
6	8200001	8240000
6	8240001	8280000
6	8280001	8320000
6	8320001	8360000
6	8360001	8400000
6	8400001	8440000
6	8440001	8480000
6	8480001	8520000
6	8520001	8560000
6	8560001	8600000
6	8600001	8640000
6	8640001	8680000
6	8680001	8720000
6	8720001	8760000
6	8760001	8800000
6	8800001	8840000
6	8840001	8880000
6	8880001	8920000
6	8920001	8960000
6	8960001	9000000
6	9000001	9040000
6	9040001	9080000
6	9080001	9120000
6	9120001	9160000
6	9160001	9200000
6	9200001	9240000
6	9240001	9280000
6	9280001	9320000
6	9320001	9360000
6	9360001	9400000
6	9400001	9440000
6	9440001	9480000
6	9480001	9520000
6	9520001	9560000
6	9560001	9600000
6	9600001	9640000
6	9640001	9680000
6	9680001	9720000
6	9720001	9760000
6	9760001	9800000
6	9800001	9840000
6	9840001	9880000
6	9880001	9920000
6	9920001	9960000
6	9960001	10000000
6	10000001	10040000
6	10040001	10080000
6	10080001	10120000
6	10120001	10160000
6	10160001	10200000
6	10200001	10240000
6	10240001	10280000
6	10280001	10320000
6	10320001	10360000
6	10360001	10400000
6	10400001	10440000
6	10440001	10480000
6	10480001	10520000
6	10520001	10560000
6	10560001	10600000
6	10600001	10640000
6	10640001	10680000
6	10680001	10720000
6	10720001	10760000
6	10760001	10800000
6	10800001	10840000
6	10840001	10880000
6	10880001	10920000
6	10920001	10960000
6	10960001	11000000
6	11000001	11040000
6	11040001	11080000
6	11080001	11120000
6	11120001	11160000
6	11160001	11200000
6	11200001	11240000
6	11240001	11280000
6	11280001	11320000
6	11320001	11360000
6	11360001	11400000
6	11400001	11440000
6	11440001	11480000
6	11480001	11520000
6	11520001	11560000
6	11560001	11600000
6	11600001	11640000
6	11640001	11680000
6	11680001	11720000
6	11720001	11760000
6	11760001	11800000
6	11800001	11840000
6	11840001	11880000
6	11880001	11920000
6	11920001	11960000
6	11960001	12000000
6	12000001	12040000
6	12040001	12080000
6	12080001	12120000
6	12120001	12160000
6	12160001	12200000
6	12200001	12240000
6	12240001	12280000
6	12280001	12320000
6	12320001	12360000
6	12360001	12400000
6	12400001	12440000
6	12440001	12480000
6	12480001	12520000
6	12520001	12560000
6	12560001	12600000
6	12600001	12640000
6	12640001	12680000
6	12680001	12720000
6	12720001	12760000
6	12760001	12800000
6	12800001	12840000
6	12840001	12880000
6	12880001	12920000
6	12920001	12960000
6	12960001	13000000
6	13000001	13040000
6	13040001	13080000
6	13080001	13120000
6	13120001	13160000
6	13160001	13200000
6	13200001	13240000
6	13240001	13280000
6	13280001	13320000
6	13320001	13360000
6	13360001	13400000
6	13400001	13440000
6	13440001	13480000
6	13480001	13520000
6	13520001	13560000
6	13560001	13600000
6	13600001	13640000
6	13640001	13680000
6	13680001	13720000
6	13720001	13760000
6	13760001	13800000
6	13800001	13840000
6	13840001	13880000
6	13880001	13920000
6	13920001	13960000
6	13960001	14000000
6	14000001	14040000
6	14040001	14080000
6	14080001	14120000
6	14120001	14160000
6	14160001	14200000
6	14200001	14240000
6	14240001	14280000
6	14280001	14320000
6	14320001	14360000
6	14360001	14400000
6	14400001	14440000
6	14440001	14480000
6	14480001	14520000
6	14520001	14560000
6	14560001	14600000
6	14600001	14640000
6	14640001	14680000
6	14680001	14720000
6	14720001	14760000
6	14760001	14800000
6	14800001	14840000
6	14840001	14880000
6	14880001	14920000
6	14920001	14960000
6	14960001	15000000
6	15000001	15040000
6	15040001	15080000
6	15080001	15120000
6	15120001	15160000
6	15160001	15200000
6	15200001	15240000
6	15240001	15280000
6	15280001	15320000
6	15320001	15360000
6	15360001	15400000
6	15400001	15440000
6	15440001	15480000
6	15480001	15520000
6	15520001	15560000
6	15560001	15600000
6	15600001	15640000
6	15640001	15680000
6	15680001	15720000
6	15720001	15760000
6	15760001	15800000
6	15800001	15840000
6	15840001	15880000
6	15880001	15920000
6	15920001	15960000
6	15960001	16000000
6	16000001	16040000
6	16040001	16080000
6	16080001	16120000
6	16120001	16160000
6	16160001	16200000
6	16200001	16240000
6	16240001	16280000
6	16280001	16320000
6	16320001	16360000
6	16360001	16400000
6	16400001	16440000
6	16440001	16480000
6	16480001	16520000
6	16520001	16560000
6	16560001	16600000
6	16600001	16640000
6	16640001	16680000
6	16680001	16720000
6	16720001	16760000
6	16760001	16800000
6	16800001	16840000
6	16840001	16880000
6	16880001	16920000
6	16920001	16960000
6	16960001	17000000
6	17000001	17040000
6	17040001	17080000
6	17080001	17120000
6	17120001	17160000
6	17160001	17200000
6	17200001	17240000
6	17240001	17280000
6	17280001	17320000
6	17320001	17360000
6	17360001	17400000
6	17400001	17440000
6	17440001	17480000
6	17480001	17520000
6	17520001	17560000
6	17560001	17600000
6	17600001	17640000
6	17640001	17680000
6	17680001	17720000
6	17720001	17760000
6	17760001	17800000
6	17800001	17840000
6	17840001	17880000
6	17880001	17920000
6	17920001	17960000
6	17960001	18000000
6	18000001	18040000
6	18040001	18080000
6	18080001	18120000
6	18120001	18160000
6	18160001	18200000
6	18200001	18240000
6	18240001	18280000
6	18280001	18320000
6	18320001	18360000
6	18360001	18400000
6	18400001	18440000
6	18440001	18480000
6	18480001	18520000
6	18520001	18560000
6	18560001	18600000
6	18600001	18640000
6	18640001	18680000
6	18680001	18720000
6	18720001	18760000
6	18760001	18800000
6	18800001	18840000
6	18840001	18880000
6	18880001	18920000
6	18920001	18960000
6	18960001	19000000
6	19000001	19040000
6	19040001	19080000
6	19080001	19120000
6	19120001	19160000
6	19160001	19200000
6	19200001	19240000
6	19240001	19280000
6	19280001	19320000
6	19320001	19360000
6	19360001	19400000
6	19400001	19440000
6	19440001	19480000
6	19480001	19520000
6	19520001	19560000
6	19560001	19600000
6	19600001	19640000
6	19640001	19680000
6	19680001	19720000
6	19720001	19760000
6	19760001	19800000
6	19800001	19840000
6	19840001	19880000
6	19880001	19920000
6	19920001	19960000
6	19960001	20000000
6	20000001	20040000
6	20040001	20080000
6	20080001	20120000
6	20120001	20160000
6	20160001	20200000
6	20200001	20240000
6	20240001	20280000
6	20280001	20320000
6	20320001	20360000
6	20360001	20400000
6	20400001	20440000
6	20440001	20480000
6	20480001	20520000
6	20520001	20560000
6	20560001	20600000
6	20600001	20640000
6	20640001	20680000
6	20680001	20720000
6	20720001	20760000
6	20760001	20800000
6	20800001	20840000
6	20840001	20880000
6	20880001	20920000
6	20920001	20960000
6	20960001	21000000
6	21000001	21040000
6	21040001	21080000
6	21080001	21120000
6	21120001	21160000
6	21160001	21200000
6	21200001	21240000
6	21240001	21280000
6	21280001	21320000
6	21320001	21360000
6	21360001	21400000
6	21400001	21440000
6	21440001	21480000
6	21480001	21520000
6	21520001	21560000
6	21560001	21600000
6	21600001	21640000
6	21640001	21680000
6	21680001	21720000
6	21720001	21760000
6	21760001	21800000
6	21800001	21840000
6	21840001	21880000
6	21880001	21920000
6	21920001	21960000
6	21960001	22000000
6	22000001	22040000
6	22040001	22080000
6	22080001	22120000
6	22120001	22160000
6	22160001	22200000
6	22200001	22240000
6	22240001	22280000
6	22280001	22320000
6	22320001	22360000
6	22360001	22400000
6	22400001	22440000
6	22440001	22480000
6	22480001	22520000
6	22520001	22560000
6	22560001	22600000
6	22600001	22640000
6	22640001	22680000
6	22680001	22720000
6	22720001	22760000
6	22760001	22800000
6	22800001	22840000
6	22840001	22880000
6	22880001	22920000
6	22920001	22960000
6	22960001	23000000
6	23000001	23040000
6	23040001	23080000
6	23080001	23120000
6	23120001	23160000
6	23160001	23200000
6	23200001	23240000
6	23240001	23280000
6	23280001	23320000
6	23320001	23360000
6	23360001	23400000
6	23400001	23440000
6	23440001	23480000
6	23480001	23520000
6	23520001	23560000
6	23560001	23600000
6	23600001	23640000
6	23640001	23680000
6	23680001	23720000
6	23720001	23760000
6	23760001	23800000
6	23800001	23840000
6	23840001	23880000
6	23880001	23920000
6	23920001	23960000
6	23960001	24000000
6	24000001	24040000
6	24040001	24080000
6	24080001	24120000
6	24120001	24160000
6	24160001	24200000
6	24200001	24240000
6	24240001	24280000
6	24280001	24320000
6	24320001	24360000
6	24360001	24400000
6	24400001	24440000
6	24440001	24480000
6	24480001	24520000
6	24520001	24560000
6	24560001	24600000
6	24600001	24640000
6	24640001	24680000
6	24680001	24720000
6	24720001	24760000
6	24760001	24800000
6	24800001	24840000
6	24840001	24880000
6	24880001	24920000
6	24920001	24960000
6	24960001	25000000
6	25000001	25040000
6	25040001	25080000
6	25080001	25120000
6	25120001	25160000
6	25160001	25200000
6	25200001	25240000
6	25240001	25280000
6	25280001	25320000
6	25320001	25360000
6	25360001	25400000
6	25400001	25440000
6	25440001	25480000
6	25480001	25520000
6	25520001	25560000
6	25560001	25600000
6	25600001	25640000
6	25640001	25680000
6	25680001	25720000
6	25720001	25760000
6	25760001	25800000
6	25800001	25840000
6	25840001	25880000
6	25880001	25920000
6	25920001	25960000
6	25960001	26000000
6	26000001	26040000
6	26040001	26080000
6	26080001	26120000
6	26120001	26160000
6	26160001	26200000
6	26200001	26240000
6	26240001	26280000
6	26280001	26320000
6	26320001	26360000
6	26360001	26400000
6	26400001	26440000
6	26440001	26480000
6	26480001	26520000
6	26520001	26560000
6	26560001	26600000
6	26600001	26640000
6	26640001	26680000
6	26680001	26720000
6	26720001	26760000
6	26760001	26800000
6	26800001	26840000
6	26840001	26880000
6	26880001	26920000
6	26920001	26960000
6	26960001	27000000
6	27000001	27040000
6	27040001	27080000
6	27080001	27120000
6	27120001	27160000
6	27160001	27200000
6	27200001	27240000
6	27240001	27280000
6	27280001	27320000
6	27320001	27360000
6	27360001	27400000
6	27400001	27440000
6	27440001	27480000
6	27480001	27520000
6	27520001	27560000
6	27560001	27600000
6	27600001	27640000
6	27640001	27680000
6	27680001	27720000
6	27720001	27760000
6	27760001	27800000
6	27800001	27840000
6	27840001	27880000
6	27880001	27920000
6	27920001	27960000
6	27960001	28000000
6	28000001	28040000
6	28040001	28080000
6	28080001	28120000
6	28120001	28160000
6	28160001	28200000
6	28200001	28240000
6	28240001	28280000
6	28280001	28320000
6	28320001	28360000
6	28360001	28400000
6	28400001	28440000
6	28440001	28480000
6	28480001	28520000
6	28520001	28560000
6	28560001	28600000
6	28600001	28640000
6	28640001	28680000
6	28680001	28720000
6	28720001	28760000
6	28760001	28800000
6	28800001	28840000
6	28840001	28880000
6	28880001	28920000
6	28920001	28960000
6	28960001	29000000
6	29000001	29040000
6	29040001	29080000
6	29080001	29120000
6	29120001	29160000
6	29160001	29200000
6	29200001	29240000
6	29240001	29280000
6	29280001	29320000
6	29320001	29360000
6	29360001	29400000
6	29400001	29440000
6	29440001	29480000
6	29480001	29520000
6	29520001	29560000
6	29560001	29600000
6	29600001	29640000
6	29640001	29680000
6	29680001	29720000
6	29720001	29760000
6	29760001	29800000
6	29800001	29840000
6	29840001	29880000
6	29880001	29920000
6	29920001	29960000
6	29960001	30000000
6	30000001	30040000
6	30040001	30080000
6	30080001	30120000
6	30120001	30160000
6	30160001	30200000
6	30200001	30240000
6	30240001	30280000
6	30280001	30320000
6	30320001	30360000
6	30360001	30400000
6	30400001	30440000
6	30440001	30480000
6	30480001	30520000
6	30520001	30560000
6	30560001	30600000
6	30600001	30640000
6	30640001	30680000
6	30680001	30720000
6	30720001	30760000
6	30760001	30800000
6	30800001	30840000
6	30840001	30880000
6	30880001	30920000
6	30920001	30960000
6	30960001	31000000
6	31000001	31040000
6	31040001	31080000
6	31080001	31120000
6	31120001	31160000
6	31160001	31200000
6	31200001	31240000
6	31240001	31280000
6	31280001	31320000
6	31320001	31360000
6	31360001	31400000
6	31400001	31440000
6	31440001	31480000
6	31480001	31520000
6	31520001	31560000
6	31560001	31600000
6	31600001	31640000
6	31640001	31680000
6	31680001	31720000
6	31720001	31760000
6	31760001	31800000
6	31800001	31840000
6	31840001	31880000
6	31880001	31920000
6	31920001	31960000
6	31960001	32000000
6	32000001	32040000
6	32040001	32080000
6	32080001	32120000
6	32120001	32160000
6	32160001	32200000
6	32200001	32240000
6	32240001	32280000
6	32280001	32320000
6	32320001	32360000
6	32360001	32400000
6	32400001	32440000
6	32440001	32480000
6	32480001	32520000
6	32520001	32560000
6	32560001	32600000
6	32600001	32640000
6	32640001	32680000
6	32680001	32720000
6	32720001	32760000
6	32760001	32800000
6	32800001	32840000
6	32840001	32880000
6	32880001	32920000
6	32920001	32960000
6	32960001	33000000
6	33000001	33040000
6	33040001	33080000
6	33080001	33120000
6	33120001	33160000
6	33160001	33200000
6	33200001	33240000
6	33240001	33280000
6	33280001	33320000
6	33320001	33360000
6	33360001	33400000
6	33400001	33440000
6	33440001	33480000
6	33480001	33520000
6	33520001	33560000
6	33560001	33600000
6	33600001	33640000
6	33640001	33680000
6	33680001	33720000
6	33720001	33760000
6	33760001	33800000
6	33800001	33840000
6	33840001	33880000
6	33880001	33920000
6	33920001	33960000
6	33960001	34000000
6	34000001	34040000
6	34040001	34080000
6	34080001	34120000
6	34120001	34160000
6	34160001	34200000
6	34200001	34240000
6	34240001	34280000
6	34280001	34320000
6	34320001	34360000
6	34360001	34400000
6	34400001	34440000
6	34440001	34480000
6	34480001	34520000
6	34520001	34560000
6	34560001	34600000
6	34600001	34640000
6	34640001	34680000
6	34680001	34720000
6	34720001	34760000
6	34760001	34800000
6	34800001	34840000
6	34840001	34880000
6	34880001	34920000
6	34920001	34960000
6	34960001	35000000
6	35000001	35040000
6	35040001	35080000
6	35080001	35120000
6	35120001	35160000
6	35160001	35200000
6	35200001	35240000
6	35240001	35280000
6	35280001	35320000
6	35320001	35360000
6	35360001	35400000
6	35400001	35440000
6	35440001	35480000
6	35480001	35520000
6	35520001	35560000
6	35560001	35600000
6	35600001	35640000
6	35640001	35680000
6	35680001	35720000
6	35720001	35760000
6	35760001	35800000
6	35800001	35840000
6	35840001	35880000
6	35880001	35920000
6	35920001	35960000
6	35960001	36000000
6	36000001	36040000
6	36040001	36080000
6	36080001	36120000
6	36120001	36160000
6	36160001	36200000
6	36200001	36240000
6	36240001	36280000
6	36280001	36320000
6	36320001	36360000
6	36360001	36400000
6	36400001	36440000
6	36440001	36480000
6	36480001	36520000
6	36520001	36560000
6	36560001	36600000
6	36600001	36640000
6	36640001	36680000
6	36680001	36720000
6	36720001	36760000
6	36760001	36800000
6	36800001	36840000
6	36840001	36880000
6	36880001	36920000
6	36920001	36960000
6	36960001	37000000
6	37000001	37040000
6	37040001	37080000
6	37080001	37120000
6	37120001	37160000
6	37160001	37200000
6	37200001	37240000
6	37240001	37280000
6	37280001	37320000
6	37320001	37360000
6	37360001	37400000
6	37400001	37440000
6	37440001	37480000
6	37480001	37520000
6	37520001	37560000
6	37560001	37600000
6	37600001	37640000
6	37640001	37680000
6	37680001	37720000
6	37720001	37760000
6	37760001	37800000
6	37800001	37840000
6	37840001	37880000
6	37880001	37920000
6	37920001	37960000
6	37960001	38000000
6	38000001	38040000
6	38040001	38080000
6	38080001	38120000
6	38120001	38160000
6	38160001	38200000
6	38200001	38240000
6	38240001	38280000
6	38280001	38320000
6	38320001	38360000
6	38360001	38400000
6	38400001	38440000
6	38440001	38480000
6	38480001	38520000
6	38520001	38560000
6	38560001	38600000
6	38600001	38640000
6	38640001	38680000
6	38680001	38720000
6	38720001	38760000
6	38760001	38800000
6	38800001	38840000
6	38840001	38880000
6	38880001	38920000
6	38920001	38960000
6	38960001	39000000
6	39000001	39040000
6	39040001	39080000
6	39080001	39120000
6	39120001	39160000
6	39160001	39200000
6	39200001	39240000
6	39240001	39280000
6	39280001	39320000
6	39320001	39360000
6	39360001	39400000
6	39400001	39440000
6	39440001	39480000
6	39480001	39520000
6	39520001	39560000
6	39560001	39600000
6	39600001	39640000
6	39640001	39680000
6	39680001	39720000
6	39720001	39760000
6	39760001	39800000
6	39800001	39840000
6	39840001	39880000
6	39880001	39920000
6	39920001	39960000
6	39960001	40000000
6	40000001	40040000
6	40040001	40080000
6	40080001	40120000
6	40120001	40160000
6	40160001	40200000
6	40200001	40240000
6	40240001	40280000
6	40280001	40320000
6	40320001	40360000
6	40360001	40400000
6	40400001	40440000
6	40440001	40480000
6	40480001	40520000
6	40520001	40560000
6	40560001	40600000
6	40600001	40640000
6	40640001	40680000
6	40680001	40720000
6	40720001	40760000
6	40760001	40800000
6	40800001	40840000
6	40840001	40880000
6	40880001	40920000
6	40920001	40960000
6	40960001	41000000
6	41000001	41040000
6	41040001	41080000
6	41080001	41120000
6	41120001	41160000
6	41160001	41200000
6	41200001	41240000
6	41240001	41280000
6	41280001	41320000
6	41320001	41360000
6	41360001	41400000
6	41400001	41440000
6	41440001	41480000
6	41480001	41520000
6	41520001	41560000
6	41560001	41600000
6	41600001	41640000
6	41640001	41680000
6	41680001	41720000
6	41720001	41760000
6	41760001	41800000
6	41800001	41840000
6	41840001	41880000
6	41880001	41920000
6	41920001	41960000
6	41960001	42000000
6	42000001	42040000
6	42040001	42080000
6	42080001	42120000
6	42120001	42160000
6	42160001	42200000
6	42200001	42240000
6	42240001	42280000
6	42280001	42320000
6	42320001	42360000
6	42360001	42400000
6	42400001	42440000
6	42440001	42480000
6	42480001	42520000
6	42520001	42560000
6	42560001	42600000
6	42600001	42640000
6	42640001	42680000
6	42680001	42720000
6	42720001	42760000
6	42760001	42800000
6	42800001	42840000
6	42840001	42880000
6	42880001	42920000
6	42920001	42960000
6	42960001	43000000
6	43000001	43040000
6	43040001	43080000
6	43080001	43120000
6	43120001	43160000
6	43160001	43200000
6	43200001	43240000
6	43240001	43280000
6	43280001	43320000
6	43320001	43360000
6	43360001	43400000
6	43400001	43440000
6	43440001	43480000
6	43480001	43520000
6	43520001	43560000
6	43560001	43600000
6	43600001	43640000
6	43640001	43680000
6	43680001	43720000
6	43720001	43760000
6	43760001	43800000
6	43800001	43840000
6	43840001	43880000
6	43880001	43920000
6	43920001	43960000
6	43960001	44000000
6	44000001	44040000
6	44040001	44080000
6	44080001	44120000
6	44120001	44160000
6	44160001	44200000
6	44200001	44240000
6	44240001	44280000
6	44280001	44320000
6	44320001	44360000
6	44360001	44400000
6	44400001	44440000
6	44440001	44480000
6	44480001	44520000
6	44520001	44560000
6	44560001	44600000
6	44600001	44640000
6	44640001	44680000
6	44680001	44720000
6	44720001	44760000
6	44760001	44800000
6	44800001	44840000
6	44840001	44880000
6	44880001	44920000
6	44920001	44960000
6	44960001	45000000
6	45000001	45040000
6	45040001	45080000
6	45080001	45120000
6	45120001	45160000
6	45160001	45200000
6	45200001	45240000
6	45240001	45280000
6	45280001	45320000
6	45320001	45360000
6	45360001	45400000
6	45400001	45440000
6	45440001	45480000
6	45480001	45520000
6	45520001	45560000
6	45560001	45600000
6	45600001	45640000
6	45640001	45680000
6	45680001	45720000
6	45720001	45760000
6	45760001	45800000
6	45800001	45840000
6	45840001	45880000
6	45880001	45920000
6	45920001	45960000
6	45960001	46000000
6	46000001	46040000
6	46040001	46080000
6	46080001	46120000
6	46120001	46160000
6	46160001	46200000
6	46200001	46240000
6	46240001	46280000
6	46280001	46320000
6	46320001	46360000
6	46360001	46400000
6	46400001	46440000
6	46440001	46480000
6	46480001	46520000
6	46520001	46560000
6	46560001	46600000
6	46600001	46640000
6	46640001	46680000
6	46680001	46720000
6	46720001	46760000
6	46760001	46800000
6	46800001	46840000
6	46840001	46880000
6	46880001	46920000
6	46920001	46960000
6	46960001	47000000
6	47000001	47040000
6	47040001	47080000
6	47080001	47120000
6	47120001	47160000
6	47160001	47200000
6	47200001	47240000
6	47240001	47280000
6	47280001	47320000
6	47320001	47360000
6	47360001	47400000
6	47400001	47440000
6	47440001	47480000
6	47480001	47520000
6	47520001	47560000
6	47560001	47600000
6	47600001	47640000
6	47640001	47680000
6	47680001	47720000
6	47720001	47760000
6	47760001	47800000
6	47800001	47840000
6	47840001	47880000
6	47880001	47920000
6	47920001	47960000
6	47960001	48000000
6	48000001	48040000
6	48040001	48080000
6	48080001	48120000
6	48120001	48160000
6	48160001	48200000
6	48200001	48240000
6	48240001	48280000
6	48280001	48320000
6	48320001	48360000
6	48360001	48400000
6	48400001	48440000
6	48440001	48480000
6	48480001	48520000
6	48520001	48560000
6	48560001	48600000
6	48600001	48640000
6	48640001	48680000
6	48680001	48720000
6	48720001	48760000
6	48760001	48800000
6	48800001	48840000
6	48840001	48880000
6	48880001	48920000
6	48920001	48960000
6	48960001	49000000
6	49000001	49040000
6	49040001	49080000
6	49080001	49120000
6	49120001	49160000
6	49160001	49200000
6	49200001	49240000
6	49240001	49280000
6	49280001	49320000
6	49320001	49360000
6	49360001	49400000
6	49400001	49440000
6	49440001	49480000
6	49480001	49520000
6	49520001	49560000
6	49560001	49600000
6	49600001	49640000
6	49640001	49680000
6	49680001	49720000
6	49720001	49760000
6	49760001	49800000
6	49800001	49840000
6	49840001	49880000
6	49880001	49920000
6	49920001	49960000
6	49960001	50000000
6	50000001	50040000
6	50040001	50080000
6	50080001	50120000
6	50120001	50160000
6	50160001	50200000
6	50200001	50240000
6	50240001	50280000
6	50280001	50320000
6	50320001	50360000
6	50360001	50400000
6	50400001	50440000
6	50440001	50480000
6	50480001	50520000
6	50520001	50560000
6	50560001	50600000
6	50600001	50640000
6	50640001	50680000
6	50680001	50720000
6	50720001	50760000
6	50760001	50800000
6	50800001	50840000
6	50840001	50880000
6	50880001	50920000
6	50920001	50960000
6	50960001	51000000
6	51000001	51040000
6	51040001	51080000
6	51080001	51120000
6	51120001	51160000
6	51160001	51200000
6	51200001	51240000
6	51240001	51280000
6	51280001	51320000
6	51320001	51360000
6	51360001	51400000
6	51400001	51440000
6	51440001	51480000
6	51480001	51520000
6	51520001	51560000
6	51560001	51600000
6	51600001	51640000
6	51640001	51680000
6	51680001	51720000
6	51720001	51760000
6	51760001	51800000
6	51800001	51840000
6	51840001	51880000
6	51880001	51920000
6	51920001	51960000
6	51960001	52000000
6	52000001	52040000
6	52040001	52080000
6	52080001	52120000
6	52120001	52160000
6	52160001	52200000
6	52200001	52240000
6	52240001	52280000
6	52280001	52320000
6	52320001	52360000
6	52360001	52400000
6	52400001	52440000
6	52440001	52480000
6	52480001	52520000
6	52520001	52560000
6	52560001	52600000
6	52600001	52640000
6	52640001	52680000
6	52680001	52720000
6	52720001	52760000
6	52760001	52800000
6	52800001	52840000
6	52840001	52880000
6	52880001	52920000
6	52920001	52960000
6	52960001	53000000
6	53000001	53040000
6	53040001	53080000
6	53080001	53120000
6	53120001	53160000
6	53160001	53200000
6	53200001	53240000
6	53240001	53280000
6	53280001	53320000
6	53320001	53360000
6	53360001	53400000
6	53400001	53440000
6	53440001	53480000
6	53480001	53520000
6	53520001	53560000
6	53560001	53600000
6	53600001	53640000
6	53640001	53680000
6	53680001	53720000
6	53720001	53760000
6	53760001	53800000
6	53800001	53840000
6	53840001	53880000
6	53880001	53920000
6	53920001	53960000
6	53960001	54000000
6	54000001	54040000
6	54040001	54080000
6	54080001	54120000
6	54120001	54160000
6	54160001	54200000
6	54200001	54240000
6	54240001	54280000
6	54280001	54320000
6	54320001	54360000
6	54360001	54400000
6	54400001	54440000
6	54440001	54480000
6	54480001	54520000
6	54520001	54560000
6	54560001	54600000
6	54600001	54640000
6	54640001	54680000
6	54680001	54720000
6	54720001	54760000
6	54760001	54800000
6	54800001	54840000
6	54840001	54880000
6	54880001	54920000
6	54920001	54960000
6	54960001	55000000
6	55000001	55040000
6	55040001	55080000
6	55080001	55120000
6	55120001	55160000
6	55160001	55200000
6	55200001	55240000
6	55240001	55280000
6	55280001	55320000
6	55320001	55360000
6	55360001	55400000
6	55400001	55440000
6	55440001	55480000
6	55480001	55520000
6	55520001	55560000
6	55560001	55600000
6	55600001	55640000
6	55640001	55680000
6	55680001	55720000
6	55720001	55760000
6	55760001	55800000
6	55800001	55840000
6	55840001	55880000
6	55880001	55920000
6	55920001	55960000
6	55960001	56000000
6	56000001	56040000
6	56040001	56080000
6	56080001	56120000
6	56120001	56160000
6	56160001	56200000
6	56200001	56240000
6	56240001	56280000
6	56280001	56320000
6	56320001	56360000
6	56360001	56400000
6	56400001	56440000
6	56440001	56480000
6	56480001	56520000
6	56520001	56560000
6	56560001	56600000
6	56600001	56640000
6	56640001	56680000
6	56680001	56720000
6	56720001	56760000
6	56760001	56800000
6	56800001	56840000
6	56840001	56880000
6	56880001	56920000
6	56920001	56960000
6	56960001	57000000
6	57000001	57040000
6	57040001	57080000
6	57080001	57120000
6	57120001	57160000
6	57160001	57200000
6	57200001	57240000
6	57240001	57280000
6	57280001	57320000
6	57320001	57360000
6	57360001	57400000
6	57400001	57440000
6	57440001	57480000
6	57480001	57520000
6	57520001	57560000
6	57560001	57600000
6	57600001	57640000
6	57640001	57680000
6	57680001	57720000
6	57720001	57760000
6	57760001	57800000
6	57800001	57840000
6	57840001	57880000
6	57880001	57920000
6	57920001	57960000
6	57960001	58000000
6	58000001	58040000
6	58040001	58080000
6	58080001	58120000
6	58120001	58160000
6	58160001	58200000
6	58200001	58240000
6	58240001	58280000
6	58280001	58320000
6	58320001	58360000
6	58360001	58400000
6	58400001	58440000
6	58440001	58480000
6	58480001	58520000
6	58520001	58560000
6	58560001	58600000
6	58600001	58640000
6	58640001	58680000
6	58680001	58720000
6	58720001	58760000
6	58760001	58800000
6	58800001	58840000
6	58840001	58880000
6	58880001	58920000
6	58920001	58960000
6	58960001	59000000
6	59000001	59040000
6	59040001	59080000
6	59080001	59120000
6	59120001	59160000
6	59160001	59200000
6	59200001	59240000
6	59240001	59280000
6	59280001	59320000
6	59320001	59360000
6	59360001	59400000
6	59400001	59440000
6	59440001	59480000
6	59480001	59520000
6	59520001	59560000
6	59560001	59600000
6	59600001	59640000
6	59640001	59680000
6	59680001	59720000
6	59720001	59760000
6	59760001	59800000
6	59800001	59840000
6	59840001	59880000
6	59880001	59920000
6	59920001	59960000
6	59960001	60000000
6	60000001	60040000
6	60040001	60080000
6	60080001	60120000
6	60120001	60160000
6	60160001	60200000
6	60200001	60240000
6	60240001	60280000
6	60280001	60320000
6	60320001	60360000
6	60360001	60400000
6	60400001	60440000
6	60440001	60480000
6	60480001	60520000
6	60520001	60560000
6	60560001	60600000
6	60600001	60640000
6	60640001	60680000
6	60680001	60720000
6	60720001	60760000
6	60760001	60800000
6	60800001	60840000
6	60840001	60880000
6	60880001	60920000
6	60920001	60960000
6	60960001	61000000
6	61000001	61040000
6	61040001	61080000
6	61080001	61120000
6	61120001	61160000
6	61160001	61200000
6	61200001	61240000
6	61240001	61280000
6	61280001	61320000
6	61320001	61360000
6	61360001	61400000
6	61400001	61440000
6	61440001	61480000
6	61480001	61520000
6	61520001	61560000
6	61560001	61600000
6	61600001	61640000
6	61640001	61680000
6	61680001	61720000
6	61720001	61760000
6	61760001	61800000
6	61800001	61840000
6	61840001	61880000
6	61880001	61920000
6	61920001	61960000
6	61960001	62000000
6	62000001	62040000
6	62040001	62080000
6	62080001	62120000
6	62120001	62160000
6	62160001	62200000
6	62200001	62240000
6	62240001	62280000
6	62280001	62320000
6	62320001	62360000
6	62360001	62400000
6	62400001	62440000
6	62440001	62480000
6	62480001	62520000
6	62520001	62560000
6	62560001	62600000
6	62600001	62640000
6	62640001	62680000
6	62680001	62720000
6	62720001	62760000
6	62760001	62800000
6	62800001	62840000
6	62840001	62880000
6	62880001	62920000
6	62920001	62960000
6	62960001	63000000
6	63000001	63040000
6	63040001	63080000
6	63080001	63120000
6	63120001	63160000
6	63160001	63200000
6	63200001	63240000
6	63240001	63280000
6	63280001	63320000
6	63320001	63360000
6	63360001	63400000
6	63400001	63440000
6	63440001	63480000
6	63480001	63520000
6	63520001	63560000
6	63560001	63600000
6	63600001	63640000
6	63640001	63680000
6	63680001	63720000
6	63720001	63760000
6	63760001	63800000
6	63800001	63840000
6	63840001	63880000
6	63880001	63920000
6	63920001	63960000
6	63960001	64000000
6	64000001	64040000
6	64040001	64080000
6	64080001	64120000
6	64120001	64160000
6	64160001	64200000
6	64200001	64240000
6	64240001	64280000
6	64280001	64320000
6	64320001	64360000
6	64360001	64400000
6	64400001	64440000
6	64440001	64480000
6	64480001	64520000
6	64520001	64560000
6	64560001	64600000
6	64600001	64640000
6	64640001	64680000
6	64680001	64720000
6	64720001	64760000
6	64760001	64800000
6	64800001	64840000
6	64840001	64880000
6	64880001	64920000
6	64920001	64960000
6	64960001	65000000
6	65000001	65040000
6	65040001	65080000
6	65080001	65120000
6	65120001	65160000
6	65160001	65200000
6	65200001	65240000
6	65240001	65280000
6	65280001	65320000
6	65320001	65360000
6	65360001	65400000
6	65400001	65440000
6	65440001	65480000
6	65480001	65520000
6	65520001	65560000
6	65560001	65600000
6	65600001	65640000
6	65640001	65680000
6	65680001	65720000
6	65720001	65760000
6	65760001	65800000
6	65800001	65840000
6	65840001	65880000
6	65880001	65920000
6	65920001	65960000
6	65960001	66000000
6	66000001	66040000
6	66040001	66080000
6	66080001	66120000
6	66120001	66160000
6	66160001	66200000
6	66200001	66240000
6	66240001	66280000
6	66280001	66320000
6	66320001	66360000
6	66360001	66400000
6	66400001	66440000
6	66440001	66480000
6	66480001	66520000
6	66520001	66560000
6	66560001	66600000
6	66600001	66640000
6	66640001	66680000
6	66680001	66720000
6	66720001	66760000
6	66760001	66800000
6	66800001	66840000
6	66840001	66880000
6	66880001	66920000
6	66920001	66960000
6	66960001	67000000
6	67000001	67040000
6	67040001	67080000
6	67080001	67120000
6	67120001	67160000
6	67160001	67200000
6	67200001	67240000
6	67240001	67280000
6	67280001	67320000
6	67320001	67360000
6	67360001	67400000
6	67400001	67440000
6	67440001	67480000
6	67480001	67520000
6	67520001	67560000
6	67560001	67600000
6	67600001	67640000
6	67640001	67680000
6	67680001	67720000
6	67720001	67760000
6	67760001	67800000
6	67800001	67840000
6	67840001	67880000
6	67880001	67920000
6	67920001	67960000
6	67960001	68000000
6	68000001	68040000
6	68040001	68080000
6	68080001	68120000
6	68120001	68160000
6	68160001	68200000
6	68200001	68240000
6	68240001	68280000
6	68280001	68320000
6	68320001	68360000
6	68360001	68400000
6	68400001	68440000
6	68440001	68480000
6	68480001	68520000
6	68520001	68560000
6	68560001	68600000
6	68600001	68640000
6	68640001	68680000
6	68680001	68720000
6	68720001	68760000
6	68760001	68800000
6	68800001	68840000
6	68840001	68880000
6	68880001	68920000
6	68920001	68960000
6	68960001	69000000
6	69000001	69040000
6	69040001	69080000
6	69080001	69120000
6	69120001	69160000
6	69160001	69200000
6	69200001	69240000
6	69240001	69280000
6	69280001	69320000
6	69320001	69360000
6	69360001	69400000
6	69400001	69440000
6	69440001	69480000
6	69480001	69520000
6	69520001	69560000
6	69560001	69600000
6	69600001	69640000
6	69640001	69680000
6	69680001	69720000
6	69720001	69760000
6	69760001	69800000
6	69800001	69840000
6	69840001	69880000
6	69880001	69920000
6	69920001	69960000
6	69960001	70000000
6	70000001	70040000
6	70040001	70080000
6	70080001	70120000
6	70120001	70160000
6	70160001	70200000
6	70200001	70240000
6	70240001	70280000
6	70280001	70320000
6	70320001	70360000
6	70360001	70400000
6	70400001	70440000
6	70440001	70480000
6	70480001	70520000
6	70520001	70560000
6	70560001	70600000
6	70600001	70640000
6	70640001	70680000
6	70680001	70720000
6	70720001	70760000
6	70760001	70800000
6	70800001	70840000
6	70840001	70880000
6	70880001	70920000
6	70920001	70960000
6	70960001	71000000
6	71000001	71040000
6	71040001	71080000
6	71080001	71120000
6	71120001	71160000
6	71160001	71200000
6	71200001	71240000
6	71240001	71280000
6	71280001	71320000
6	71320001	71360000
6	71360001	71400000
6	71400001	71440000
6	71440001	71480000
6	71480001	71520000
6	71520001	71560000
6	71560001	71600000
6	71600001	71640000
6	71640001	71680000
6	71680001	71720000
6	71720001	71760000
6	71760001	71800000
6	71800001	71840000
6	71840001	71880000
6	71880001	71920000
6	71920001	71960000
6	71960001	72000000
6	72000001	72040000
6	72040001	72080000
6	72080001	72120000
6	72120001	72160000
6	72160001	72200000
6	72200001	72240000
6	72240001	72280000
6	72280001	72320000
6	72320001	72360000
6	72360001	72400000
6	72400001	72440000
6	72440001	72480000
6	72480001	72520000
6	72520001	72560000
6	72560001	72600000
6	72600001	72640000
6	72640001	72680000
6	72680001	72720000
6	72720001	72760000
6	72760001	72800000
6	72800001	72840000
6	72840001	72880000
6	72880001	72920000
6	72920001	72960000
6	72960001	73000000
6	73000001	73040000
6	73040001	73080000
6	73080001	73120000
6	73120001	73160000
6	73160001	73200000
6	73200001	73240000
6	73240001	73280000
6	73280001	73320000
6	73320001	73360000
6	73360001	73400000
6	73400001	73440000
6	73440001	73480000
6	73480001	73520000
6	73520001	73560000
6	73560001	73600000
6	73600001	73640000
6	73640001	73680000
6	73680001	73720000
6	73720001	73760000
6	73760001	73800000
6	73800001	73840000
6	73840001	73880000
6	73880001	73920000
6	73920001	73960000
6	73960001	74000000
6	74000001	74040000
6	74040001	74080000
6	74080001	74120000
6	74120001	74160000
6	74160001	74200000
6	74200001	74240000
6	74240001	74280000
6	74280001	74320000
6	74320001	74360000
6	74360001	74400000
6	74400001	74440000
6	74440001	74480000
6	74480001	74520000
6	74520001	74560000
6	74560001	74600000
6	74600001	74640000
6	74640001	74680000
6	74680001	74720000
6	74720001	74760000
6	74760001	74800000
6	74800001	74840000
6	74840001	74880000
6	74880001	74920000
6	74920001	74960000
6	74960001	75000000
6	75000001	75040000
6	75040001	75080000
6	75080001	75120000
6	75120001	75160000
6	75160001	75200000
6	75200001	75240000
6	75240001	75280000
6	75280001	75320000
6	75320001	75360000
6	75360001	75400000
6	75400001	75440000
6	75440001	75480000
6	75480001	75520000
6	75520001	75560000
6	75560001	75600000
6	75600001	75640000
6	75640001	75680000
6	75680001	75720000
6	75720001	75760000
6	75760001	75800000
6	75800001	75840000
6	75840001	75880000
6	75880001	75920000
6	75920001	75960000
6	75960001	76000000
6	76000001	76040000
6	76040001	76080000
6	76080001	76120000
6	76120001	76160000
6	76160001	76200000
6	76200001	76240000
6	76240001	76280000
6	76280001	76320000
6	76320001	76360000
6	76360001	76400000
6	76400001	76440000
6	76440001	76480000
6	76480001	76520000
6	76520001	76560000
6	76560001	76600000
6	76600001	76640000
6	76640001	76680000
6	76680001	76720000
6	76720001	76760000
6	76760001	76800000
6	76800001	76840000
6	76840001	76880000
6	76880001	76920000
6	76920001	76960000
6	76960001	77000000
6	77000001	77040000
6	77040001	77080000
6	77080001	77120000
6	77120001	77160000
6	77160001	77200000
6	77200001	77240000
6	77240001	77280000
6	77280001	77320000
6	77320001	77360000
6	77360001	77400000
6	77400001	77440000
6	77440001	77480000
6	77480001	77520000
6	77520001	77560000
6	77560001	77600000
6	77600001	77640000
6	77640001	77680000
6	77680001	77720000
6	77720001	77760000
6	77760001	77800000
6	77800001	77840000
6	77840001	77880000
6	77880001	77920000
6	77920001	77960000
6	77960001	78000000
6	78000001	78040000
6	78040001	78080000
6	78080001	78120000
6	78120001	78160000
6	78160001	78200000
6	78200001	78240000
6	78240001	78280000
6	78280001	78320000
6	78320001	78360000
6	78360001	78400000
6	78400001	78440000
6	78440001	78480000
6	78480001	78520000
6	78520001	78560000
6	78560001	78600000
6	78600001	78640000
6	78640001	78680000
6	78680001	78720000
6	78720001	78760000
6	78760001	78800000
6	78800001	78840000
6	78840001	78880000
6	78880001	78920000
6	78920001	78960000
6	78960001	79000000
6	79000001	79040000
6	79040001	79080000
6	79080001	79120000
6	79120001	79160000
6	79160001	79200000
6	79200001	79240000
6	79240001	79280000
6	79280001	79320000
6	79320001	79360000
6	79360001	79400000
6	79400001	79440000
6	79440001	79480000
6	79480001	79520000
6	79520001	79560000
6	79560001	79600000
6	79600001	79640000
6	79640001	79680000
6	79680001	79720000
6	79720001	79760000
6	79760001	79800000
6	79800001	79840000
6	79840001	79880000
6	79880001	79920000
6	79920001	79960000
6	79960001	80000000
6	80000001	80040000
6	80040001	80080000
6	80080001	80120000
6	80120001	80160000
6	80160001	80200000
6	80200001	80240000
6	80240001	80280000
6	80280001	80320000
6	80320001	80360000
6	80360001	80400000
6	80400001	80440000
6	80440001	80480000
6	80480001	80520000
6	80520001	80560000
6	80560001	80600000
6	80600001	80640000
6	80640001	80680000
6	80680001	80720000
6	80720001	80760000
6	80760001	80800000
6	80800001	80840000
6	80840001	80880000
6	80880001	80920000
6	80920001	80960000
6	80960001	81000000
6	81000001	81040000
6	81040001	81080000
6	81080001	81120000
6	81120001	81160000
6	81160001	81200000
6	81200001	81240000
6	81240001	81280000
6	81280001	81320000
6	81320001	81360000
6	81360001	81400000
6	81400001	81440000
6	81440001	81480000
6	81480001	81520000
6	81520001	81560000
6	81560001	81600000
6	81600001	81640000
6	81640001	81680000
6	81680001	81720000
6	81720001	81760000
6	81760001	81800000
6	81800001	81840000
6	81840001	81880000
6	81880001	81920000
6	81920001	81960000
6	81960001	82000000
6	82000001	82040000
6	82040001	82080000
6	82080001	82120000
6	82120001	82160000
6	82160001	82200000
6	82200001	82240000
6	82240001	82280000
6	82280001	82320000
6	82320001	82360000
6	82360001	82400000
6	82400001	82440000
6	82440001	82480000
6	82480001	82520000
6	82520001	82560000
6	82560001	82600000
6	82600001	82640000
6	82640001	82680000
6	82680001	82720000
6	82720001	82760000
6	82760001	82800000
6	82800001	82840000
6	82840001	82880000
6	82880001	82920000
6	82920001	82960000
6	82960001	83000000
6	83000001	83040000
6	83040001	83080000
6	83080001	83120000
6	83120001	83160000
6	83160001	83200000
6	83200001	83240000
6	83240001	83280000
6	83280001	83320000
6	83320001	83360000
6	83360001	83400000
6	83400001	83440000
6	83440001	83480000
6	83480001	83520000
6	83520001	83560000
6	83560001	83600000
6	83600001	83640000
6	83640001	83680000
6	83680001	83720000
6	83720001	83760000
6	83760001	83800000
6	83800001	83840000
6	83840001	83880000
6	83880001	83920000
6	83920001	83960000
6	83960001	84000000
6	84000001	84040000
6	84040001	84080000
6	84080001	84120000
6	84120001	84160000
6	84160001	84200000
6	84200001	84240000
6	84240001	84280000
6	84280001	84320000
6	84320001	84360000
6	84360001	84400000
6	84400001	84440000
6	84440001	84480000
6	84480001	84520000
6	84520001	84560000
6	84560001	84600000
6	84600001	84640000
6	84640001	84680000
6	84680001	84720000
6	84720001	84760000
6	84760001	84800000
6	84800001	84840000
6	84840001	84880000
6	84880001	84920000
6	84920001	84960000
6	84960001	85000000
6	85000001	85040000
6	85040001	85080000
6	85080001	85120000
6	85120001	85160000
6	85160001	85200000
6	85200001	85240000
6	85240001	85280000
6	85280001	85320000
6	85320001	85360000
6	85360001	85400000
6	85400001	85440000
6	85440001	85480000
6	85480001	85520000
6	85520001	85560000
6	85560001	85600000
6	85600001	85640000
6	85640001	85680000
6	85680001	85720000
6	85720001	85760000
6	85760001	85800000
6	85800001	85840000
6	85840001	85880000
6	85880001	85920000
6	85920001	85960000
6	85960001	86000000
6	86000001	86040000
6	86040001	86080000
6	86080001	86120000
6	86120001	86160000
6	86160001	86200000
6	86200001	86240000
6	86240001	86280000
6	86280001	86320000
6	86320001	86360000
6	86360001	86400000
6	86400001	86440000
6	86440001	86480000
6	86480001	86520000
6	86520001	86560000
6	86560001	86600000
6	86600001	86640000
6	86640001	86680000
6	86680001	86720000
6	86720001	86760000
6	86760001	86800000
6	86800001	86840000
6	86840001	86880000
6	86880001	86920000
6	86920001	86960000
6	86960001	87000000
6	87000001	87040000
6	87040001	87080000
6	87080001	87120000
6	87120001	87160000
6	87160001	87200000
6	87200001	87240000
6	87240001	87280000
6	87280001	87320000
6	87320001	87360000
6	87360001	87400000
6	87400001	87440000
6	87440001	87480000
6	87480001	87520000
6	87520001	87560000
6	87560001	87600000
6	87600001	87640000
6	87640001	87680000
6	87680001	87720000
6	87720001	87760000
6	87760001	87800000
6	87800001	87840000
6	87840001	87880000
6	87880001	87920000
6	87920001	87960000
6	87960001	88000000
6	88000001	88040000
6	88040001	88080000
6	88080001	88120000
6	88120001	88160000
6	88160001	88200000
6	88200001	88240000
6	88240001	88280000
6	88280001	88320000
6	88320001	88360000
6	88360001	88400000
6	88400001	88440000
6	88440001	88480000
6	88480001	88520000
6	88520001	88560000
6	88560001	88600000
6	88600001	88640000
6	88640001	88680000
6	88680001	88720000
6	88720001	88760000
6	88760001	88800000
6	88800001	88840000
6	88840001	88880000
6	88880001	88920000
6	88920001	88960000
6	88960001	89000000
6	89000001	89040000
6	89040001	89080000
6	89080001	89120000
6	89120001	89160000
6	89160001	89200000
6	89200001	89240000
6	89240001	89280000
6	89280001	89320000
6	89320001	89360000
6	89360001	89400000
6	89400001	89440000
6	89440001	89480000
6	89480001	89520000
6	89520001	89560000
6	89560001	89600000
6	89600001	89640000
6	89640001	89680000
6	89680001	89720000
6	89720001	89760000
6	89760001	89800000
6	89800001	89840000
6	89840001	89880000
6	89880001	89920000
6	89920001	89960000
6	89960001	90000000
6	90000001	90040000
6	90040001	90080000
6	90080001	90120000
6	90120001	90160000
6	90160001	90200000
6	90200001	90240000
6	90240001	90280000
6	90280001	90320000
6	90320001	90360000
6	90360001	90400000
6	90400001	90440000
6	90440001	90480000
6	90480001	90520000
6	90520001	90560000
6	90560001	90600000
6	90600001	90640000
6	90640001	90680000
6	90680001	90720000
6	90720001	90760000
6	90760001	90800000
6	90800001	90840000
6	90840001	90880000
6	90880001	90920000
6	90920001	90960000
6	90960001	91000000
6	91000001	91040000
6	91040001	91080000
6	91080001	91120000
6	91120001	91160000
6	91160001	91200000
6	91200001	91240000
6	91240001	91280000
6	91280001	91320000
6	91320001	91360000
6	91360001	91400000
6	91400001	91440000
6	91440001	91480000
6	91480001	91520000
6	91520001	91560000
6	91560001	91600000
6	91600001	91640000
6	91640001	91680000
6	91680001	91720000
6	91720001	91760000
6	91760001	91800000
6	91800001	91840000
6	91840001	91880000
6	91880001	91920000
6	91920001	91960000
6	91960001	92000000
6	92000001	92040000
6	92040001	92080000
6	92080001	92120000
6	92120001	92160000
6	92160001	92200000
6	92200001	92240000
6	92240001	92280000
6	92280001	92320000
6	92320001	92360000
6	92360001	92400000
6	92400001	92440000
6	92440001	92480000
6	92480001	92520000
6	92520001	92560000
6	92560001	92600000
6	92600001	92640000
6	92640001	92680000
6	92680001	92720000
6	92720001	92760000
6	92760001	92800000
6	92800001	92840000
6	92840001	92880000
6	92880001	92920000
6	92920001	92960000
6	92960001	93000000
6	93000001	93040000
6	93040001	93080000
6	93080001	93120000
6	93120001	93160000
6	93160001	93200000
6	93200001	93240000
6	93240001	93280000
6	93280001	93320000
6	93320001	93360000
6	93360001	93400000
6	93400001	93440000
6	93440001	93480000
6	93480001	93520000
6	93520001	93560000
6	93560001	93600000
6	93600001	93640000
6	93640001	93680000
6	93680001	93720000
6	93720001	93760000
6	93760001	93800000
6	93800001	93840000
6	93840001	93880000
6	93880001	93920000
6	93920001	93960000
6	93960001	94000000
6	94000001	94040000
6	94040001	94080000
6	94080001	94120000
6	94120001	94160000
6	94160001	94200000
6	94200001	94240000
6	94240001	94280000
6	94280001	94320000
6	94320001	94360000
6	94360001	94400000
6	94400001	94440000
6	94440001	94480000
6	94480001	94520000
6	94520001	94560000
6	94560001	94600000
6	94600001	94640000
6	94640001	94680000
6	94680001	94720000
6	94720001	94760000
6	94760001	94800000
6	94800001	94840000
6	94840001	94880000
6	94880001	94920000
6	94920001	94960000
6	94960001	95000000
6	95000001	95040000
6	95040001	95080000
6	95080001	95120000
6	95120001	95160000
6	95160001	95200000
6	95200001	95240000
6	95240001	95280000
6	95280001	95320000
6	95320001	95360000
6	95360001	95400000
6	95400001	95440000
6	95440001	95480000
6	95480001	95520000
6	95520001	95560000
6	95560001	95600000
6	95600001	95640000
6	95640001	95680000
6	95680001	95720000
6	95720001	95760000
6	95760001	95800000
6	95800001	95840000
6	95840001	95880000
6	95880001	95920000
6	95920001	95960000
6	95960001	96000000
6	96000001	96040000
6	96040001	96080000
6	96080001	96120000
6	96120001	96160000
6	96160001	96200000
6	96200001	96240000
6	96240001	96280000
6	96280001	96320000
6	96320001	96360000
6	96360001	96400000
6	96400001	96440000
6	96440001	96480000
6	96480001	96520000
6	96520001	96560000
6	96560001	96600000
6	96600001	96640000
6	96640001	96680000
6	96680001	96720000
6	96720001	96760000
6	96760001	96800000
6	96800001	96840000
6	96840001	96880000
6	96880001	96920000
6	96920001	96960000
6	96960001	97000000
6	97000001	97040000
6	97040001	97080000
6	97080001	97120000
6	97120001	97160000
6	97160001	97200000
6	97200001	97240000
6	97240001	97280000
6	97280001	97320000
6	97320001	97360000
6	97360001	97400000
6	97400001	97440000
6	97440001	97480000
6	97480001	97520000
6	97520001	97560000
6	97560001	97600000
6	97600001	97640000
6	97640001	97680000
6	97680001	97720000
6	97720001	97760000
6	97760001	97800000
6	97800001	97840000
6	97840001	97880000
6	97880001	97920000
6	97920001	97960000
6	97960001	98000000
6	98000001	98040000
6	98040001	98080000
6	98080001	98120000
6	98120001	98160000
6	98160001	98200000
6	98200001	98240000
6	98240001	98280000
6	98280001	98320000
6	98320001	98360000
6	98360001	98400000
6	98400001	98440000
6	98440001	98480000
6	98480001	98520000
6	98520001	98560000
6	98560001	98600000
6	98600001	98640000
6	98640001	98680000
6	98680001	98720000
6	98720001	98760000
6	98760001	98800000
6	98800001	98840000
6	98840001	98880000
6	98880001	98920000
6	98920001	98960000
6	98960001	99000000
6	99000001	99040000
6	99040001	99080000
6	99080001	99120000
6	99120001	99160000
6	99160001	99200000
6	99200001	99240000
6	99240001	99280000
6	99280001	99320000
6	99320001	99360000
6	99360001	99400000
6	99400001	99440000
6	99440001	99480000
6	99480001	99520000
6	99520001	99560000
6	99560001	99600000
6	99600001	99640000
6	99640001	99680000
6	99680001	99720000
6	99720001	99760000
6	99760001	99800000
6	99800001	99840000
6	99840001	99880000
6	99880001	99920000
6	99920001	99960000
6	99960001	100000000
6	100000001	100040000
6	100040001	100080000
6	100080001	100120000
6	100120001	100160000
6	100160001	100200000
6	100200001	100240000
6	100240001	100280000
6	100280001	100320000
6	100320001	100360000
6	100360001	100400000
6	100400001	100440000
6	100440001	100480000
6	100480001	100520000
6	100520001	100560000
6	100560001	100600000
6	100600001	100640000
6	100640001	100680000
6	100680001	100720000
6	100720001	100760000
6	100760001	100800000
6	100800001	100840000
6	100840001	100880000
6	100880001	100920000
6	100920001	100960000
6	100960001	101000000
6	101000001	101040000
6	101040001	101080000
6	101080001	101120000
6	101120001	101160000
6	101160001	101200000
6	101200001	101240000
6	101240001	101280000
6	101280001	101320000
6	101320001	101360000
6	101360001	101400000
6	101400001	101440000
6	101440001	101480000
6	101480001	101520000
6	101520001	101560000
6	101560001	101600000
6	101600001	101640000
6	101640001	101680000
6	101680001	101720000
6	101720001	101760000
6	101760001	101800000
6	101800001	101840000
6	101840001	101880000
6	101880001	101920000
6	101920001	101960000
6	101960001	102000000
6	102000001	102040000
6	102040001	102080000
6	102080001	102120000
6	102120001	102160000
6	102160001	102200000
6	102200001	102240000
6	102240001	102280000
6	102280001	102320000
6	102320001	102360000
6	102360001	102400000
6	102400001	102440000
6	102440001	102480000
6	102480001	102520000
6	102520001	102560000
6	102560001	102600000
6	102600001	102640000
6	102640001	102680000
6	102680001	102720000
6	102720001	102760000
6	102760001	102800000
6	102800001	102840000
6	102840001	102880000
6	102880001	102920000
6	102920001	102960000
6	102960001	103000000
6	103000001	103040000
6	103040001	103080000
6	103080001	103120000
6	103120001	103160000
6	103160001	103200000
6	103200001	103240000
6	103240001	103280000
6	103280001	103320000
6	103320001	103360000
6	103360001	103400000
6	103400001	103440000
6	103440001	103480000
6	103480001	103520000
6	103520001	103560000
6	103560001	103600000
6	103600001	103640000
6	103640001	103680000
6	103680001	103720000
6	103720001	103760000
6	103760001	103800000
6	103800001	103840000
6	103840001	103880000
6	103880001	103920000
6	103920001	103960000
6	103960001	104000000
6	104000001	104040000
6	104040001	104080000
6	104080001	104120000
6	104120001	104160000
6	104160001	104200000
6	104200001	104240000
6	104240001	104280000
6	104280001	104320000
6	104320001	104360000
6	104360001	104400000
6	104400001	104440000
6	104440001	104480000
6	104480001	104520000
6	104520001	104560000
6	104560001	104600000
6	104600001	104640000
6	104640001	104680000
6	104680001	104720000
6	104720001	104760000
6	104760001	104800000
6	104800001	104840000
6	104840001	104880000
6	104880001	104920000
6	104920001	104960000
6	104960001	105000000
6	105000001	105040000
6	105040001	105080000
6	105080001	105120000
6	105120001	105160000
6	105160001	105200000
6	105200001	105240000
6	105240001	105280000
6	105280001	105320000
6	105320001	105360000
6	105360001	105400000
6	105400001	105440000
6	105440001	105480000
6	105480001	105520000
6	105520001	105560000
6	105560001	105600000
6	105600001	105640000
6	105640001	105680000
6	105680001	105720000
6	105720001	105760000
6	105760001	105800000
6	105800001	105840000
6	105840001	105880000
6	105880001	105920000
6	105920001	105960000
6	105960001	106000000
6	106000001	106040000
6	106040001	106080000
6	106080001	106120000
6	106120001	106160000
6	106160001	106200000
6	106200001	106240000
6	106240001	106280000
6	106280001	106320000
6	106320001	106360000
6	106360001	106400000
6	106400001	106440000
6	106440001	106480000
6	106480001	106520000
6	106520001	106560000
6	106560001	106600000
6	106600001	106640000
6	106640001	106680000
6	106680001	106720000
6	106720001	106760000
6	106760001	106800000
6	106800001	106840000
6	106840001	106880000
6	106880001	106920000
6	106920001	106960000
6	106960001	107000000
6	107000001	107040000
6	107040001	107080000
6	107080001	107120000
6	107120001	107160000
6	107160001	107200000
6	107200001	107240000
6	107240001	107280000
6	107280001	107320000
6	107320001	107360000
6	107360001	107400000
6	107400001	107440000
6	107440001	107480000
6	107480001	107520000
6	107520001	107560000
6	107560001	107600000
6	107600001	107640000
6	107640001	107680000
6	107680001	107720000
6	107720001	107760000
6	107760001	107800000
6	107800001	107840000
6	107840001	107880000
6	107880001	107920000
6	107920001	107960000
6	107960001	108000000
6	108000001	108040000
6	108040001	108080000
6	108080001	108120000
6	108120001	108160000
6	108160001	108200000
6	108200001	108240000
6	108240001	108280000
6	108280001	108320000
6	108320001	108360000
6	108360001	108400000
6	108400001	108440000
6	108440001	108480000
6	108480001	108520000
6	108520001	108560000
6	108560001	108600000
6	108600001	108640000
6	108640001	108680000
6	108680001	108720000
6	108720001	108760000
6	108760001	108800000
6	108800001	108840000
6	108840001	108880000
6	108880001	108920000
6	108920001	108960000
6	108960001	109000000
6	109000001	109040000
6	109040001	109080000
6	109080001	109120000
6	109120001	109160000
6	109160001	109200000
6	109200001	109240000
6	109240001	109280000
6	109280001	109320000
6	109320001	109360000
6	109360001	109400000
6	109400001	109440000
6	109440001	109480000
6	109480001	109520000
6	109520001	109560000
6	109560001	109600000
6	109600001	109640000
6	109640001	109680000
6	109680001	109720000
6	109720001	109760000
6	109760001	109800000
6	109800001	109840000
6	109840001	109880000
6	109880001	109920000
6	109920001	109960000
6	109960001	110000000
6	110000001	110040000
6	110040001	110080000
6	110080001	110120000
6	110120001	110160000
6	110160001	110200000
6	110200001	110240000
6	110240001	110280000
6	110280001	110320000
6	110320001	110360000
6	110360001	110400000
6	110400001	110440000
6	110440001	110480000
6	110480001	110520000
6	110520001	110560000
6	110560001	110600000
6	110600001	110640000
6	110640001	110680000
6	110680001	110720000
6	110720001	110760000
6	110760001	110800000
6	110800001	110840000
6	110840001	110880000
6	110880001	110920000
6	110920001	110960000
6	110960001	111000000
6	111000001	111040000
6	111040001	111080000
6	111080001	111120000
6	111120001	111160000
6	111160001	111200000
6	111200001	111240000
6	111240001	111280000
6	111280001	111320000
6	111320001	111360000
6	111360001	111400000
6	111400001	111440000
6	111440001	111480000
6	111480001	111520000
6	111520001	111560000
6	111560001	111600000
6	111600001	111640000
6	111640001	111680000
6	111680001	111720000
6	111720001	111760000
6	111760001	111800000
6	111800001	111840000
6	111840001	111880000
6	111880001	111920000
6	111920001	111960000
6	111960001	112000000
6	112000001	112040000
6	112040001	112080000
6	112080001	112120000
6	112120001	112160000
6	112160001	112200000
6	112200001	112240000
6	112240001	112280000
6	112280001	112320000
6	112320001	112360000
6	112360001	112400000
6	112400001	112440000
6	112440001	112480000
6	112480001	112520000
6	112520001	112560000
6	112560001	112600000
6	112600001	112640000
6	112640001	112680000
6	112680001	112720000
6	112720001	112760000
6	112760001	112800000
6	112800001	112840000
6	112840001	112880000
6	112880001	112920000
6	112920001	112960000
6	112960001	113000000
6	113000001	113040000
6	113040001	113080000
6	113080001	113120000
6	113120001	113160000
6	113160001	113200000
6	113200001	113240000
6	113240001	113280000
6	113280001	113320000
6	113320001	113360000
6	113360001	113400000
6	113400001	113440000
6	113440001	113480000
6	113480001	113520000
6	113520001	113560000
6	113560001	113600000
6	113600001	113640000
6	113640001	113680000
6	113680001	113720000
6	113720001	113760000
6	113760001	113800000
6	113800001	113840000
6	113840001	113880000
6	113880001	113920000
6	113920001	113960000
6	113960001	114000000
6	114000001	114040000
6	114040001	114080000
6	114080001	114120000
6	114120001	114160000
6	114160001	114200000
6	114200001	114240000
6	114240001	114280000
6	114280001	114320000
6	114320001	114360000
6	114360001	114400000
6	114400001	114440000
6	114440001	114480000
6	114480001	114520000
6	114520001	114560000
6	114560001	114600000
6	114600001	114640000
6	114640001	114680000
6	114680001	114720000
6	114720001	114760000
6	114760001	114800000
6	114800001	114840000
6	114840001	114880000
6	114880001	114920000
6	114920001	114960000
6	114960001	115000000
6	115000001	115040000
6	115040001	115080000
6	115080001	115120000
6	115120001	115160000
6	115160001	115200000
6	115200001	115240000
6	115240001	115280000
6	115280001	115320000
6	115320001	115360000
6	115360001	115400000
6	115400001	115440000
6	115440001	115480000
6	115480001	115520000
6	115520001	115560000
6	115560001	115600000
6	115600001	115640000
6	115640001	115680000
6	115680001	115720000
6	115720001	115760000
6	115760001	115800000
6	115800001	115840000
6	115840001	115880000
6	115880001	115920000
6	115920001	115960000
6	115960001	116000000
6	116000001	116040000
6	116040001	116080000
6	116080001	116120000
6	116120001	116160000
6	116160001	116200000
6	116200001	116240000
6	116240001	116280000
6	116280001	116320000
6	116320001	116360000
6	116360001	116400000
6	116400001	116440000
6	116440001	116480000
6	116480001	116520000
6	116520001	116560000
6	116560001	116600000
6	116600001	116640000
6	116640001	116680000
6	116680001	116720000
6	116720001	116760000
6	116760001	116800000
6	116800001	116840000
6	116840001	116880000
6	116880001	116920000
6	116920001	116960000
6	116960001	117000000
6	117000001	117040000
6	117040001	117080000
6	117080001	117120000
6	117120001	117160000
6	117160001	117200000
6	117200001	117240000
6	117240001	117280000
6	117280001	117320000
6	117320001	117360000
6	117360001	117400000
6	117400001	117440000
6	117440001	117480000
6	117480001	117520000
6	117520001	117560000
6	117560001	117600000
6	117600001	117640000
6	117640001	117680000
6	117680001	117720000
6	117720001	117760000
6	117760001	117800000
6	117800001	117840000
6	117840001	117880000
6	117880001	117920000
6	117920001	117960000
6	117960001	118000000
6	118000001	118040000
6	118040001	118080000
6	118080001	118120000
6	118120001	118160000
6	118160001	118200000
6	118200001	118240000
6	118240001	118280000
6	118280001	118320000
6	118320001	118360000
6	118360001	118400000
6	118400001	118440000
6	118440001	118480000
6	118480001	118520000
6	118520001	118560000
6	118560001	118600000
6	118600001	118640000
6	118640001	118680000
6	118680001	118720000
6	118720001	118760000
6	118760001	118800000
6	118800001	118840000
6	118840001	118880000
6	118880001	118920000
6	118920001	118960000
6	118960001	119000000
6	119000001	119040000
6	119040001	119080000
6	119080001	119120000
6	119120001	119160000
6	119160001	119200000
6	119200001	119240000
6	119240001	119280000
6	119280001	119320000
6	119320001	119360000
6	119360001	119400000
6	119400001	119440000
6	119440001	119480000
6	119480001	119520000
6	119520001	119560000
6	119560001	119600000
6	119600001	119640000
6	119640001	119680000
6	119680001	119720000
6	119720001	119760000
6	119760001	119800000
6	119800001	119840000
6	119840001	119880000
6	119880001	119920000
6	119920001	119960000
6	119960001	120000000
6	120000001	120040000
6	120040001	120080000
6	120080001	120120000
6	120120001	120160000
6	120160001	120200000
6	120200001	120240000
6	120240001	120280000
6	120280001	120320000
6	120320001	120360000
6	120360001	120400000
6	120400001	120440000
6	120440001	120480000
6	120480001	120520000
6	120520001	120560000
6	120560001	120600000
6	120600001	120640000
6	120640001	120680000
6	120680001	120720000
6	120720001	120760000
6	120760001	120800000
6	120800001	120840000
6	120840001	120880000
6	120880001	120920000
6	120920001	120960000
6	120960001	121000000
6	121000001	121040000
6	121040001	121080000
6	121080001	121120000
6	121120001	121160000
6	121160001	121200000
6	121200001	121240000
6	121240001	121280000
6	121280001	121320000
6	121320001	121360000
6	121360001	121400000
6	121400001	121440000
6	121440001	121480000
6	121480001	121520000
6	121520001	121560000
6	121560001	121600000
6	121600001	121640000
6	121640001	121680000
6	121680001	121720000
6	121720001	121760000
6	121760001	121800000
6	121800001	121840000
6	121840001	121880000
6	121880001	121920000
6	121920001	121960000
6	121960001	122000000
6	122000001	122040000
6	122040001	122080000
6	122080001	122120000
6	122120001	122160000
6	122160001	122200000
6	122200001	122240000
6	122240001	122280000
6	122280001	122320000
6	122320001	122360000
6	122360001	122400000
6	122400001	122440000
6	122440001	122480000
6	122480001	122520000
6	122520001	122560000
6	122560001	122600000
6	122600001	122640000
6	122640001	122680000
6	122680001	122720000
6	122720001	122760000
6	122760001	122800000
6	122800001	122840000
6	122840001	122880000
6	122880001	122920000
6	122920001	122960000
6	122960001	123000000
6	123000001	123040000
6	123040001	123080000
6	123080001	123120000
6	123120001	123160000
6	123160001	123200000
6	123200001	123240000
6	123240001	123280000
6	123280001	123320000
6	123320001	123360000
6	123360001	123400000
6	123400001	123440000
6	123440001	123480000
6	123480001	123520000
6	123520001	123560000
6	123560001	123600000
6	123600001	123640000
6	123640001	123680000
6	123680001	123720000
6	123720001	123760000
6	123760001	123800000
6	123800001	123840000
6	123840001	123880000
6	123880001	123920000
6	123920001	123960000
6	123960001	124000000
6	124000001	124040000
6	124040001	124080000
6	124080001	124120000
6	124120001	124160000
6	124160001	124200000
6	124200001	124240000
6	124240001	124280000
6	124280001	124320000
6	124320001	124360000
6	124360001	124400000
6	124400001	124440000
6	124440001	124480000
6	124480001	124520000
6	124520001	124560000
6	124560001	124600000
6	124600001	124640000
6	124640001	124680000
6	124680001	124720000
6	124720001	124760000
6	124760001	124800000
6	124800001	124840000
6	124840001	124880000
6	124880001	124920000
6	124920001	124960000
6	124960001	125000000
6	125000001	125040000
6	125040001	125080000
6	125080001	125120000
6	125120001	125160000
6	125160001	125200000
6	125200001	125240000
6	125240001	125280000
6	125280001	125320000
6	125320001	125360000
6	125360001	125400000
6	125400001	125440000
6	125440001	125480000
6	125480001	125520000
6	125520001	125560000
6	125560001	125600000
6	125600001	125640000
6	125640001	125680000
6	125680001	125720000
6	125720001	125760000
6	125760001	125800000
6	125800001	125840000
6	125840001	125880000
6	125880001	125920000
6	125920001	125960000
6	125960001	126000000
6	126000001	126040000
6	126040001	126080000
6	126080001	126120000
6	126120001	126160000
6	126160001	126200000
6	126200001	126240000
6	126240001	126280000
6	126280001	126320000
6	126320001	126360000
6	126360001	126400000
6	126400001	126440000
6	126440001	126480000
6	126480001	126520000
6	126520001	126560000
6	126560001	126600000
6	126600001	126640000
6	126640001	126680000
6	126680001	126720000
6	126720001	126760000
6	126760001	126800000
6	126800001	126840000
6	126840001	126880000
6	126880001	126920000
6	126920001	126960000
6	126960001	127000000
6	127000001	127040000
6	127040001	127080000
6	127080001	127120000
6	127120001	127160000
6	127160001	127200000
6	127200001	127240000
6	127240001	127280000
6	127280001	127320000
6	127320001	127360000
6	127360001	127400000
6	127400001	127440000
6	127440001	127480000
6	127480001	127520000
6	127520001	127560000
6	127560001	127600000
6	127600001	127640000
6	127640001	127680000
6	127680001	127720000
6	127720001	127760000
6	127760001	127800000
6	127800001	127840000
6	127840001	127880000
6	127880001	127920000
6	127920001	127960000
6	127960001	128000000
6	128000001	128040000
6	128040001	128080000
6	128080001	128120000
6	128120001	128160000
6	128160001	128200000
6	128200001	128240000
6	128240001	128280000
6	128280001	128320000
6	128320001	128360000
6	128360001	128400000
6	128400001	128440000
6	128440001	128480000
6	128480001	128520000
6	128520001	128560000
6	128560001	128600000
6	128600001	128640000
6	128640001	128680000
6	128680001	128720000
6	128720001	128760000
6	128760001	128800000
6	128800001	128840000
6	128840001	128880000
6	128880001	128920000
6	128920001	128960000
6	128960001	129000000
6	129000001	129040000
6	129040001	129080000
6	129080001	129120000
6	129120001	129160000
6	129160001	129200000
6	129200001	129240000
6	129240001	129280000
6	129280001	129320000
6	129320001	129360000
6	129360001	129400000
6	129400001	129440000
6	129440001	129480000
6	129480001	129520000
6	129520001	129560000
6	129560001	129600000
6	129600001	129640000
6	129640001	129680000
6	129680001	129720000
6	129720001	129760000
6	129760001	129800000
6	129800001	129840000
6	129840001	129880000
6	129880001	129920000
6	129920001	129960000
6	129960001	130000000
6	130000001	130040000
6	130040001	130080000
6	130080001	130120000
6	130120001	130160000
6	130160001	130200000
6	130200001	130240000
6	130240001	130280000
6	130280001	130320000
6	130320001	130360000
6	130360001	130400000
6	130400001	130440000
6	130440001	130480000
6	130480001	130520000
6	130520001	130560000
6	130560001	130600000
6	130600001	130640000
6	130640001	130680000
6	130680001	130720000
6	130720001	130760000
6	130760001	130800000
6	130800001	130840000
6	130840001	130880000
6	130880001	130920000
6	130920001	130960000
6	130960001	131000000
6	131000001	131040000
6	131040001	131080000
6	131080001	131120000
6	131120001	131160000
6	131160001	131200000
6	131200001	131240000
6	131240001	131280000
6	131280001	131320000
6	131320001	131360000
6	131360001	131400000
6	131400001	131440000
6	131440001	131480000
6	131480001	131520000
6	131520001	131560000
6	131560001	131600000
6	131600001	131640000
6	131640001	131680000
6	131680001	131720000
6	131720001	131760000
6	131760001	131800000
6	131800001	131840000
6	131840001	131880000
6	131880001	131920000
6	131920001	131960000
6	131960001	132000000
6	132000001	132040000
6	132040001	132080000
6	132080001	132120000
6	132120001	132160000
6	132160001	132200000
6	132200001	132240000
6	132240001	132280000
6	132280001	132320000
6	132320001	132360000
6	132360001	132400000
6	132400001	132440000
6	132440001	132480000
6	132480001	132520000
6	132520001	132560000
6	132560001	132600000
6	132600001	132640000
6	132640001	132680000
6	132680001	132720000
6	132720001	132760000
6	132760001	132800000
6	132800001	132840000
6	132840001	132880000
6	132880001	132920000
6	132920001	132960000
6	132960001	133000000
6	133000001	133040000
6	133040001	133080000
6	133080001	133120000
6	133120001	133160000
6	133160001	133200000
6	133200001	133240000
6	133240001	133280000
6	133280001	133320000
6	133320001	133360000
6	133360001	133400000
6	133400001	133440000
6	133440001	133480000
6	133480001	133520000
6	133520001	133560000
6	133560001	133600000
6	133600001	133640000
6	133640001	133680000
6	133680001	133720000
6	133720001	133760000
6	133760001	133800000
6	133800001	133840000
6	133840001	133880000
6	133880001	133920000
6	133920001	133960000
6	133960001	134000000
6	134000001	134040000
6	134040001	134080000
6	134080001	134120000
6	134120001	134160000
6	134160001	134200000
6	134200001	134240000
6	134240001	134280000
6	134280001	134320000
6	134320001	134360000
6	134360001	134400000
6	134400001	134440000
6	134440001	134480000
6	134480001	134520000
6	134520001	134560000
6	134560001	134600000
6	134600001	134640000
6	134640001	134680000
6	134680001	134720000
6	134720001	134760000
6	134760001	134800000
6	134800001	134840000
6	134840001	134880000
6	134880001	134920000
6	134920001	134960000
6	134960001	135000000
6	135000001	135040000
6	135040001	135080000
6	135080001	135120000
6	135120001	135160000
6	135160001	135200000
6	135200001	135240000
6	135240001	135280000
6	135280001	135320000
6	135320001	135360000
6	135360001	135400000
6	135400001	135440000
6	135440001	135480000
6	135480001	135520000
6	135520001	135560000
6	135560001	135600000
6	135600001	135640000
6	135640001	135680000
6	135680001	135720000
6	135720001	135760000
6	135760001	135800000
6	135800001	135840000
6	135840001	135880000
6	135880001	135920000
6	135920001	135960000
6	135960001	136000000
6	136000001	136040000
6	136040001	136080000
6	136080001	136120000
6	136120001	136160000
6	136160001	136200000
6	136200001	136240000
6	136240001	136280000
6	136280001	136320000
6	136320001	136360000
6	136360001	136400000
6	136400001	136440000
6	136440001	136480000
6	136480001	136520000
6	136520001	136560000
6	136560001	136600000
6	136600001	136640000
6	136640001	136680000
6	136680001	136720000
6	136720001	136760000
6	136760001	136800000
6	136800001	136840000
6	136840001	136880000
6	136880001	136920000
6	136920001	136960000
6	136960001	137000000
6	137000001	137040000
6	137040001	137080000
6	137080001	137120000
6	137120001	137160000
6	137160001	137200000
6	137200001	137240000
6	137240001	137280000
6	137280001	137320000
6	137320001	137360000
6	137360001	137400000
6	137400001	137440000
6	137440001	137480000
6	137480001	137520000
6	137520001	137560000
6	137560001	137600000
6	137600001	137640000
6	137640001	137680000
6	137680001	137720000
6	137720001	137760000
6	137760001	137800000
6	137800001	137840000
6	137840001	137880000
6	137880001	137920000
6	137920001	137960000
6	137960001	138000000
6	138000001	138040000
6	138040001	138080000
6	138080001	138120000
6	138120001	138160000
6	138160001	138200000
6	138200001	138240000
6	138240001	138280000
6	138280001	138320000
6	138320001	138360000
6	138360001	138400000
6	138400001	138440000
6	138440001	138480000
6	138480001	138520000
6	138520001	138560000
6	138560001	138600000
6	138600001	138640000
6	138640001	138680000
6	138680001	138720000
6	138720001	138760000
6	138760001	138800000
6	138800001	138840000
6	138840001	138880000
6	138880001	138920000
6	138920001	138960000
6	138960001	139000000
6	139000001	139040000
6	139040001	139080000
6	139080001	139120000
6	139120001	139160000
6	139160001	139200000
6	139200001	139240000
6	139240001	139280000
6	139280001	139320000
6	139320001	139360000
6	139360001	139400000
6	139400001	139440000
6	139440001	139480000
6	139480001	139520000
6	139520001	139560000
6	139560001	139600000
6	139600001	139640000
6	139640001	139680000
6	139680001	139720000
6	139720001	139760000
6	139760001	139800000
6	139800001	139840000
6	139840001	139880000
6	139880001	139920000
6	139920001	139960000
6	139960001	140000000
6	140000001	140040000
6	140040001	140080000
6	140080001	140120000
6	140120001	140160000
6	140160001	140200000
6	140200001	140240000
6	140240001	140280000
6	140280001	140320000
6	140320001	140360000
6	140360001	140400000
6	140400001	140440000
6	140440001	140480000
6	140480001	140520000
6	140520001	140560000
6	140560001	140600000
6	140600001	140640000
6	140640001	140680000
6	140680001	140720000
6	140720001	140760000
6	140760001	140800000
6	140800001	140840000
6	140840001	140880000
6	140880001	140920000
6	140920001	140960000
6	140960001	141000000
6	141000001	141040000
6	141040001	141080000
6	141080001	141120000
6	141120001	141160000
6	141160001	141200000
6	141200001	141240000
6	141240001	141280000
6	141280001	141320000
6	141320001	141360000
6	141360001	141400000
6	141400001	141440000
6	141440001	141480000
6	141480001	141520000
6	141520001	141560000
6	141560001	141600000
6	141600001	141640000
6	141640001	141680000
6	141680001	141720000
6	141720001	141760000
6	141760001	141800000
6	141800001	141840000
6	141840001	141880000
6	141880001	141920000
6	141920001	141960000
6	141960001	142000000
6	142000001	142040000
6	142040001	142080000
6	142080001	142120000
6	142120001	142160000
6	142160001	142200000
6	142200001	142240000
6	142240001	142280000
6	142280001	142320000
6	142320001	142360000
6	142360001	142400000
6	142400001	142440000
6	142440001	142480000
6	142480001	142520000
6	142520001	142560000
6	142560001	142600000
6	142600001	142640000
6	142640001	142680000
6	142680001	142720000
6	142720001	142760000
6	142760001	142800000
6	142800001	142840000
6	142840001	142880000
6	142880001	142920000
6	142920001	142960000
6	142960001	143000000
6	143000001	143040000
6	143040001	143080000
6	143080001	143120000
6	143120001	143160000
6	143160001	143200000
6	143200001	143240000
6	143240001	143280000
6	143280001	143320000
6	143320001	143360000
6	143360001	143400000
6	143400001	143440000
6	143440001	143480000
6	143480001	143520000
6	143520001	143560000
6	143560001	143600000
6	143600001	143640000
6	143640001	143680000
6	143680001	143720000
6	143720001	143760000
6	143760001	143800000
6	143800001	143840000
6	143840001	143880000
6	143880001	143920000
6	143920001	143960000
6	143960001	144000000
6	144000001	144040000
6	144040001	144080000
6	144080001	144120000
6	144120001	144160000
6	144160001	144200000
6	144200001	144240000
6	144240001	144280000
6	144280001	144320000
6	144320001	144360000
6	144360001	144400000
6	144400001	144440000
6	144440001	144480000
6	144480001	144520000
6	144520001	144560000
6	144560001	144600000
6	144600001	144640000
6	144640001	144680000
6	144680001	144720000
6	144720001	144760000
6	144760001	144800000
6	144800001	144840000
6	144840001	144880000
6	144880001	144920000
6	144920001	144960000
6	144960001	145000000
6	145000001	145040000
6	145040001	145080000
6	145080001	145120000
6	145120001	145160000
6	145160001	145200000
6	145200001	145240000
6	145240001	145280000
6	145280001	145320000
6	145320001	145360000
6	145360001	145400000
6	145400001	145440000
6	145440001	145480000
6	145480001	145520000
6	145520001	145560000
6	145560001	145600000
6	145600001	145640000
6	145640001	145680000
6	145680001	145720000
6	145720001	145760000
6	145760001	145800000
6	145800001	145840000
6	145840001	145880000
6	145880001	145920000
6	145920001	145960000
6	145960001	146000000
6	146000001	146040000
6	146040001	146080000
6	146080001	146120000
6	146120001	146160000
6	146160001	146200000
6	146200001	146240000
6	146240001	146280000
6	146280001	146320000
6	146320001	146360000
6	146360001	146400000
6	146400001	146440000
6	146440001	146480000
6	146480001	146520000
6	146520001	146560000
6	146560001	146600000
6	146600001	146640000
6	146640001	146680000
6	146680001	146720000
6	146720001	146760000
6	146760001	146800000
6	146800001	146840000
6	146840001	146880000
6	146880001	146920000
6	146920001	146960000
6	146960001	147000000
6	147000001	147040000
6	147040001	147080000
6	147080001	147120000
6	147120001	147160000
6	147160001	147200000
6	147200001	147240000
6	147240001	147280000
6	147280001	147320000
6	147320001	147360000
6	147360001	147400000
6	147400001	147440000
6	147440001	147480000
6	147480001	147520000
6	147520001	147560000
6	147560001	147600000
6	147600001	147640000
6	147640001	147680000
6	147680001	147720000
6	147720001	147760000
6	147760001	147800000
6	147800001	147840000
6	147840001	147880000
6	147880001	147920000
6	147920001	147960000
6	147960001	148000000
6	148000001	148040000
6	148040001	148080000
6	148080001	148120000
6	148120001	148160000
6	148160001	148200000
6	148200001	148240000
6	148240001	148280000
6	148280001	148320000
6	148320001	148360000
6	148360001	148400000
6	148400001	148440000
6	148440001	148480000
6	148480001	148520000
6	148520001	148560000
6	148560001	148600000
6	148600001	148640000
6	148640001	148680000
6	148680001	148720000
6	148720001	148760000
6	148760001	148800000
6	148800001	148840000
6	148840001	148880000
6	148880001	148920000
6	148920001	148960000
6	148960001	149000000
6	149000001	149040000
6	149040001	149080000
6	149080001	149120000
6	149120001	149160000
6	149160001	149200000
6	149200001	149240000
6	149240001	149280000
6	149280001	149320000
6	149320001	149360000
6	149360001	149400000
6	149400001	149440000
6	149440001	149480000
6	149480001	149520000
6	149520001	149560000
6	149560001	149600000
6	149600001	149640000
6	149640001	149680000
6	149680001	149720000
6	149720001	149760000
6	149760001	149800000
6	149800001	149840000
6	149840001	149880000
6	149880001	149920000
6	149920001	149960000
6	149960001	150000000
6	150000001	150040000
6	150040001	150080000
6	150080001	150120000
6	150120001	150160000
6	150160001	150200000
6	150200001	150240000
6	150240001	150280000
6	150280001	150320000
6	150320001	150360000
6	150360001	150400000
6	150400001	150440000
6	150440001	150480000
6	150480001	150520000
6	150520001	150560000
6	150560001	150600000
6	150600001	150640000
6	150640001	150680000
6	150680001	150720000
6	150720001	150760000
6	150760001	150800000
6	150800001	150840000
6	150840001	150880000
6	150880001	150920000
6	150920001	150960000
6	150960001	151000000
6	151000001	151040000
6	151040001	151080000
6	151080001	151120000
6	151120001	151160000
6	151160001	151200000
6	151200001	151240000
6	151240001	151280000
6	151280001	151320000
6	151320001	151360000
6	151360001	151400000
6	151400001	151440000
6	151440001	151480000
6	151480001	151520000
6	151520001	151560000
6	151560001	151600000
6	151600001	151640000
6	151640001	151680000
6	151680001	151720000
6	151720001	151760000
6	151760001	151800000
6	151800001	151840000
6	151840001	151880000
6	151880001	151920000
6	151920001	151960000
6	151960001	152000000
6	152000001	152040000
6	152040001	152080000
6	152080001	152120000
6	152120001	152160000
6	152160001	152200000
6	152200001	152240000
6	152240001	152280000
6	152280001	152320000
6	152320001	152360000
6	152360001	152400000
6	152400001	152440000
6	152440001	152480000
6	152480001	152520000
6	152520001	152560000
6	152560001	152600000
6	152600001	152640000
6	152640001	152680000
6	152680001	152720000
6	152720001	152760000
6	152760001	152800000
6	152800001	152840000
6	152840001	152880000
6	152880001	152920000
6	152920001	152960000
6	152960001	153000000
6	153000001	153040000
6	153040001	153080000
6	153080001	153120000
6	153120001	153160000
6	153160001	153200000
6	153200001	153240000
6	153240001	153280000
6	153280001	153320000
6	153320001	153360000
6	153360001	153400000
6	153400001	153440000
6	153440001	153480000
6	153480001	153520000
6	153520001	153560000
6	153560001	153600000
6	153600001	153640000
6	153640001	153680000
6	153680001	153720000
6	153720001	153760000
6	153760001	153800000
6	153800001	153840000
6	153840001	153880000
6	153880001	153920000
6	153920001	153960000
6	153960001	154000000
6	154000001	154040000
6	154040001	154080000
6	154080001	154120000
6	154120001	154160000
6	154160001	154200000
6	154200001	154240000
6	154240001	154280000
6	154280001	154320000
6	154320001	154360000
6	154360001	154400000
6	154400001	154440000
6	154440001	154480000
6	154480001	154520000
6	154520001	154560000
6	154560001	154600000
6	154600001	154640000
6	154640001	154680000
6	154680001	154720000
6	154720001	154760000
6	154760001	154800000
6	154800001	154840000
6	154840001	154880000
6	154880001	154920000
6	154920001	154960000
6	154960001	155000000
6	155000001	155040000
6	155040001	155080000
6	155080001	155120000
6	155120001	155160000
6	155160001	155200000
6	155200001	155240000
6	155240001	155280000
6	155280001	155320000
6	155320001	155360000
6	155360001	155400000
6	155400001	155440000
6	155440001	155480000
6	155480001	155520000
6	155520001	155560000
6	155560001	155600000
6	155600001	155640000
6	155640001	155680000
6	155680001	155720000
6	155720001	155760000
6	155760001	155800000
6	155800001	155840000
6	155840001	155880000
6	155880001	155920000
6	155920001	155960000
6	155960001	156000000
6	156000001	156040000
6	156040001	156080000
6	156080001	156120000
6	156120001	156160000
6	156160001	156200000
6	156200001	156240000
6	156240001	156280000
6	156280001	156320000
6	156320001	156360000
6	156360001	156400000
6	156400001	156440000
6	156440001	156480000
6	156480001	156520000
6	156520001	156560000
6	156560001	156600000
6	156600001	156640000
6	156640001	156680000
6	156680001	156720000
6	156720001	156760000
6	156760001	156800000
6	156800001	156840000
6	156840001	156880000
6	156880001	156920000
6	156920001	156960000
6	156960001	157000000
6	157000001	157040000
6	157040001	157080000
6	157080001	157120000
6	157120001	157160000
6	157160001	157200000
6	157200001	157240000
6	157240001	157280000
6	157280001	157320000
6	157320001	157360000
6	157360001	157400000
6	157400001	157440000
6	157440001	157480000
6	157480001	157520000
6	157520001	157560000
6	157560001	157600000
6	157600001	157640000
6	157640001	157680000
6	157680001	157720000
6	157720001	157760000
6	157760001	157800000
6	157800001	157840000
6	157840001	157880000
6	157880001	157920000
6	157920001	157960000
6	157960001	158000000
6	158000001	158040000
6	158040001	158080000
6	158080001	158120000
6	158120001	158160000
6	158160001	158200000
6	158200001	158240000
6	158240001	158280000
6	158280001	158320000
6	158320001	158360000
6	158360001	158400000
6	158400001	158440000
6	158440001	158480000
6	158480001	158520000
6	158520001	158560000
6	158560001	158600000
6	158600001	158640000
6	158640001	158680000
6	158680001	158720000
6	158720001	158760000
6	158760001	158800000
6	158800001	158840000
6	158840001	158880000
6	158880001	158920000
6	158920001	158960000
6	158960001	159000000
6	159000001	159040000
6	159040001	159080000
6	159080001	159120000
6	159120001	159138663
