7	1	40000
7	40001	80000
7	80001	120000
7	120001	160000
7	160001	200000
7	200001	240000
7	240001	280000
7	280001	320000
7	320001	360000
7	360001	400000
7	400001	440000
7	440001	480000
7	480001	520000
7	520001	560000
7	560001	600000
7	600001	640000
7	640001	680000
7	680001	720000
7	720001	760000
7	760001	800000
7	800001	840000
7	840001	880000
7	880001	920000
7	920001	960000
7	960001	1000000
7	1000001	1040000
7	1040001	1080000
7	1080001	1120000
7	1120001	1160000
7	1160001	1200000
7	1200001	1240000
7	1240001	1280000
7	1280001	1320000
7	1320001	1360000
7	1360001	1400000
7	1400001	1440000
7	1440001	1480000
7	1480001	1520000
7	1520001	1560000
7	1560001	1600000
7	1600001	1640000
7	1640001	1680000
7	1680001	1720000
7	1720001	1760000
7	1760001	1800000
7	1800001	1840000
7	1840001	1880000
7	1880001	1920000
7	1920001	1960000
7	1960001	2000000
7	2000001	2040000
7	2040001	2080000
7	2080001	2120000
7	2120001	2160000
7	2160001	2200000
7	2200001	2240000
7	2240001	2280000
7	2280001	2320000
7	2320001	2360000
7	2360001	2400000
7	2400001	2440000
7	2440001	2480000
7	2480001	2520000
7	2520001	2560000
7	2560001	2600000
7	2600001	2640000
7	2640001	2680000
7	2680001	2720000
7	2720001	2760000
7	2760001	2800000
7	2800001	2840000
7	2840001	2880000
7	2880001	2920000
7	2920001	2960000
7	2960001	3000000
7	3000001	3040000
7	3040001	3080000
7	3080001	3120000
7	3120001	3160000
7	3160001	3200000
7	3200001	3240000
7	3240001	3280000
7	3280001	3320000
7	3320001	3360000
7	3360001	3400000
7	3400001	3440000
7	3440001	3480000
7	3480001	3520000
7	3520001	3560000
7	3560001	3600000
7	3600001	3640000
7	3640001	3680000
7	3680001	3720000
7	3720001	3760000
7	3760001	3800000
7	3800001	3840000
7	3840001	3880000
7	3880001	3920000
7	3920001	3960000
7	3960001	4000000
7	4000001	4040000
7	4040001	4080000
7	4080001	4120000
7	4120001	4160000
7	4160001	4200000
7	4200001	4240000
7	4240001	4280000
7	4280001	4320000
7	4320001	4360000
7	4360001	4400000
7	4400001	4440000
7	4440001	4480000
7	4480001	4520000
7	4520001	4560000
7	4560001	4600000
7	4600001	4640000
7	4640001	4680000
7	4680001	4720000
7	4720001	4760000
7	4760001	4800000
7	4800001	4840000
7	4840001	4880000
7	4880001	4920000
7	4920001	4960000
7	4960001	5000000
7	5000001	5040000
7	5040001	5080000
7	5080001	5120000
7	5120001	5160000
7	5160001	5200000
7	5200001	5240000
7	5240001	5280000
7	5280001	5320000
7	5320001	5360000
7	5360001	5400000
7	5400001	5440000
7	5440001	5480000
7	5480001	5520000
7	5520001	5560000
7	5560001	5600000
7	5600001	5640000
7	5640001	5680000
7	5680001	5720000
7	5720001	5760000
7	5760001	5800000
7	5800001	5840000
7	5840001	5880000
7	5880001	5920000
7	5920001	5960000
7	5960001	6000000
7	6000001	6040000
7	6040001	6080000
7	6080001	6120000
7	6120001	6160000
7	6160001	6200000
7	6200001	6240000
7	6240001	6280000
7	6280001	6320000
7	6320001	6360000
7	6360001	6400000
7	6400001	6440000
7	6440001	6480000
7	6480001	6520000
7	6520001	6560000
7	6560001	6600000
7	6600001	6640000
7	6640001	6680000
7	6680001	6720000
7	6720001	6760000
7	6760001	6800000
7	6800001	6840000
7	6840001	6880000
7	6880001	6920000
7	6920001	6960000
7	6960001	7000000
7	7000001	7040000
7	7040001	7080000
7	7080001	7120000
7	7120001	7160000
7	7160001	7200000
7	7200001	7240000
7	7240001	7280000
7	7280001	7320000
7	7320001	7360000
7	7360001	7400000
7	7400001	7440000
7	7440001	7480000
7	7480001	7520000
7	7520001	7560000
7	7560001	7600000
7	7600001	7640000
7	7640001	7680000
7	7680001	7720000
7	7720001	7760000
7	7760001	7800000
7	7800001	7840000
7	7840001	7880000
7	7880001	7920000
7	7920001	7960000
7	7960001	8000000
7	8000001	8040000
7	8040001	8080000
7	8080001	8120000
7	8120001	8160000
7	8160001	8200000
7	8200001	8240000
7	8240001	8280000
7	8280001	8320000
7	8320001	8360000
7	8360001	8400000
7	8400001	8440000
7	8440001	8480000
7	8480001	8520000
7	8520001	8560000
7	8560001	8600000
7	8600001	8640000
7	8640001	8680000
7	8680001	8720000
7	8720001	8760000
7	8760001	8800000
7	8800001	8840000
7	8840001	8880000
7	8880001	8920000
7	8920001	8960000
7	8960001	9000000
7	9000001	9040000
7	9040001	9080000
7	9080001	9120000
7	9120001	9160000
7	9160001	9200000
7	9200001	9240000
7	9240001	9280000
7	9280001	9320000
7	9320001	9360000
7	9360001	9400000
7	9400001	9440000
7	9440001	9480000
7	9480001	9520000
7	9520001	9560000
7	9560001	9600000
7	9600001	9640000
7	9640001	9680000
7	9680001	9720000
7	9720001	9760000
7	9760001	9800000
7	9800001	9840000
7	9840001	9880000
7	9880001	9920000
7	9920001	9960000
7	9960001	10000000
7	10000001	10040000
7	10040001	10080000
7	10080001	10120000
7	10120001	10160000
7	10160001	10200000
7	10200001	10240000
7	10240001	10280000
7	10280001	10320000
7	10320001	10360000
7	10360001	10400000
7	10400001	10440000
7	10440001	10480000
7	10480001	10520000
7	10520001	10560000
7	10560001	10600000
7	10600001	10640000
7	10640001	10680000
7	10680001	10720000
7	10720001	10760000
7	10760001	10800000
7	10800001	10840000
7	10840001	10880000
7	10880001	10920000
7	10920001	10960000
7	10960001	11000000
7	11000001	11040000
7	11040001	11080000
7	11080001	11120000
7	11120001	11160000
7	11160001	11200000
7	11200001	11240000
7	11240001	11280000
7	11280001	11320000
7	11320001	11360000
7	11360001	11400000
7	11400001	11440000
7	11440001	11480000
7	11480001	11520000
7	11520001	11560000
7	11560001	11600000
7	11600001	11640000
7	11640001	11680000
7	11680001	11720000
7	11720001	11760000
7	11760001	11800000
7	11800001	11840000
7	11840001	11880000
7	11880001	11920000
7	11920001	11960000
7	11960001	12000000
7	12000001	12040000
7	12040001	12080000
7	12080001	12120000
7	12120001	12160000
7	12160001	12200000
7	12200001	12240000
7	12240001	12280000
7	12280001	12320000
7	12320001	12360000
7	12360001	12400000
7	12400001	12440000
7	12440001	12480000
7	12480001	12520000
7	12520001	12560000
7	12560001	12600000
7	12600001	12640000
7	12640001	12680000
7	12680001	12720000
7	12720001	12760000
7	12760001	12800000
7	12800001	12840000
7	12840001	12880000
7	12880001	12920000
7	12920001	12960000
7	12960001	13000000
7	13000001	13040000
7	13040001	13080000
7	13080001	13120000
7	13120001	13160000
7	13160001	13200000
7	13200001	13240000
7	13240001	13280000
7	13280001	13320000
7	13320001	13360000
7	13360001	13400000
7	13400001	13440000
7	13440001	13480000
7	13480001	13520000
7	13520001	13560000
7	13560001	13600000
7	13600001	13640000
7	13640001	13680000
7	13680001	13720000
7	13720001	13760000
7	13760001	13800000
7	13800001	13840000
7	13840001	13880000
7	13880001	13920000
7	13920001	13960000
7	13960001	14000000
7	14000001	14040000
7	14040001	14080000
7	14080001	14120000
7	14120001	14160000
7	14160001	14200000
7	14200001	14240000
7	14240001	14280000
7	14280001	14320000
7	14320001	14360000
7	14360001	14400000
7	14400001	14440000
7	14440001	14480000
7	14480001	14520000
7	14520001	14560000
7	14560001	14600000
7	14600001	14640000
7	14640001	14680000
7	14680001	14720000
7	14720001	14760000
7	14760001	14800000
7	14800001	14840000
7	14840001	14880000
7	14880001	14920000
7	14920001	14960000
7	14960001	15000000
7	15000001	15040000
7	15040001	15080000
7	15080001	15120000
7	15120001	15160000
7	15160001	15200000
7	15200001	15240000
7	15240001	15280000
7	15280001	15320000
7	15320001	15360000
7	15360001	15400000
7	15400001	15440000
7	15440001	15480000
7	15480001	15520000
7	15520001	15560000
7	15560001	15600000
7	15600001	15640000
7	15640001	15680000
7	15680001	15720000
7	15720001	15760000
7	15760001	15800000
7	15800001	15840000
7	15840001	15880000
7	15880001	15920000
7	15920001	15960000
7	15960001	16000000
7	16000001	16040000
7	16040001	16080000
7	16080001	16120000
7	16120001	16160000
7	16160001	16200000
7	16200001	16240000
7	16240001	16280000
7	16280001	16320000
7	16320001	16360000
7	16360001	16400000
7	16400001	16440000
7	16440001	16480000
7	16480001	16520000
7	16520001	16560000
7	16560001	16600000
7	16600001	16640000
7	16640001	16680000
7	16680001	16720000
7	16720001	16760000
7	16760001	16800000
7	16800001	16840000
7	16840001	16880000
7	16880001	16920000
7	16920001	16960000
7	16960001	17000000
7	17000001	17040000
7	17040001	17080000
7	17080001	17120000
7	17120001	17160000
7	17160001	17200000
7	17200001	17240000
7	17240001	17280000
7	17280001	17320000
7	17320001	17360000
7	17360001	17400000
7	17400001	17440000
7	17440001	17480000
7	17480001	17520000
7	17520001	17560000
7	17560001	17600000
7	17600001	17640000
7	17640001	17680000
7	17680001	17720000
7	17720001	17760000
7	17760001	17800000
7	17800001	17840000
7	17840001	17880000
7	17880001	17920000
7	17920001	17960000
7	17960001	18000000
7	18000001	18040000
7	18040001	18080000
7	18080001	18120000
7	18120001	18160000
7	18160001	18200000
7	18200001	18240000
7	18240001	18280000
7	18280001	18320000
7	18320001	18360000
7	18360001	18400000
7	18400001	18440000
7	18440001	18480000
7	18480001	18520000
7	18520001	18560000
7	18560001	18600000
7	18600001	18640000
7	18640001	18680000
7	18680001	18720000
7	18720001	18760000
7	18760001	18800000
7	18800001	18840000
7	18840001	18880000
7	18880001	18920000
7	18920001	18960000
7	18960001	19000000
7	19000001	19040000
7	19040001	19080000
7	19080001	19120000
7	19120001	19160000
7	19160001	19200000
7	19200001	19240000
7	19240001	19280000
7	19280001	19320000
7	19320001	19360000
7	19360001	19400000
7	19400001	19440000
7	19440001	19480000
7	19480001	19520000
7	19520001	19560000
7	19560001	19600000
7	19600001	19640000
7	19640001	19680000
7	19680001	19720000
7	19720001	19760000
7	19760001	19800000
7	19800001	19840000
7	19840001	19880000
7	19880001	19920000
7	19920001	19960000
7	19960001	20000000
7	20000001	20040000
7	20040001	20080000
7	20080001	20120000
7	20120001	20160000
7	20160001	20200000
7	20200001	20240000
7	20240001	20280000
7	20280001	20320000
7	20320001	20360000
7	20360001	20400000
7	20400001	20440000
7	20440001	20480000
7	20480001	20520000
7	20520001	20560000
7	20560001	20600000
7	20600001	20640000
7	20640001	20680000
7	20680001	20720000
7	20720001	20760000
7	20760001	20800000
7	20800001	20840000
7	20840001	20880000
7	20880001	20920000
7	20920001	20960000
7	20960001	21000000
7	21000001	21040000
7	21040001	21080000
7	21080001	21120000
7	21120001	21160000
7	21160001	21200000
7	21200001	21240000
7	21240001	21280000
7	21280001	21320000
7	21320001	21360000
7	21360001	21400000
7	21400001	21440000
7	21440001	21480000
7	21480001	21520000
7	21520001	21560000
7	21560001	21600000
7	21600001	21640000
7	21640001	21680000
7	21680001	21720000
7	21720001	21760000
7	21760001	21800000
7	21800001	21840000
7	21840001	21880000
7	21880001	21920000
7	21920001	21960000
7	21960001	22000000
7	22000001	22040000
7	22040001	22080000
7	22080001	22120000
7	22120001	22160000
7	22160001	22200000
7	22200001	22240000
7	22240001	22280000
7	22280001	22320000
7	22320001	22360000
7	22360001	22400000
7	22400001	22440000
7	22440001	22480000
7	22480001	22520000
7	22520001	22560000
7	22560001	22600000
7	22600001	22640000
7	22640001	22680000
7	22680001	22720000
7	22720001	22760000
7	22760001	22800000
7	22800001	22840000
7	22840001	22880000
7	22880001	22920000
7	22920001	22960000
7	22960001	23000000
7	23000001	23040000
7	23040001	23080000
7	23080001	23120000
7	23120001	23160000
7	23160001	23200000
7	23200001	23240000
7	23240001	23280000
7	23280001	23320000
7	23320001	23360000
7	23360001	23400000
7	23400001	23440000
7	23440001	23480000
7	23480001	23520000
7	23520001	23560000
7	23560001	23600000
7	23600001	23640000
7	23640001	23680000
7	23680001	23720000
7	23720001	23760000
7	23760001	23800000
7	23800001	23840000
7	23840001	23880000
7	23880001	23920000
7	23920001	23960000
7	23960001	24000000
7	24000001	24040000
7	24040001	24080000
7	24080001	24120000
7	24120001	24160000
7	24160001	24200000
7	24200001	24240000
7	24240001	24280000
7	24280001	24320000
7	24320001	24360000
7	24360001	24400000
7	24400001	24440000
7	24440001	24480000
7	24480001	24520000
7	24520001	24560000
7	24560001	24600000
7	24600001	24640000
7	24640001	24680000
7	24680001	24720000
7	24720001	24760000
7	24760001	24800000
7	24800001	24840000
7	24840001	24880000
7	24880001	24920000
7	24920001	24960000
7	24960001	25000000
7	25000001	25040000
7	25040001	25080000
7	25080001	25120000
7	25120001	25160000
7	25160001	25200000
7	25200001	25240000
7	25240001	25280000
7	25280001	25320000
7	25320001	25360000
7	25360001	25400000
7	25400001	25440000
7	25440001	25480000
7	25480001	25520000
7	25520001	25560000
7	25560001	25600000
7	25600001	25640000
7	25640001	25680000
7	25680001	25720000
7	25720001	25760000
7	25760001	25800000
7	25800001	25840000
7	25840001	25880000
7	25880001	25920000
7	25920001	25960000
7	25960001	26000000
7	26000001	26040000
7	26040001	26080000
7	26080001	26120000
7	26120001	26160000
7	26160001	26200000
7	26200001	26240000
7	26240001	26280000
7	26280001	26320000
7	26320001	26360000
7	26360001	26400000
7	26400001	26440000
7	26440001	26480000
7	26480001	26520000
7	26520001	26560000
7	26560001	26600000
7	26600001	26640000
7	26640001	26680000
7	26680001	26720000
7	26720001	26760000
7	26760001	26800000
7	26800001	26840000
7	26840001	26880000
7	26880001	26920000
7	26920001	26960000
7	26960001	27000000
7	27000001	27040000
7	27040001	27080000
7	27080001	27120000
7	27120001	27160000
7	27160001	27200000
7	27200001	27240000
7	27240001	27280000
7	27280001	27320000
7	27320001	27360000
7	27360001	27400000
7	27400001	27440000
7	27440001	27480000
7	27480001	27520000
7	27520001	27560000
7	27560001	27600000
7	27600001	27640000
7	27640001	27680000
7	27680001	27720000
7	27720001	27760000
7	27760001	27800000
7	27800001	27840000
7	27840001	27880000
7	27880001	27920000
7	27920001	27960000
7	27960001	28000000
7	28000001	28040000
7	28040001	28080000
7	28080001	28120000
7	28120001	28160000
7	28160001	28200000
7	28200001	28240000
7	28240001	28280000
7	28280001	28320000
7	28320001	28360000
7	28360001	28400000
7	28400001	28440000
7	28440001	28480000
7	28480001	28520000
7	28520001	28560000
7	28560001	28600000
7	28600001	28640000
7	28640001	28680000
7	28680001	28720000
7	28720001	28760000
7	28760001	28800000
7	28800001	28840000
7	28840001	28880000
7	28880001	28920000
7	28920001	28960000
7	28960001	29000000
7	29000001	29040000
7	29040001	29080000
7	29080001	29120000
7	29120001	29160000
7	29160001	29200000
7	29200001	29240000
7	29240001	29280000
7	29280001	29320000
7	29320001	29360000
7	29360001	29400000
7	29400001	29440000
7	29440001	29480000
7	29480001	29520000
7	29520001	29560000
7	29560001	29600000
7	29600001	29640000
7	29640001	29680000
7	29680001	29720000
7	29720001	29760000
7	29760001	29800000
7	29800001	29840000
7	29840001	29880000
7	29880001	29920000
7	29920001	29960000
7	29960001	30000000
7	30000001	30040000
7	30040001	30080000
7	30080001	30120000
7	30120001	30160000
7	30160001	30200000
7	30200001	30240000
7	30240001	30280000
7	30280001	30320000
7	30320001	30360000
7	30360001	30400000
7	30400001	30440000
7	30440001	30480000
7	30480001	30520000
7	30520001	30560000
7	30560001	30600000
7	30600001	30640000
7	30640001	30680000
7	30680001	30720000
7	30720001	30760000
7	30760001	30800000
7	30800001	30840000
7	30840001	30880000
7	30880001	30920000
7	30920001	30960000
7	30960001	31000000
7	31000001	31040000
7	31040001	31080000
7	31080001	31120000
7	31120001	31160000
7	31160001	31200000
7	31200001	31240000
7	31240001	31280000
7	31280001	31320000
7	31320001	31360000
7	31360001	31400000
7	31400001	31440000
7	31440001	31480000
7	31480001	31520000
7	31520001	31560000
7	31560001	31600000
7	31600001	31640000
7	31640001	31680000
7	31680001	31720000
7	31720001	31760000
7	31760001	31800000
7	31800001	31840000
7	31840001	31880000
7	31880001	31920000
7	31920001	31960000
7	31960001	32000000
7	32000001	32040000
7	32040001	32080000
7	32080001	32120000
7	32120001	32160000
7	32160001	32200000
7	32200001	32240000
7	32240001	32280000
7	32280001	32320000
7	32320001	32360000
7	32360001	32400000
7	32400001	32440000
7	32440001	32480000
7	32480001	32520000
7	32520001	32560000
7	32560001	32600000
7	32600001	32640000
7	32640001	32680000
7	32680001	32720000
7	32720001	32760000
7	32760001	32800000
7	32800001	32840000
7	32840001	32880000
7	32880001	32920000
7	32920001	32960000
7	32960001	33000000
7	33000001	33040000
7	33040001	33080000
7	33080001	33120000
7	33120001	33160000
7	33160001	33200000
7	33200001	33240000
7	33240001	33280000
7	33280001	33320000
7	33320001	33360000
7	33360001	33400000
7	33400001	33440000
7	33440001	33480000
7	33480001	33520000
7	33520001	33560000
7	33560001	33600000
7	33600001	33640000
7	33640001	33680000
7	33680001	33720000
7	33720001	33760000
7	33760001	33800000
7	33800001	33840000
7	33840001	33880000
7	33880001	33920000
7	33920001	33960000
7	33960001	34000000
7	34000001	34040000
7	34040001	34080000
7	34080001	34120000
7	34120001	34160000
7	34160001	34200000
7	34200001	34240000
7	34240001	34280000
7	34280001	34320000
7	34320001	34360000
7	34360001	34400000
7	34400001	34440000
7	34440001	34480000
7	34480001	34520000
7	34520001	34560000
7	34560001	34600000
7	34600001	34640000
7	34640001	34680000
7	34680001	34720000
7	34720001	34760000
7	34760001	34800000
7	34800001	34840000
7	34840001	34880000
7	34880001	34920000
7	34920001	34960000
7	34960001	35000000
7	35000001	35040000
7	35040001	35080000
7	35080001	35120000
7	35120001	35160000
7	35160001	35200000
7	35200001	35240000
7	35240001	35280000
7	35280001	35320000
7	35320001	35360000
7	35360001	35400000
7	35400001	35440000
7	35440001	35480000
7	35480001	35520000
7	35520001	35560000
7	35560001	35600000
7	35600001	35640000
7	35640001	35680000
7	35680001	35720000
7	35720001	35760000
7	35760001	35800000
7	35800001	35840000
7	35840001	35880000
7	35880001	35920000
7	35920001	35960000
7	35960001	36000000
7	36000001	36040000
7	36040001	36080000
7	36080001	36120000
7	36120001	36160000
7	36160001	36200000
7	36200001	36240000
7	36240001	36280000
7	36280001	36320000
7	36320001	36360000
7	36360001	36400000
7	36400001	36440000
7	36440001	36480000
7	36480001	36520000
7	36520001	36560000
7	36560001	36600000
7	36600001	36640000
7	36640001	36680000
7	36680001	36720000
7	36720001	36760000
7	36760001	36800000
7	36800001	36840000
7	36840001	36880000
7	36880001	36920000
7	36920001	36960000
7	36960001	37000000
7	37000001	37040000
7	37040001	37080000
7	37080001	37120000
7	37120001	37160000
7	37160001	37200000
7	37200001	37240000
7	37240001	37280000
7	37280001	37320000
7	37320001	37360000
7	37360001	37400000
7	37400001	37440000
7	37440001	37480000
7	37480001	37520000
7	37520001	37560000
7	37560001	37600000
7	37600001	37640000
7	37640001	37680000
7	37680001	37720000
7	37720001	37760000
7	37760001	37800000
7	37800001	37840000
7	37840001	37880000
7	37880001	37920000
7	37920001	37960000
7	37960001	38000000
7	38000001	38040000
7	38040001	38080000
7	38080001	38120000
7	38120001	38160000
7	38160001	38200000
7	38200001	38240000
7	38240001	38280000
7	38280001	38320000
7	38320001	38360000
7	38360001	38400000
7	38400001	38440000
7	38440001	38480000
7	38480001	38520000
7	38520001	38560000
7	38560001	38600000
7	38600001	38640000
7	38640001	38680000
7	38680001	38720000
7	38720001	38760000
7	38760001	38800000
7	38800001	38840000
7	38840001	38880000
7	38880001	38920000
7	38920001	38960000
7	38960001	39000000
7	39000001	39040000
7	39040001	39080000
7	39080001	39120000
7	39120001	39160000
7	39160001	39200000
7	39200001	39240000
7	39240001	39280000
7	39280001	39320000
7	39320001	39360000
7	39360001	39400000
7	39400001	39440000
7	39440001	39480000
7	39480001	39520000
7	39520001	39560000
7	39560001	39600000
7	39600001	39640000
7	39640001	39680000
7	39680001	39720000
7	39720001	39760000
7	39760001	39800000
7	39800001	39840000
7	39840001	39880000
7	39880001	39920000
7	39920001	39960000
7	39960001	40000000
7	40000001	40040000
7	40040001	40080000
7	40080001	40120000
7	40120001	40160000
7	40160001	40200000
7	40200001	40240000
7	40240001	40280000
7	40280001	40320000
7	40320001	40360000
7	40360001	40400000
7	40400001	40440000
7	40440001	40480000
7	40480001	40520000
7	40520001	40560000
7	40560001	40600000
7	40600001	40640000
7	40640001	40680000
7	40680001	40720000
7	40720001	40760000
7	40760001	40800000
7	40800001	40840000
7	40840001	40880000
7	40880001	40920000
7	40920001	40960000
7	40960001	41000000
7	41000001	41040000
7	41040001	41080000
7	41080001	41120000
7	41120001	41160000
7	41160001	41200000
7	41200001	41240000
7	41240001	41280000
7	41280001	41320000
7	41320001	41360000
7	41360001	41400000
7	41400001	41440000
7	41440001	41480000
7	41480001	41520000
7	41520001	41560000
7	41560001	41600000
7	41600001	41640000
7	41640001	41680000
7	41680001	41720000
7	41720001	41760000
7	41760001	41800000
7	41800001	41840000
7	41840001	41880000
7	41880001	41920000
7	41920001	41960000
7	41960001	42000000
7	42000001	42040000
7	42040001	42080000
7	42080001	42120000
7	42120001	42160000
7	42160001	42200000
7	42200001	42240000
7	42240001	42280000
7	42280001	42320000
7	42320001	42360000
7	42360001	42400000
7	42400001	42440000
7	42440001	42480000
7	42480001	42520000
7	42520001	42560000
7	42560001	42600000
7	42600001	42640000
7	42640001	42680000
7	42680001	42720000
7	42720001	42760000
7	42760001	42800000
7	42800001	42840000
7	42840001	42880000
7	42880001	42920000
7	42920001	42960000
7	42960001	43000000
7	43000001	43040000
7	43040001	43080000
7	43080001	43120000
7	43120001	43160000
7	43160001	43200000
7	43200001	43240000
7	43240001	43280000
7	43280001	43320000
7	43320001	43360000
7	43360001	43400000
7	43400001	43440000
7	43440001	43480000
7	43480001	43520000
7	43520001	43560000
7	43560001	43600000
7	43600001	43640000
7	43640001	43680000
7	43680001	43720000
7	43720001	43760000
7	43760001	43800000
7	43800001	43840000
7	43840001	43880000
7	43880001	43920000
7	43920001	43960000
7	43960001	44000000
7	44000001	44040000
7	44040001	44080000
7	44080001	44120000
7	44120001	44160000
7	44160001	44200000
7	44200001	44240000
7	44240001	44280000
7	44280001	44320000
7	44320001	44360000
7	44360001	44400000
7	44400001	44440000
7	44440001	44480000
7	44480001	44520000
7	44520001	44560000
7	44560001	44600000
7	44600001	44640000
7	44640001	44680000
7	44680001	44720000
7	44720001	44760000
7	44760001	44800000
7	44800001	44840000
7	44840001	44880000
7	44880001	44920000
7	44920001	44960000
7	44960001	45000000
7	45000001	45040000
7	45040001	45080000
7	45080001	45120000
7	45120001	45160000
7	45160001	45200000
7	45200001	45240000
7	45240001	45280000
7	45280001	45320000
7	45320001	45360000
7	45360001	45400000
7	45400001	45440000
7	45440001	45480000
7	45480001	45520000
7	45520001	45560000
7	45560001	45600000
7	45600001	45640000
7	45640001	45680000
7	45680001	45720000
7	45720001	45760000
7	45760001	45800000
7	45800001	45840000
7	45840001	45880000
7	45880001	45920000
7	45920001	45960000
7	45960001	46000000
7	46000001	46040000
7	46040001	46080000
7	46080001	46120000
7	46120001	46160000
7	46160001	46200000
7	46200001	46240000
7	46240001	46280000
7	46280001	46320000
7	46320001	46360000
7	46360001	46400000
7	46400001	46440000
7	46440001	46480000
7	46480001	46520000
7	46520001	46560000
7	46560001	46600000
7	46600001	46640000
7	46640001	46680000
7	46680001	46720000
7	46720001	46760000
7	46760001	46800000
7	46800001	46840000
7	46840001	46880000
7	46880001	46920000
7	46920001	46960000
7	46960001	47000000
7	47000001	47040000
7	47040001	47080000
7	47080001	47120000
7	47120001	47160000
7	47160001	47200000
7	47200001	47240000
7	47240001	47280000
7	47280001	47320000
7	47320001	47360000
7	47360001	47400000
7	47400001	47440000
7	47440001	47480000
7	47480001	47520000
7	47520001	47560000
7	47560001	47600000
7	47600001	47640000
7	47640001	47680000
7	47680001	47720000
7	47720001	47760000
7	47760001	47800000
7	47800001	47840000
7	47840001	47880000
7	47880001	47920000
7	47920001	47960000
7	47960001	48000000
7	48000001	48040000
7	48040001	48080000
7	48080001	48120000
7	48120001	48160000
7	48160001	48200000
7	48200001	48240000
7	48240001	48280000
7	48280001	48320000
7	48320001	48360000
7	48360001	48400000
7	48400001	48440000
7	48440001	48480000
7	48480001	48520000
7	48520001	48560000
7	48560001	48600000
7	48600001	48640000
7	48640001	48680000
7	48680001	48720000
7	48720001	48760000
7	48760001	48800000
7	48800001	48840000
7	48840001	48880000
7	48880001	48920000
7	48920001	48960000
7	48960001	49000000
7	49000001	49040000
7	49040001	49080000
7	49080001	49120000
7	49120001	49160000
7	49160001	49200000
7	49200001	49240000
7	49240001	49280000
7	49280001	49320000
7	49320001	49360000
7	49360001	49400000
7	49400001	49440000
7	49440001	49480000
7	49480001	49520000
7	49520001	49560000
7	49560001	49600000
7	49600001	49640000
7	49640001	49680000
7	49680001	49720000
7	49720001	49760000
7	49760001	49800000
7	49800001	49840000
7	49840001	49880000
7	49880001	49920000
7	49920001	49960000
7	49960001	50000000
7	50000001	50040000
7	50040001	50080000
7	50080001	50120000
7	50120001	50160000
7	50160001	50200000
7	50200001	50240000
7	50240001	50280000
7	50280001	50320000
7	50320001	50360000
7	50360001	50400000
7	50400001	50440000
7	50440001	50480000
7	50480001	50520000
7	50520001	50560000
7	50560001	50600000
7	50600001	50640000
7	50640001	50680000
7	50680001	50720000
7	50720001	50760000
7	50760001	50800000
7	50800001	50840000
7	50840001	50880000
7	50880001	50920000
7	50920001	50960000
7	50960001	51000000
7	51000001	51040000
7	51040001	51080000
7	51080001	51120000
7	51120001	51160000
7	51160001	51200000
7	51200001	51240000
7	51240001	51280000
7	51280001	51320000
7	51320001	51360000
7	51360001	51400000
7	51400001	51440000
7	51440001	51480000
7	51480001	51520000
7	51520001	51560000
7	51560001	51600000
7	51600001	51640000
7	51640001	51680000
7	51680001	51720000
7	51720001	51760000
7	51760001	51800000
7	51800001	51840000
7	51840001	51880000
7	51880001	51920000
7	51920001	51960000
7	51960001	52000000
7	52000001	52040000
7	52040001	52080000
7	52080001	52120000
7	52120001	52160000
7	52160001	52200000
7	52200001	52240000
7	52240001	52280000
7	52280001	52320000
7	52320001	52360000
7	52360001	52400000
7	52400001	52440000
7	52440001	52480000
7	52480001	52520000
7	52520001	52560000
7	52560001	52600000
7	52600001	52640000
7	52640001	52680000
7	52680001	52720000
7	52720001	52760000
7	52760001	52800000
7	52800001	52840000
7	52840001	52880000
7	52880001	52920000
7	52920001	52960000
7	52960001	53000000
7	53000001	53040000
7	53040001	53080000
7	53080001	53120000
7	53120001	53160000
7	53160001	53200000
7	53200001	53240000
7	53240001	53280000
7	53280001	53320000
7	53320001	53360000
7	53360001	53400000
7	53400001	53440000
7	53440001	53480000
7	53480001	53520000
7	53520001	53560000
7	53560001	53600000
7	53600001	53640000
7	53640001	53680000
7	53680001	53720000
7	53720001	53760000
7	53760001	53800000
7	53800001	53840000
7	53840001	53880000
7	53880001	53920000
7	53920001	53960000
7	53960001	54000000
7	54000001	54040000
7	54040001	54080000
7	54080001	54120000
7	54120001	54160000
7	54160001	54200000
7	54200001	54240000
7	54240001	54280000
7	54280001	54320000
7	54320001	54360000
7	54360001	54400000
7	54400001	54440000
7	54440001	54480000
7	54480001	54520000
7	54520001	54560000
7	54560001	54600000
7	54600001	54640000
7	54640001	54680000
7	54680001	54720000
7	54720001	54760000
7	54760001	54800000
7	54800001	54840000
7	54840001	54880000
7	54880001	54920000
7	54920001	54960000
7	54960001	55000000
7	55000001	55040000
7	55040001	55080000
7	55080001	55120000
7	55120001	55160000
7	55160001	55200000
7	55200001	55240000
7	55240001	55280000
7	55280001	55320000
7	55320001	55360000
7	55360001	55400000
7	55400001	55440000
7	55440001	55480000
7	55480001	55520000
7	55520001	55560000
7	55560001	55600000
7	55600001	55640000
7	55640001	55680000
7	55680001	55720000
7	55720001	55760000
7	55760001	55800000
7	55800001	55840000
7	55840001	55880000
7	55880001	55920000
7	55920001	55960000
7	55960001	56000000
7	56000001	56040000
7	56040001	56080000
7	56080001	56120000
7	56120001	56160000
7	56160001	56200000
7	56200001	56240000
7	56240001	56280000
7	56280001	56320000
7	56320001	56360000
7	56360001	56400000
7	56400001	56440000
7	56440001	56480000
7	56480001	56520000
7	56520001	56560000
7	56560001	56600000
7	56600001	56640000
7	56640001	56680000
7	56680001	56720000
7	56720001	56760000
7	56760001	56800000
7	56800001	56840000
7	56840001	56880000
7	56880001	56920000
7	56920001	56960000
7	56960001	57000000
7	57000001	57040000
7	57040001	57080000
7	57080001	57120000
7	57120001	57160000
7	57160001	57200000
7	57200001	57240000
7	57240001	57280000
7	57280001	57320000
7	57320001	57360000
7	57360001	57400000
7	57400001	57440000
7	57440001	57480000
7	57480001	57520000
7	57520001	57560000
7	57560001	57600000
7	57600001	57640000
7	57640001	57680000
7	57680001	57720000
7	57720001	57760000
7	57760001	57800000
7	57800001	57840000
7	57840001	57880000
7	57880001	57920000
7	57920001	57960000
7	57960001	58000000
7	58000001	58040000
7	58040001	58080000
7	58080001	58120000
7	58120001	58160000
7	58160001	58200000
7	58200001	58240000
7	58240001	58280000
7	58280001	58320000
7	58320001	58360000
7	58360001	58400000
7	58400001	58440000
7	58440001	58480000
7	58480001	58520000
7	58520001	58560000
7	58560001	58600000
7	58600001	58640000
7	58640001	58680000
7	58680001	58720000
7	58720001	58760000
7	58760001	58800000
7	58800001	58840000
7	58840001	58880000
7	58880001	58920000
7	58920001	58960000
7	58960001	59000000
7	59000001	59040000
7	59040001	59080000
7	59080001	59120000
7	59120001	59160000
7	59160001	59200000
7	59200001	59240000
7	59240001	59280000
7	59280001	59320000
7	59320001	59360000
7	59360001	59400000
7	59400001	59440000
7	59440001	59480000
7	59480001	59520000
7	59520001	59560000
7	59560001	59600000
7	59600001	59640000
7	59640001	59680000
7	59680001	59720000
7	59720001	59760000
7	59760001	59800000
7	59800001	59840000
7	59840001	59880000
7	59880001	59920000
7	59920001	59960000
7	59960001	60000000
7	60000001	60040000
7	60040001	60080000
7	60080001	60120000
7	60120001	60160000
7	60160001	60200000
7	60200001	60240000
7	60240001	60280000
7	60280001	60320000
7	60320001	60360000
7	60360001	60400000
7	60400001	60440000
7	60440001	60480000
7	60480001	60520000
7	60520001	60560000
7	60560001	60600000
7	60600001	60640000
7	60640001	60680000
7	60680001	60720000
7	60720001	60760000
7	60760001	60800000
7	60800001	60840000
7	60840001	60880000
7	60880001	60920000
7	60920001	60960000
7	60960001	61000000
7	61000001	61040000
7	61040001	61080000
7	61080001	61120000
7	61120001	61160000
7	61160001	61200000
7	61200001	61240000
7	61240001	61280000
7	61280001	61320000
7	61320001	61360000
7	61360001	61400000
7	61400001	61440000
7	61440001	61480000
7	61480001	61520000
7	61520001	61560000
7	61560001	61600000
7	61600001	61640000
7	61640001	61680000
7	61680001	61720000
7	61720001	61760000
7	61760001	61800000
7	61800001	61840000
7	61840001	61880000
7	61880001	61920000
7	61920001	61960000
7	61960001	62000000
7	62000001	62040000
7	62040001	62080000
7	62080001	62120000
7	62120001	62160000
7	62160001	62200000
7	62200001	62240000
7	62240001	62280000
7	62280001	62320000
7	62320001	62360000
7	62360001	62400000
7	62400001	62440000
7	62440001	62480000
7	62480001	62520000
7	62520001	62560000
7	62560001	62600000
7	62600001	62640000
7	62640001	62680000
7	62680001	62720000
7	62720001	62760000
7	62760001	62800000
7	62800001	62840000
7	62840001	62880000
7	62880001	62920000
7	62920001	62960000
7	62960001	63000000
7	63000001	63040000
7	63040001	63080000
7	63080001	63120000
7	63120001	63160000
7	63160001	63200000
7	63200001	63240000
7	63240001	63280000
7	63280001	63320000
7	63320001	63360000
7	63360001	63400000
7	63400001	63440000
7	63440001	63480000
7	63480001	63520000
7	63520001	63560000
7	63560001	63600000
7	63600001	63640000
7	63640001	63680000
7	63680001	63720000
7	63720001	63760000
7	63760001	63800000
7	63800001	63840000
7	63840001	63880000
7	63880001	63920000
7	63920001	63960000
7	63960001	64000000
7	64000001	64040000
7	64040001	64080000
7	64080001	64120000
7	64120001	64160000
7	64160001	64200000
7	64200001	64240000
7	64240001	64280000
7	64280001	64320000
7	64320001	64360000
7	64360001	64400000
7	64400001	64440000
7	64440001	64480000
7	64480001	64520000
7	64520001	64560000
7	64560001	64600000
7	64600001	64640000
7	64640001	64680000
7	64680001	64720000
7	64720001	64760000
7	64760001	64800000
7	64800001	64840000
7	64840001	64880000
7	64880001	64920000
7	64920001	64960000
7	64960001	65000000
7	65000001	65040000
7	65040001	65080000
7	65080001	65120000
7	65120001	65160000
7	65160001	65200000
7	65200001	65240000
7	65240001	65280000
7	65280001	65320000
7	65320001	65360000
7	65360001	65400000
7	65400001	65440000
7	65440001	65480000
7	65480001	65520000
7	65520001	65560000
7	65560001	65600000
7	65600001	65640000
7	65640001	65680000
7	65680001	65720000
7	65720001	65760000
7	65760001	65800000
7	65800001	65840000
7	65840001	65880000
7	65880001	65920000
7	65920001	65960000
7	65960001	66000000
7	66000001	66040000
7	66040001	66080000
7	66080001	66120000
7	66120001	66160000
7	66160001	66200000
7	66200001	66240000
7	66240001	66280000
7	66280001	66320000
7	66320001	66360000
7	66360001	66400000
7	66400001	66440000
7	66440001	66480000
7	66480001	66520000
7	66520001	66560000
7	66560001	66600000
7	66600001	66640000
7	66640001	66680000
7	66680001	66720000
7	66720001	66760000
7	66760001	66800000
7	66800001	66840000
7	66840001	66880000
7	66880001	66920000
7	66920001	66960000
7	66960001	67000000
7	67000001	67040000
7	67040001	67080000
7	67080001	67120000
7	67120001	67160000
7	67160001	67200000
7	67200001	67240000
7	67240001	67280000
7	67280001	67320000
7	67320001	67360000
7	67360001	67400000
7	67400001	67440000
7	67440001	67480000
7	67480001	67520000
7	67520001	67560000
7	67560001	67600000
7	67600001	67640000
7	67640001	67680000
7	67680001	67720000
7	67720001	67760000
7	67760001	67800000
7	67800001	67840000
7	67840001	67880000
7	67880001	67920000
7	67920001	67960000
7	67960001	68000000
7	68000001	68040000
7	68040001	68080000
7	68080001	68120000
7	68120001	68160000
7	68160001	68200000
7	68200001	68240000
7	68240001	68280000
7	68280001	68320000
7	68320001	68360000
7	68360001	68400000
7	68400001	68440000
7	68440001	68480000
7	68480001	68520000
7	68520001	68560000
7	68560001	68600000
7	68600001	68640000
7	68640001	68680000
7	68680001	68720000
7	68720001	68760000
7	68760001	68800000
7	68800001	68840000
7	68840001	68880000
7	68880001	68920000
7	68920001	68960000
7	68960001	69000000
7	69000001	69040000
7	69040001	69080000
7	69080001	69120000
7	69120001	69160000
7	69160001	69200000
7	69200001	69240000
7	69240001	69280000
7	69280001	69320000
7	69320001	69360000
7	69360001	69400000
7	69400001	69440000
7	69440001	69480000
7	69480001	69520000
7	69520001	69560000
7	69560001	69600000
7	69600001	69640000
7	69640001	69680000
7	69680001	69720000
7	69720001	69760000
7	69760001	69800000
7	69800001	69840000
7	69840001	69880000
7	69880001	69920000
7	69920001	69960000
7	69960001	70000000
7	70000001	70040000
7	70040001	70080000
7	70080001	70120000
7	70120001	70160000
7	70160001	70200000
7	70200001	70240000
7	70240001	70280000
7	70280001	70320000
7	70320001	70360000
7	70360001	70400000
7	70400001	70440000
7	70440001	70480000
7	70480001	70520000
7	70520001	70560000
7	70560001	70600000
7	70600001	70640000
7	70640001	70680000
7	70680001	70720000
7	70720001	70760000
7	70760001	70800000
7	70800001	70840000
7	70840001	70880000
7	70880001	70920000
7	70920001	70960000
7	70960001	71000000
7	71000001	71040000
7	71040001	71080000
7	71080001	71120000
7	71120001	71160000
7	71160001	71200000
7	71200001	71240000
7	71240001	71280000
7	71280001	71320000
7	71320001	71360000
7	71360001	71400000
7	71400001	71440000
7	71440001	71480000
7	71480001	71520000
7	71520001	71560000
7	71560001	71600000
7	71600001	71640000
7	71640001	71680000
7	71680001	71720000
7	71720001	71760000
7	71760001	71800000
7	71800001	71840000
7	71840001	71880000
7	71880001	71920000
7	71920001	71960000
7	71960001	72000000
7	72000001	72040000
7	72040001	72080000
7	72080001	72120000
7	72120001	72160000
7	72160001	72200000
7	72200001	72240000
7	72240001	72280000
7	72280001	72320000
7	72320001	72360000
7	72360001	72400000
7	72400001	72440000
7	72440001	72480000
7	72480001	72520000
7	72520001	72560000
7	72560001	72600000
7	72600001	72640000
7	72640001	72680000
7	72680001	72720000
7	72720001	72760000
7	72760001	72800000
7	72800001	72840000
7	72840001	72880000
7	72880001	72920000
7	72920001	72960000
7	72960001	73000000
7	73000001	73040000
7	73040001	73080000
7	73080001	73120000
7	73120001	73160000
7	73160001	73200000
7	73200001	73240000
7	73240001	73280000
7	73280001	73320000
7	73320001	73360000
7	73360001	73400000
7	73400001	73440000
7	73440001	73480000
7	73480001	73520000
7	73520001	73560000
7	73560001	73600000
7	73600001	73640000
7	73640001	73680000
7	73680001	73720000
7	73720001	73760000
7	73760001	73800000
7	73800001	73840000
7	73840001	73880000
7	73880001	73920000
7	73920001	73960000
7	73960001	74000000
7	74000001	74040000
7	74040001	74080000
7	74080001	74120000
7	74120001	74160000
7	74160001	74200000
7	74200001	74240000
7	74240001	74280000
7	74280001	74320000
7	74320001	74360000
7	74360001	74400000
7	74400001	74440000
7	74440001	74480000
7	74480001	74520000
7	74520001	74560000
7	74560001	74600000
7	74600001	74640000
7	74640001	74680000
7	74680001	74720000
7	74720001	74760000
7	74760001	74800000
7	74800001	74840000
7	74840001	74880000
7	74880001	74920000
7	74920001	74960000
7	74960001	75000000
7	75000001	75040000
7	75040001	75080000
7	75080001	75120000
7	75120001	75160000
7	75160001	75200000
7	75200001	75240000
7	75240001	75280000
7	75280001	75320000
7	75320001	75360000
7	75360001	75400000
7	75400001	75440000
7	75440001	75480000
7	75480001	75520000
7	75520001	75560000
7	75560001	75600000
7	75600001	75640000
7	75640001	75680000
7	75680001	75720000
7	75720001	75760000
7	75760001	75800000
7	75800001	75840000
7	75840001	75880000
7	75880001	75920000
7	75920001	75960000
7	75960001	76000000
7	76000001	76040000
7	76040001	76080000
7	76080001	76120000
7	76120001	76160000
7	76160001	76200000
7	76200001	76240000
7	76240001	76280000
7	76280001	76320000
7	76320001	76360000
7	76360001	76400000
7	76400001	76440000
7	76440001	76480000
7	76480001	76520000
7	76520001	76560000
7	76560001	76600000
7	76600001	76640000
7	76640001	76680000
7	76680001	76720000
7	76720001	76760000
7	76760001	76800000
7	76800001	76840000
7	76840001	76880000
7	76880001	76920000
7	76920001	76960000
7	76960001	77000000
7	77000001	77040000
7	77040001	77080000
7	77080001	77120000
7	77120001	77160000
7	77160001	77200000
7	77200001	77240000
7	77240001	77280000
7	77280001	77320000
7	77320001	77360000
7	77360001	77400000
7	77400001	77440000
7	77440001	77480000
7	77480001	77520000
7	77520001	77560000
7	77560001	77600000
7	77600001	77640000
7	77640001	77680000
7	77680001	77720000
7	77720001	77760000
7	77760001	77800000
7	77800001	77840000
7	77840001	77880000
7	77880001	77920000
7	77920001	77960000
7	77960001	78000000
7	78000001	78040000
7	78040001	78080000
7	78080001	78120000
7	78120001	78160000
7	78160001	78200000
7	78200001	78240000
7	78240001	78280000
7	78280001	78320000
7	78320001	78360000
7	78360001	78400000
7	78400001	78440000
7	78440001	78480000
7	78480001	78520000
7	78520001	78560000
7	78560001	78600000
7	78600001	78640000
7	78640001	78680000
7	78680001	78720000
7	78720001	78760000
7	78760001	78800000
7	78800001	78840000
7	78840001	78880000
7	78880001	78920000
7	78920001	78960000
7	78960001	79000000
7	79000001	79040000
7	79040001	79080000
7	79080001	79120000
7	79120001	79160000
7	79160001	79200000
7	79200001	79240000
7	79240001	79280000
7	79280001	79320000
7	79320001	79360000
7	79360001	79400000
7	79400001	79440000
7	79440001	79480000
7	79480001	79520000
7	79520001	79560000
7	79560001	79600000
7	79600001	79640000
7	79640001	79680000
7	79680001	79720000
7	79720001	79760000
7	79760001	79800000
7	79800001	79840000
7	79840001	79880000
7	79880001	79920000
7	79920001	79960000
7	79960001	80000000
7	80000001	80040000
7	80040001	80080000
7	80080001	80120000
7	80120001	80160000
7	80160001	80200000
7	80200001	80240000
7	80240001	80280000
7	80280001	80320000
7	80320001	80360000
7	80360001	80400000
7	80400001	80440000
7	80440001	80480000
7	80480001	80520000
7	80520001	80560000
7	80560001	80600000
7	80600001	80640000
7	80640001	80680000
7	80680001	80720000
7	80720001	80760000
7	80760001	80800000
7	80800001	80840000
7	80840001	80880000
7	80880001	80920000
7	80920001	80960000
7	80960001	81000000
7	81000001	81040000
7	81040001	81080000
7	81080001	81120000
7	81120001	81160000
7	81160001	81200000
7	81200001	81240000
7	81240001	81280000
7	81280001	81320000
7	81320001	81360000
7	81360001	81400000
7	81400001	81440000
7	81440001	81480000
7	81480001	81520000
7	81520001	81560000
7	81560001	81600000
7	81600001	81640000
7	81640001	81680000
7	81680001	81720000
7	81720001	81760000
7	81760001	81800000
7	81800001	81840000
7	81840001	81880000
7	81880001	81920000
7	81920001	81960000
7	81960001	82000000
7	82000001	82040000
7	82040001	82080000
7	82080001	82120000
7	82120001	82160000
7	82160001	82200000
7	82200001	82240000
7	82240001	82280000
7	82280001	82320000
7	82320001	82360000
7	82360001	82400000
7	82400001	82440000
7	82440001	82480000
7	82480001	82520000
7	82520001	82560000
7	82560001	82600000
7	82600001	82640000
7	82640001	82680000
7	82680001	82720000
7	82720001	82760000
7	82760001	82800000
7	82800001	82840000
7	82840001	82880000
7	82880001	82920000
7	82920001	82960000
7	82960001	83000000
7	83000001	83040000
7	83040001	83080000
7	83080001	83120000
7	83120001	83160000
7	83160001	83200000
7	83200001	83240000
7	83240001	83280000
7	83280001	83320000
7	83320001	83360000
7	83360001	83400000
7	83400001	83440000
7	83440001	83480000
7	83480001	83520000
7	83520001	83560000
7	83560001	83600000
7	83600001	83640000
7	83640001	83680000
7	83680001	83720000
7	83720001	83760000
7	83760001	83800000
7	83800001	83840000
7	83840001	83880000
7	83880001	83920000
7	83920001	83960000
7	83960001	84000000
7	84000001	84040000
7	84040001	84080000
7	84080001	84120000
7	84120001	84160000
7	84160001	84200000
7	84200001	84240000
7	84240001	84280000
7	84280001	84320000
7	84320001	84360000
7	84360001	84400000
7	84400001	84440000
7	84440001	84480000
7	84480001	84520000
7	84520001	84560000
7	84560001	84600000
7	84600001	84640000
7	84640001	84680000
7	84680001	84720000
7	84720001	84760000
7	84760001	84800000
7	84800001	84840000
7	84840001	84880000
7	84880001	84920000
7	84920001	84960000
7	84960001	85000000
7	85000001	85040000
7	85040001	85080000
7	85080001	85120000
7	85120001	85160000
7	85160001	85200000
7	85200001	85240000
7	85240001	85280000
7	85280001	85320000
7	85320001	85360000
7	85360001	85400000
7	85400001	85440000
7	85440001	85480000
7	85480001	85520000
7	85520001	85560000
7	85560001	85600000
7	85600001	85640000
7	85640001	85680000
7	85680001	85720000
7	85720001	85760000
7	85760001	85800000
7	85800001	85840000
7	85840001	85880000
7	85880001	85920000
7	85920001	85960000
7	85960001	86000000
7	86000001	86040000
7	86040001	86080000
7	86080001	86120000
7	86120001	86160000
7	86160001	86200000
7	86200001	86240000
7	86240001	86280000
7	86280001	86320000
7	86320001	86360000
7	86360001	86400000
7	86400001	86440000
7	86440001	86480000
7	86480001	86520000
7	86520001	86560000
7	86560001	86600000
7	86600001	86640000
7	86640001	86680000
7	86680001	86720000
7	86720001	86760000
7	86760001	86800000
7	86800001	86840000
7	86840001	86880000
7	86880001	86920000
7	86920001	86960000
7	86960001	87000000
7	87000001	87040000
7	87040001	87080000
7	87080001	87120000
7	87120001	87160000
7	87160001	87200000
7	87200001	87240000
7	87240001	87280000
7	87280001	87320000
7	87320001	87360000
7	87360001	87400000
7	87400001	87440000
7	87440001	87480000
7	87480001	87520000
7	87520001	87560000
7	87560001	87600000
7	87600001	87640000
7	87640001	87680000
7	87680001	87720000
7	87720001	87760000
7	87760001	87800000
7	87800001	87840000
7	87840001	87880000
7	87880001	87920000
7	87920001	87960000
7	87960001	88000000
7	88000001	88040000
7	88040001	88080000
7	88080001	88120000
7	88120001	88160000
7	88160001	88200000
7	88200001	88240000
7	88240001	88280000
7	88280001	88320000
7	88320001	88360000
7	88360001	88400000
7	88400001	88440000
7	88440001	88480000
7	88480001	88520000
7	88520001	88560000
7	88560001	88600000
7	88600001	88640000
7	88640001	88680000
7	88680001	88720000
7	88720001	88760000
7	88760001	88800000
7	88800001	88840000
7	88840001	88880000
7	88880001	88920000
7	88920001	88960000
7	88960001	89000000
7	89000001	89040000
7	89040001	89080000
7	89080001	89120000
7	89120001	89160000
7	89160001	89200000
7	89200001	89240000
7	89240001	89280000
7	89280001	89320000
7	89320001	89360000
7	89360001	89400000
7	89400001	89440000
7	89440001	89480000
7	89480001	89520000
7	89520001	89560000
7	89560001	89600000
7	89600001	89640000
7	89640001	89680000
7	89680001	89720000
7	89720001	89760000
7	89760001	89800000
7	89800001	89840000
7	89840001	89880000
7	89880001	89920000
7	89920001	89960000
7	89960001	90000000
7	90000001	90040000
7	90040001	90080000
7	90080001	90120000
7	90120001	90160000
7	90160001	90200000
7	90200001	90240000
7	90240001	90280000
7	90280001	90320000
7	90320001	90360000
7	90360001	90400000
7	90400001	90440000
7	90440001	90480000
7	90480001	90520000
7	90520001	90560000
7	90560001	90600000
7	90600001	90640000
7	90640001	90680000
7	90680001	90720000
7	90720001	90760000
7	90760001	90800000
7	90800001	90840000
7	90840001	90880000
7	90880001	90920000
7	90920001	90960000
7	90960001	91000000
7	91000001	91040000
7	91040001	91080000
7	91080001	91120000
7	91120001	91160000
7	91160001	91200000
7	91200001	91240000
7	91240001	91280000
7	91280001	91320000
7	91320001	91360000
7	91360001	91400000
7	91400001	91440000
7	91440001	91480000
7	91480001	91520000
7	91520001	91560000
7	91560001	91600000
7	91600001	91640000
7	91640001	91680000
7	91680001	91720000
7	91720001	91760000
7	91760001	91800000
7	91800001	91840000
7	91840001	91880000
7	91880001	91920000
7	91920001	91960000
7	91960001	92000000
7	92000001	92040000
7	92040001	92080000
7	92080001	92120000
7	92120001	92160000
7	92160001	92200000
7	92200001	92240000
7	92240001	92280000
7	92280001	92320000
7	92320001	92360000
7	92360001	92400000
7	92400001	92440000
7	92440001	92480000
7	92480001	92520000
7	92520001	92560000
7	92560001	92600000
7	92600001	92640000
7	92640001	92680000
7	92680001	92720000
7	92720001	92760000
7	92760001	92800000
7	92800001	92840000
7	92840001	92880000
7	92880001	92920000
7	92920001	92960000
7	92960001	93000000
7	93000001	93040000
7	93040001	93080000
7	93080001	93120000
7	93120001	93160000
7	93160001	93200000
7	93200001	93240000
7	93240001	93280000
7	93280001	93320000
7	93320001	93360000
7	93360001	93400000
7	93400001	93440000
7	93440001	93480000
7	93480001	93520000
7	93520001	93560000
7	93560001	93600000
7	93600001	93640000
7	93640001	93680000
7	93680001	93720000
7	93720001	93760000
7	93760001	93800000
7	93800001	93840000
7	93840001	93880000
7	93880001	93920000
7	93920001	93960000
7	93960001	94000000
7	94000001	94040000
7	94040001	94080000
7	94080001	94120000
7	94120001	94160000
7	94160001	94200000
7	94200001	94240000
7	94240001	94280000
7	94280001	94320000
7	94320001	94360000
7	94360001	94400000
7	94400001	94440000
7	94440001	94480000
7	94480001	94520000
7	94520001	94560000
7	94560001	94600000
7	94600001	94640000
7	94640001	94680000
7	94680001	94720000
7	94720001	94760000
7	94760001	94800000
7	94800001	94840000
7	94840001	94880000
7	94880001	94920000
7	94920001	94960000
7	94960001	95000000
7	95000001	95040000
7	95040001	95080000
7	95080001	95120000
7	95120001	95160000
7	95160001	95200000
7	95200001	95240000
7	95240001	95280000
7	95280001	95320000
7	95320001	95360000
7	95360001	95400000
7	95400001	95440000
7	95440001	95480000
7	95480001	95520000
7	95520001	95560000
7	95560001	95600000
7	95600001	95640000
7	95640001	95680000
7	95680001	95720000
7	95720001	95760000
7	95760001	95800000
7	95800001	95840000
7	95840001	95880000
7	95880001	95920000
7	95920001	95960000
7	95960001	96000000
7	96000001	96040000
7	96040001	96080000
7	96080001	96120000
7	96120001	96160000
7	96160001	96200000
7	96200001	96240000
7	96240001	96280000
7	96280001	96320000
7	96320001	96360000
7	96360001	96400000
7	96400001	96440000
7	96440001	96480000
7	96480001	96520000
7	96520001	96560000
7	96560001	96600000
7	96600001	96640000
7	96640001	96680000
7	96680001	96720000
7	96720001	96760000
7	96760001	96800000
7	96800001	96840000
7	96840001	96880000
7	96880001	96920000
7	96920001	96960000
7	96960001	97000000
7	97000001	97040000
7	97040001	97080000
7	97080001	97120000
7	97120001	97160000
7	97160001	97200000
7	97200001	97240000
7	97240001	97280000
7	97280001	97320000
7	97320001	97360000
7	97360001	97400000
7	97400001	97440000
7	97440001	97480000
7	97480001	97520000
7	97520001	97560000
7	97560001	97600000
7	97600001	97640000
7	97640001	97680000
7	97680001	97720000
7	97720001	97760000
7	97760001	97800000
7	97800001	97840000
7	97840001	97880000
7	97880001	97920000
7	97920001	97960000
7	97960001	98000000
7	98000001	98040000
7	98040001	98080000
7	98080001	98120000
7	98120001	98160000
7	98160001	98200000
7	98200001	98240000
7	98240001	98280000
7	98280001	98320000
7	98320001	98360000
7	98360001	98400000
7	98400001	98440000
7	98440001	98480000
7	98480001	98520000
7	98520001	98560000
7	98560001	98600000
7	98600001	98640000
7	98640001	98680000
7	98680001	98720000
7	98720001	98760000
7	98760001	98800000
7	98800001	98840000
7	98840001	98880000
7	98880001	98920000
7	98920001	98960000
7	98960001	99000000
7	99000001	99040000
7	99040001	99080000
7	99080001	99120000
7	99120001	99160000
7	99160001	99200000
7	99200001	99240000
7	99240001	99280000
7	99280001	99320000
7	99320001	99360000
7	99360001	99400000
7	99400001	99440000
7	99440001	99480000
7	99480001	99520000
7	99520001	99560000
7	99560001	99600000
7	99600001	99640000
7	99640001	99680000
7	99680001	99720000
7	99720001	99760000
7	99760001	99800000
7	99800001	99840000
7	99840001	99880000
7	99880001	99920000
7	99920001	99960000
7	99960001	100000000
7	100000001	100040000
7	100040001	100080000
7	100080001	100120000
7	100120001	100160000
7	100160001	100200000
7	100200001	100240000
7	100240001	100280000
7	100280001	100320000
7	100320001	100360000
7	100360001	100400000
7	100400001	100440000
7	100440001	100480000
7	100480001	100520000
7	100520001	100560000
7	100560001	100600000
7	100600001	100640000
7	100640001	100680000
7	100680001	100720000
7	100720001	100760000
7	100760001	100800000
7	100800001	100840000
7	100840001	100880000
7	100880001	100920000
7	100920001	100960000
7	100960001	101000000
7	101000001	101040000
7	101040001	101080000
7	101080001	101120000
7	101120001	101160000
7	101160001	101200000
7	101200001	101240000
7	101240001	101280000
7	101280001	101320000
7	101320001	101360000
7	101360001	101400000
7	101400001	101440000
7	101440001	101480000
7	101480001	101520000
7	101520001	101560000
7	101560001	101600000
7	101600001	101640000
7	101640001	101680000
7	101680001	101720000
7	101720001	101760000
7	101760001	101800000
7	101800001	101840000
7	101840001	101880000
7	101880001	101920000
7	101920001	101960000
7	101960001	102000000
7	102000001	102040000
7	102040001	102080000
7	102080001	102120000
7	102120001	102160000
7	102160001	102200000
7	102200001	102240000
7	102240001	102280000
7	102280001	102320000
7	102320001	102360000
7	102360001	102400000
7	102400001	102440000
7	102440001	102480000
7	102480001	102520000
7	102520001	102560000
7	102560001	102600000
7	102600001	102640000
7	102640001	102680000
7	102680001	102720000
7	102720001	102760000
7	102760001	102800000
7	102800001	102840000
7	102840001	102880000
7	102880001	102920000
7	102920001	102960000
7	102960001	103000000
7	103000001	103040000
7	103040001	103080000
7	103080001	103120000
7	103120001	103160000
7	103160001	103200000
7	103200001	103240000
7	103240001	103280000
7	103280001	103320000
7	103320001	103360000
7	103360001	103400000
7	103400001	103440000
7	103440001	103480000
7	103480001	103520000
7	103520001	103560000
7	103560001	103600000
7	103600001	103640000
7	103640001	103680000
7	103680001	103720000
7	103720001	103760000
7	103760001	103800000
7	103800001	103840000
7	103840001	103880000
7	103880001	103920000
7	103920001	103960000
7	103960001	104000000
7	104000001	104040000
7	104040001	104080000
7	104080001	104120000
7	104120001	104160000
7	104160001	104200000
7	104200001	104240000
7	104240001	104280000
7	104280001	104320000
7	104320001	104360000
7	104360001	104400000
7	104400001	104440000
7	104440001	104480000
7	104480001	104520000
7	104520001	104560000
7	104560001	104600000
7	104600001	104640000
7	104640001	104680000
7	104680001	104720000
7	104720001	104760000
7	104760001	104800000
7	104800001	104840000
7	104840001	104880000
7	104880001	104920000
7	104920001	104960000
7	104960001	105000000
7	105000001	105040000
7	105040001	105080000
7	105080001	105120000
7	105120001	105160000
7	105160001	105200000
7	105200001	105240000
7	105240001	105280000
7	105280001	105320000
7	105320001	105360000
7	105360001	105400000
7	105400001	105440000
7	105440001	105480000
7	105480001	105520000
7	105520001	105560000
7	105560001	105600000
7	105600001	105640000
7	105640001	105680000
7	105680001	105720000
7	105720001	105760000
7	105760001	105800000
7	105800001	105840000
7	105840001	105880000
7	105880001	105920000
7	105920001	105960000
7	105960001	106000000
7	106000001	106040000
7	106040001	106080000
7	106080001	106120000
7	106120001	106160000
7	106160001	106200000
7	106200001	106240000
7	106240001	106280000
7	106280001	106320000
7	106320001	106360000
7	106360001	106400000
7	106400001	106440000
7	106440001	106480000
7	106480001	106520000
7	106520001	106560000
7	106560001	106600000
7	106600001	106640000
7	106640001	106680000
7	106680001	106720000
7	106720001	106760000
7	106760001	106800000
7	106800001	106840000
7	106840001	106880000
7	106880001	106920000
7	106920001	106960000
7	106960001	107000000
7	107000001	107040000
7	107040001	107080000
7	107080001	107120000
7	107120001	107160000
7	107160001	107200000
7	107200001	107240000
7	107240001	107280000
7	107280001	107320000
7	107320001	107360000
7	107360001	107400000
7	107400001	107440000
7	107440001	107480000
7	107480001	107520000
7	107520001	107560000
7	107560001	107600000
7	107600001	107640000
7	107640001	107680000
7	107680001	107720000
7	107720001	107760000
7	107760001	107800000
7	107800001	107840000
7	107840001	107880000
7	107880001	107920000
7	107920001	107960000
7	107960001	108000000
7	108000001	108040000
7	108040001	108080000
7	108080001	108120000
7	108120001	108160000
7	108160001	108200000
7	108200001	108240000
7	108240001	108280000
7	108280001	108320000
7	108320001	108360000
7	108360001	108400000
7	108400001	108440000
7	108440001	108480000
7	108480001	108520000
7	108520001	108560000
7	108560001	108600000
7	108600001	108640000
7	108640001	108680000
7	108680001	108720000
7	108720001	108760000
7	108760001	108800000
7	108800001	108840000
7	108840001	108880000
7	108880001	108920000
7	108920001	108960000
7	108960001	109000000
7	109000001	109040000
7	109040001	109080000
7	109080001	109120000
7	109120001	109160000
7	109160001	109200000
7	109200001	109240000
7	109240001	109280000
7	109280001	109320000
7	109320001	109360000
7	109360001	109400000
7	109400001	109440000
7	109440001	109480000
7	109480001	109520000
7	109520001	109560000
7	109560001	109600000
7	109600001	109640000
7	109640001	109680000
7	109680001	109720000
7	109720001	109760000
7	109760001	109800000
7	109800001	109840000
7	109840001	109880000
7	109880001	109920000
7	109920001	109960000
7	109960001	110000000
7	110000001	110040000
7	110040001	110080000
7	110080001	110120000
7	110120001	110160000
7	110160001	110200000
7	110200001	110240000
7	110240001	110280000
7	110280001	110320000
7	110320001	110360000
7	110360001	110400000
7	110400001	110440000
7	110440001	110480000
7	110480001	110520000
7	110520001	110560000
7	110560001	110600000
7	110600001	110640000
7	110640001	110680000
7	110680001	110720000
7	110720001	110760000
7	110760001	110800000
7	110800001	110840000
7	110840001	110880000
7	110880001	110920000
7	110920001	110960000
7	110960001	111000000
7	111000001	111040000
7	111040001	111080000
7	111080001	111120000
7	111120001	111160000
7	111160001	111200000
7	111200001	111240000
7	111240001	111280000
7	111280001	111320000
7	111320001	111360000
7	111360001	111400000
7	111400001	111440000
7	111440001	111480000
7	111480001	111520000
7	111520001	111560000
7	111560001	111600000
7	111600001	111640000
7	111640001	111680000
7	111680001	111720000
7	111720001	111760000
7	111760001	111800000
7	111800001	111840000
7	111840001	111880000
7	111880001	111920000
7	111920001	111960000
7	111960001	112000000
7	112000001	112040000
7	112040001	112080000
7	112080001	112120000
7	112120001	112160000
7	112160001	112200000
7	112200001	112240000
7	112240001	112280000
7	112280001	112320000
7	112320001	112360000
7	112360001	112400000
7	112400001	112440000
7	112440001	112480000
7	112480001	112520000
7	112520001	112560000
7	112560001	112600000
7	112600001	112640000
7	112640001	112680000
7	112680001	112720000
7	112720001	112760000
7	112760001	112800000
7	112800001	112840000
7	112840001	112880000
7	112880001	112920000
7	112920001	112960000
7	112960001	113000000
7	113000001	113040000
7	113040001	113080000
7	113080001	113120000
7	113120001	113160000
7	113160001	113200000
7	113200001	113240000
7	113240001	113280000
7	113280001	113320000
7	113320001	113360000
7	113360001	113400000
7	113400001	113440000
7	113440001	113480000
7	113480001	113520000
7	113520001	113560000
7	113560001	113600000
7	113600001	113640000
7	113640001	113680000
7	113680001	113720000
7	113720001	113760000
7	113760001	113800000
7	113800001	113840000
7	113840001	113880000
7	113880001	113920000
7	113920001	113960000
7	113960001	114000000
7	114000001	114040000
7	114040001	114080000
7	114080001	114120000
7	114120001	114160000
7	114160001	114200000
7	114200001	114240000
7	114240001	114280000
7	114280001	114320000
7	114320001	114360000
7	114360001	114400000
7	114400001	114440000
7	114440001	114480000
7	114480001	114520000
7	114520001	114560000
7	114560001	114600000
7	114600001	114640000
7	114640001	114680000
7	114680001	114720000
7	114720001	114760000
7	114760001	114800000
7	114800001	114840000
7	114840001	114880000
7	114880001	114920000
7	114920001	114960000
7	114960001	115000000
7	115000001	115040000
7	115040001	115080000
7	115080001	115120000
7	115120001	115160000
7	115160001	115200000
7	115200001	115240000
7	115240001	115280000
7	115280001	115320000
7	115320001	115360000
7	115360001	115400000
7	115400001	115440000
7	115440001	115480000
7	115480001	115520000
7	115520001	115560000
7	115560001	115600000
7	115600001	115640000
7	115640001	115680000
7	115680001	115720000
7	115720001	115760000
7	115760001	115800000
7	115800001	115840000
7	115840001	115880000
7	115880001	115920000
7	115920001	115960000
7	115960001	116000000
7	116000001	116040000
7	116040001	116080000
7	116080001	116120000
7	116120001	116160000
7	116160001	116200000
7	116200001	116240000
7	116240001	116280000
7	116280001	116320000
7	116320001	116360000
7	116360001	116400000
7	116400001	116440000
7	116440001	116480000
7	116480001	116520000
7	116520001	116560000
7	116560001	116600000
7	116600001	116640000
7	116640001	116680000
7	116680001	116720000
7	116720001	116760000
7	116760001	116800000
7	116800001	116840000
7	116840001	116880000
7	116880001	116920000
7	116920001	116960000
7	116960001	117000000
7	117000001	117040000
7	117040001	117080000
7	117080001	117120000
7	117120001	117160000
7	117160001	117200000
7	117200001	117240000
7	117240001	117280000
7	117280001	117320000
7	117320001	117360000
7	117360001	117400000
7	117400001	117440000
7	117440001	117480000
7	117480001	117520000
7	117520001	117560000
7	117560001	117600000
7	117600001	117640000
7	117640001	117680000
7	117680001	117720000
7	117720001	117760000
7	117760001	117800000
7	117800001	117840000
7	117840001	117880000
7	117880001	117920000
7	117920001	117960000
7	117960001	118000000
7	118000001	118040000
7	118040001	118080000
7	118080001	118120000
7	118120001	118160000
7	118160001	118200000
7	118200001	118240000
7	118240001	118280000
7	118280001	118320000
7	118320001	118360000
7	118360001	118400000
7	118400001	118440000
7	118440001	118480000
7	118480001	118520000
7	118520001	118560000
7	118560001	118600000
7	118600001	118640000
7	118640001	118680000
7	118680001	118720000
7	118720001	118760000
7	118760001	118800000
7	118800001	118840000
7	118840001	118880000
7	118880001	118920000
7	118920001	118960000
7	118960001	119000000
7	119000001	119040000
7	119040001	119080000
7	119080001	119120000
7	119120001	119160000
7	119160001	119200000
7	119200001	119240000
7	119240001	119280000
7	119280001	119320000
7	119320001	119360000
7	119360001	119400000
7	119400001	119440000
7	119440001	119480000
7	119480001	119520000
7	119520001	119560000
7	119560001	119600000
7	119600001	119640000
7	119640001	119680000
7	119680001	119720000
7	119720001	119760000
7	119760001	119800000
7	119800001	119840000
7	119840001	119880000
7	119880001	119920000
7	119920001	119960000
7	119960001	120000000
7	120000001	120040000
7	120040001	120080000
7	120080001	120120000
7	120120001	120160000
7	120160001	120200000
7	120200001	120240000
7	120240001	120280000
7	120280001	120320000
7	120320001	120360000
7	120360001	120400000
7	120400001	120440000
7	120440001	120480000
7	120480001	120520000
7	120520001	120560000
7	120560001	120600000
7	120600001	120640000
7	120640001	120680000
7	120680001	120720000
7	120720001	120760000
7	120760001	120800000
7	120800001	120840000
7	120840001	120880000
7	120880001	120920000
7	120920001	120960000
7	120960001	121000000
7	121000001	121040000
7	121040001	121080000
7	121080001	121120000
7	121120001	121160000
7	121160001	121200000
7	121200001	121240000
7	121240001	121280000
7	121280001	121320000
7	121320001	121360000
7	121360001	121400000
7	121400001	121440000
7	121440001	121480000
7	121480001	121520000
7	121520001	121560000
7	121560001	121600000
7	121600001	121640000
7	121640001	121680000
7	121680001	121720000
7	121720001	121760000
7	121760001	121800000
7	121800001	121840000
7	121840001	121880000
7	121880001	121920000
7	121920001	121960000
7	121960001	122000000
7	122000001	122040000
7	122040001	122080000
7	122080001	122120000
7	122120001	122160000
7	122160001	122200000
7	122200001	122240000
7	122240001	122280000
7	122280001	122320000
7	122320001	122360000
7	122360001	122400000
7	122400001	122440000
7	122440001	122480000
7	122480001	122520000
7	122520001	122560000
7	122560001	122600000
7	122600001	122640000
7	122640001	122680000
7	122680001	122720000
7	122720001	122760000
7	122760001	122800000
7	122800001	122840000
7	122840001	122880000
7	122880001	122920000
7	122920001	122960000
7	122960001	123000000
7	123000001	123040000
7	123040001	123080000
7	123080001	123120000
7	123120001	123160000
7	123160001	123200000
7	123200001	123240000
7	123240001	123280000
7	123280001	123320000
7	123320001	123360000
7	123360001	123400000
7	123400001	123440000
7	123440001	123480000
7	123480001	123520000
7	123520001	123560000
7	123560001	123600000
7	123600001	123640000
7	123640001	123680000
7	123680001	123720000
7	123720001	123760000
7	123760001	123800000
7	123800001	123840000
7	123840001	123880000
7	123880001	123920000
7	123920001	123960000
7	123960001	124000000
7	124000001	124040000
7	124040001	124080000
7	124080001	124120000
7	124120001	124160000
7	124160001	124200000
7	124200001	124240000
7	124240001	124280000
7	124280001	124320000
7	124320001	124360000
7	124360001	124400000
7	124400001	124440000
7	124440001	124480000
7	124480001	124520000
7	124520001	124560000
7	124560001	124600000
7	124600001	124640000
7	124640001	124680000
7	124680001	124720000
7	124720001	124760000
7	124760001	124800000
7	124800001	124840000
7	124840001	124880000
7	124880001	124920000
7	124920001	124960000
7	124960001	125000000
7	125000001	125040000
7	125040001	125080000
7	125080001	125120000
7	125120001	125160000
7	125160001	125200000
7	125200001	125240000
7	125240001	125280000
7	125280001	125320000
7	125320001	125360000
7	125360001	125400000
7	125400001	125440000
7	125440001	125480000
7	125480001	125520000
7	125520001	125560000
7	125560001	125600000
7	125600001	125640000
7	125640001	125680000
7	125680001	125720000
7	125720001	125760000
7	125760001	125800000
7	125800001	125840000
7	125840001	125880000
7	125880001	125920000
7	125920001	125960000
7	125960001	126000000
7	126000001	126040000
7	126040001	126080000
7	126080001	126120000
7	126120001	126160000
7	126160001	126200000
7	126200001	126240000
7	126240001	126280000
7	126280001	126320000
7	126320001	126360000
7	126360001	126400000
7	126400001	126440000
7	126440001	126480000
7	126480001	126520000
7	126520001	126560000
7	126560001	126600000
7	126600001	126640000
7	126640001	126680000
7	126680001	126720000
7	126720001	126760000
7	126760001	126800000
7	126800001	126840000
7	126840001	126880000
7	126880001	126920000
7	126920001	126960000
7	126960001	127000000
7	127000001	127040000
7	127040001	127080000
7	127080001	127120000
7	127120001	127160000
7	127160001	127200000
7	127200001	127240000
7	127240001	127280000
7	127280001	127320000
7	127320001	127360000
7	127360001	127400000
7	127400001	127440000
7	127440001	127480000
7	127480001	127520000
7	127520001	127560000
7	127560001	127600000
7	127600001	127640000
7	127640001	127680000
7	127680001	127720000
7	127720001	127760000
7	127760001	127800000
7	127800001	127840000
7	127840001	127880000
7	127880001	127920000
7	127920001	127960000
7	127960001	128000000
7	128000001	128040000
7	128040001	128080000
7	128080001	128120000
7	128120001	128160000
7	128160001	128200000
7	128200001	128240000
7	128240001	128280000
7	128280001	128320000
7	128320001	128360000
7	128360001	128400000
7	128400001	128440000
7	128440001	128480000
7	128480001	128520000
7	128520001	128560000
7	128560001	128600000
7	128600001	128640000
7	128640001	128680000
7	128680001	128720000
7	128720001	128760000
7	128760001	128800000
7	128800001	128840000
7	128840001	128880000
7	128880001	128920000
7	128920001	128960000
7	128960001	129000000
7	129000001	129040000
7	129040001	129080000
7	129080001	129120000
7	129120001	129160000
7	129160001	129200000
7	129200001	129240000
7	129240001	129280000
7	129280001	129320000
7	129320001	129360000
7	129360001	129400000
7	129400001	129440000
7	129440001	129480000
7	129480001	129520000
7	129520001	129560000
7	129560001	129600000
7	129600001	129640000
7	129640001	129680000
7	129680001	129720000
7	129720001	129760000
7	129760001	129800000
7	129800001	129840000
7	129840001	129880000
7	129880001	129920000
7	129920001	129960000
7	129960001	130000000
7	130000001	130040000
7	130040001	130080000
7	130080001	130120000
7	130120001	130160000
7	130160001	130200000
7	130200001	130240000
7	130240001	130280000
7	130280001	130320000
7	130320001	130360000
7	130360001	130400000
7	130400001	130440000
7	130440001	130480000
7	130480001	130520000
7	130520001	130560000
7	130560001	130600000
7	130600001	130640000
7	130640001	130680000
7	130680001	130720000
7	130720001	130760000
7	130760001	130800000
7	130800001	130840000
7	130840001	130880000
7	130880001	130920000
7	130920001	130960000
7	130960001	131000000
7	131000001	131040000
7	131040001	131080000
7	131080001	131120000
7	131120001	131160000
7	131160001	131200000
7	131200001	131240000
7	131240001	131280000
7	131280001	131320000
7	131320001	131360000
7	131360001	131400000
7	131400001	131440000
7	131440001	131480000
7	131480001	131520000
7	131520001	131560000
7	131560001	131600000
7	131600001	131640000
7	131640001	131680000
7	131680001	131720000
7	131720001	131760000
7	131760001	131800000
7	131800001	131840000
7	131840001	131880000
7	131880001	131920000
7	131920001	131960000
7	131960001	132000000
7	132000001	132040000
7	132040001	132080000
7	132080001	132120000
7	132120001	132160000
7	132160001	132200000
7	132200001	132240000
7	132240001	132280000
7	132280001	132320000
7	132320001	132360000
7	132360001	132400000
7	132400001	132440000
7	132440001	132480000
7	132480001	132520000
7	132520001	132560000
7	132560001	132600000
7	132600001	132640000
7	132640001	132680000
7	132680001	132720000
7	132720001	132760000
7	132760001	132800000
7	132800001	132840000
7	132840001	132880000
7	132880001	132920000
7	132920001	132960000
7	132960001	133000000
7	133000001	133040000
7	133040001	133080000
7	133080001	133120000
7	133120001	133160000
7	133160001	133200000
7	133200001	133240000
7	133240001	133280000
7	133280001	133320000
7	133320001	133360000
7	133360001	133400000
7	133400001	133440000
7	133440001	133480000
7	133480001	133520000
7	133520001	133560000
7	133560001	133600000
7	133600001	133640000
7	133640001	133680000
7	133680001	133720000
7	133720001	133760000
7	133760001	133800000
7	133800001	133840000
7	133840001	133880000
7	133880001	133920000
7	133920001	133960000
7	133960001	134000000
7	134000001	134040000
7	134040001	134080000
7	134080001	134120000
7	134120001	134160000
7	134160001	134200000
7	134200001	134240000
7	134240001	134280000
7	134280001	134320000
7	134320001	134360000
7	134360001	134400000
7	134400001	134440000
7	134440001	134480000
7	134480001	134520000
7	134520001	134560000
7	134560001	134600000
7	134600001	134640000
7	134640001	134680000
7	134680001	134720000
7	134720001	134760000
7	134760001	134800000
7	134800001	134840000
7	134840001	134880000
7	134880001	134920000
7	134920001	134960000
7	134960001	135000000
7	135000001	135040000
7	135040001	135080000
7	135080001	135120000
7	135120001	135160000
7	135160001	135200000
7	135200001	135240000
7	135240001	135280000
7	135280001	135320000
7	135320001	135360000
7	135360001	135400000
7	135400001	135440000
7	135440001	135480000
7	135480001	135520000
7	135520001	135560000
7	135560001	135600000
7	135600001	135640000
7	135640001	135680000
7	135680001	135720000
7	135720001	135760000
7	135760001	135800000
7	135800001	135840000
7	135840001	135880000
7	135880001	135920000
7	135920001	135960000
7	135960001	136000000
7	136000001	136040000
7	136040001	136080000
7	136080001	136120000
7	136120001	136160000
7	136160001	136200000
7	136200001	136240000
7	136240001	136280000
7	136280001	136320000
7	136320001	136360000
7	136360001	136400000
7	136400001	136440000
7	136440001	136480000
7	136480001	136520000
7	136520001	136560000
7	136560001	136600000
7	136600001	136640000
7	136640001	136680000
7	136680001	136720000
7	136720001	136760000
7	136760001	136800000
7	136800001	136840000
7	136840001	136880000
7	136880001	136920000
7	136920001	136960000
7	136960001	137000000
7	137000001	137040000
7	137040001	137080000
7	137080001	137120000
7	137120001	137160000
7	137160001	137200000
7	137200001	137240000
7	137240001	137280000
7	137280001	137320000
7	137320001	137360000
7	137360001	137400000
7	137400001	137440000
7	137440001	137480000
7	137480001	137520000
7	137520001	137560000
7	137560001	137600000
7	137600001	137640000
7	137640001	137680000
7	137680001	137720000
7	137720001	137760000
7	137760001	137800000
7	137800001	137840000
7	137840001	137880000
7	137880001	137920000
7	137920001	137960000
7	137960001	138000000
7	138000001	138040000
7	138040001	138080000
7	138080001	138120000
7	138120001	138160000
7	138160001	138200000
7	138200001	138240000
7	138240001	138280000
7	138280001	138320000
7	138320001	138360000
7	138360001	138400000
7	138400001	138440000
7	138440001	138480000
7	138480001	138520000
7	138520001	138560000
7	138560001	138600000
7	138600001	138640000
7	138640001	138680000
7	138680001	138720000
7	138720001	138760000
7	138760001	138800000
7	138800001	138840000
7	138840001	138880000
7	138880001	138920000
7	138920001	138960000
7	138960001	139000000
7	139000001	139040000
7	139040001	139080000
7	139080001	139120000
7	139120001	139160000
7	139160001	139200000
7	139200001	139240000
7	139240001	139280000
7	139280001	139320000
7	139320001	139360000
7	139360001	139400000
7	139400001	139440000
7	139440001	139480000
7	139480001	139520000
7	139520001	139560000
7	139560001	139600000
7	139600001	139640000
7	139640001	139680000
7	139680001	139720000
7	139720001	139760000
7	139760001	139800000
7	139800001	139840000
7	139840001	139880000
7	139880001	139920000
7	139920001	139960000
7	139960001	140000000
7	140000001	140040000
7	140040001	140080000
7	140080001	140120000
7	140120001	140160000
7	140160001	140200000
7	140200001	140240000
7	140240001	140280000
7	140280001	140320000
7	140320001	140360000
7	140360001	140400000
7	140400001	140440000
7	140440001	140480000
7	140480001	140520000
7	140520001	140560000
7	140560001	140600000
7	140600001	140640000
7	140640001	140680000
7	140680001	140720000
7	140720001	140760000
7	140760001	140800000
7	140800001	140840000
7	140840001	140880000
7	140880001	140920000
7	140920001	140960000
7	140960001	141000000
7	141000001	141040000
7	141040001	141080000
7	141080001	141120000
7	141120001	141160000
7	141160001	141200000
7	141200001	141240000
7	141240001	141280000
7	141280001	141320000
7	141320001	141360000
7	141360001	141400000
7	141400001	141440000
7	141440001	141480000
7	141480001	141520000
7	141520001	141560000
7	141560001	141600000
7	141600001	141640000
7	141640001	141680000
7	141680001	141720000
7	141720001	141760000
7	141760001	141800000
7	141800001	141840000
7	141840001	141880000
7	141880001	141920000
7	141920001	141960000
7	141960001	142000000
7	142000001	142040000
7	142040001	142080000
7	142080001	142120000
7	142120001	142160000
7	142160001	142200000
7	142200001	142240000
7	142240001	142280000
7	142280001	142320000
7	142320001	142360000
7	142360001	142400000
7	142400001	142440000
7	142440001	142480000
7	142480001	142520000
7	142520001	142560000
7	142560001	142600000
7	142600001	142640000
7	142640001	142680000
7	142680001	142720000
7	142720001	142760000
7	142760001	142800000
7	142800001	142840000
7	142840001	142880000
7	142880001	142920000
7	142920001	142960000
7	142960001	143000000
7	143000001	143040000
7	143040001	143080000
7	143080001	143120000
7	143120001	143160000
7	143160001	143200000
7	143200001	143240000
7	143240001	143280000
7	143280001	143320000
7	143320001	143360000
7	143360001	143400000
7	143400001	143440000
7	143440001	143480000
7	143480001	143520000
7	143520001	143560000
7	143560001	143600000
7	143600001	143640000
7	143640001	143680000
7	143680001	143720000
7	143720001	143760000
7	143760001	143800000
7	143800001	143840000
7	143840001	143880000
7	143880001	143920000
7	143920001	143960000
7	143960001	144000000
7	144000001	144040000
7	144040001	144080000
7	144080001	144120000
7	144120001	144160000
7	144160001	144200000
7	144200001	144240000
7	144240001	144280000
7	144280001	144320000
7	144320001	144360000
7	144360001	144400000
7	144400001	144440000
7	144440001	144480000
7	144480001	144520000
7	144520001	144560000
7	144560001	144600000
7	144600001	144640000
7	144640001	144680000
7	144680001	144720000
7	144720001	144760000
7	144760001	144800000
7	144800001	144840000
7	144840001	144880000
7	144880001	144920000
7	144920001	144960000
7	144960001	145000000
7	145000001	145040000
7	145040001	145080000
7	145080001	145120000
7	145120001	145160000
7	145160001	145200000
7	145200001	145240000
7	145240001	145280000
7	145280001	145320000
7	145320001	145360000
7	145360001	145400000
7	145400001	145440000
7	145440001	145480000
7	145480001	145520000
7	145520001	145560000
7	145560001	145600000
7	145600001	145640000
7	145640001	145680000
7	145680001	145720000
7	145720001	145760000
7	145760001	145800000
7	145800001	145840000
7	145840001	145880000
7	145880001	145920000
7	145920001	145960000
7	145960001	146000000
7	146000001	146040000
7	146040001	146080000
7	146080001	146120000
7	146120001	146160000
7	146160001	146200000
7	146200001	146240000
7	146240001	146280000
7	146280001	146320000
7	146320001	146360000
7	146360001	146364022
