8	1	40000
8	40001	80000
8	80001	120000
8	120001	160000
8	160001	200000
8	200001	240000
8	240001	280000
8	280001	320000
8	320001	360000
8	360001	400000
8	400001	440000
8	440001	480000
8	480001	520000
8	520001	560000
8	560001	600000
8	600001	640000
8	640001	680000
8	680001	720000
8	720001	760000
8	760001	800000
8	800001	840000
8	840001	880000
8	880001	920000
8	920001	960000
8	960001	1000000
8	1000001	1040000
8	1040001	1080000
8	1080001	1120000
8	1120001	1160000
8	1160001	1200000
8	1200001	1240000
8	1240001	1280000
8	1280001	1320000
8	1320001	1360000
8	1360001	1400000
8	1400001	1440000
8	1440001	1480000
8	1480001	1520000
8	1520001	1560000
8	1560001	1600000
8	1600001	1640000
8	1640001	1680000
8	1680001	1720000
8	1720001	1760000
8	1760001	1800000
8	1800001	1840000
8	1840001	1880000
8	1880001	1920000
8	1920001	1960000
8	1960001	2000000
8	2000001	2040000
8	2040001	2080000
8	2080001	2120000
8	2120001	2160000
8	2160001	2200000
8	2200001	2240000
8	2240001	2280000
8	2280001	2320000
8	2320001	2360000
8	2360001	2400000
8	2400001	2440000
8	2440001	2480000
8	2480001	2520000
8	2520001	2560000
8	2560001	2600000
8	2600001	2640000
8	2640001	2680000
8	2680001	2720000
8	2720001	2760000
8	2760001	2800000
8	2800001	2840000
8	2840001	2880000
8	2880001	2920000
8	2920001	2960000
8	2960001	3000000
8	3000001	3040000
8	3040001	3080000
8	3080001	3120000
8	3120001	3160000
8	3160001	3200000
8	3200001	3240000
8	3240001	3280000
8	3280001	3320000
8	3320001	3360000
8	3360001	3400000
8	3400001	3440000
8	3440001	3480000
8	3480001	3520000
8	3520001	3560000
8	3560001	3600000
8	3600001	3640000
8	3640001	3680000
8	3680001	3720000
8	3720001	3760000
8	3760001	3800000
8	3800001	3840000
8	3840001	3880000
8	3880001	3920000
8	3920001	3960000
8	3960001	4000000
8	4000001	4040000
8	4040001	4080000
8	4080001	4120000
8	4120001	4160000
8	4160001	4200000
8	4200001	4240000
8	4240001	4280000
8	4280001	4320000
8	4320001	4360000
8	4360001	4400000
8	4400001	4440000
8	4440001	4480000
8	4480001	4520000
8	4520001	4560000
8	4560001	4600000
8	4600001	4640000
8	4640001	4680000
8	4680001	4720000
8	4720001	4760000
8	4760001	4800000
8	4800001	4840000
8	4840001	4880000
8	4880001	4920000
8	4920001	4960000
8	4960001	5000000
8	5000001	5040000
8	5040001	5080000
8	5080001	5120000
8	5120001	5160000
8	5160001	5200000
8	5200001	5240000
8	5240001	5280000
8	5280001	5320000
8	5320001	5360000
8	5360001	5400000
8	5400001	5440000
8	5440001	5480000
8	5480001	5520000
8	5520001	5560000
8	5560001	5600000
8	5600001	5640000
8	5640001	5680000
8	5680001	5720000
8	5720001	5760000
8	5760001	5800000
8	5800001	5840000
8	5840001	5880000
8	5880001	5920000
8	5920001	5960000
8	5960001	6000000
8	6000001	6040000
8	6040001	6080000
8	6080001	6120000
8	6120001	6160000
8	6160001	6200000
8	6200001	6240000
8	6240001	6280000
8	6280001	6320000
8	6320001	6360000
8	6360001	6400000
8	6400001	6440000
8	6440001	6480000
8	6480001	6520000
8	6520001	6560000
8	6560001	6600000
8	6600001	6640000
8	6640001	6680000
8	6680001	6720000
8	6720001	6760000
8	6760001	6800000
8	6800001	6840000
8	6840001	6880000
8	6880001	6920000
8	6920001	6960000
8	6960001	7000000
8	7000001	7040000
8	7040001	7080000
8	7080001	7120000
8	7120001	7160000
8	7160001	7200000
8	7200001	7240000
8	7240001	7280000
8	7280001	7320000
8	7320001	7360000
8	7360001	7400000
8	7400001	7440000
8	7440001	7480000
8	7480001	7520000
8	7520001	7560000
8	7560001	7600000
8	7600001	7640000
8	7640001	7680000
8	7680001	7720000
8	7720001	7760000
8	7760001	7800000
8	7800001	7840000
8	7840001	7880000
8	7880001	7920000
8	7920001	7960000
8	7960001	8000000
8	8000001	8040000
8	8040001	8080000
8	8080001	8120000
8	8120001	8160000
8	8160001	8200000
8	8200001	8240000
8	8240001	8280000
8	8280001	8320000
8	8320001	8360000
8	8360001	8400000
8	8400001	8440000
8	8440001	8480000
8	8480001	8520000
8	8520001	8560000
8	8560001	8600000
8	8600001	8640000
8	8640001	8680000
8	8680001	8720000
8	8720001	8760000
8	8760001	8800000
8	8800001	8840000
8	8840001	8880000
8	8880001	8920000
8	8920001	8960000
8	8960001	9000000
8	9000001	9040000
8	9040001	9080000
8	9080001	9120000
8	9120001	9160000
8	9160001	9200000
8	9200001	9240000
8	9240001	9280000
8	9280001	9320000
8	9320001	9360000
8	9360001	9400000
8	9400001	9440000
8	9440001	9480000
8	9480001	9520000
8	9520001	9560000
8	9560001	9600000
8	9600001	9640000
8	9640001	9680000
8	9680001	9720000
8	9720001	9760000
8	9760001	9800000
8	9800001	9840000
8	9840001	9880000
8	9880001	9920000
8	9920001	9960000
8	9960001	10000000
8	10000001	10040000
8	10040001	10080000
8	10080001	10120000
8	10120001	10160000
8	10160001	10200000
8	10200001	10240000
8	10240001	10280000
8	10280001	10320000
8	10320001	10360000
8	10360001	10400000
8	10400001	10440000
8	10440001	10480000
8	10480001	10520000
8	10520001	10560000
8	10560001	10600000
8	10600001	10640000
8	10640001	10680000
8	10680001	10720000
8	10720001	10760000
8	10760001	10800000
8	10800001	10840000
8	10840001	10880000
8	10880001	10920000
8	10920001	10960000
8	10960001	11000000
8	11000001	11040000
8	11040001	11080000
8	11080001	11120000
8	11120001	11160000
8	11160001	11200000
8	11200001	11240000
8	11240001	11280000
8	11280001	11320000
8	11320001	11360000
8	11360001	11400000
8	11400001	11440000
8	11440001	11480000
8	11480001	11520000
8	11520001	11560000
8	11560001	11600000
8	11600001	11640000
8	11640001	11680000
8	11680001	11720000
8	11720001	11760000
8	11760001	11800000
8	11800001	11840000
8	11840001	11880000
8	11880001	11920000
8	11920001	11960000
8	11960001	12000000
8	12000001	12040000
8	12040001	12080000
8	12080001	12120000
8	12120001	12160000
8	12160001	12200000
8	12200001	12240000
8	12240001	12280000
8	12280001	12320000
8	12320001	12360000
8	12360001	12400000
8	12400001	12440000
8	12440001	12480000
8	12480001	12520000
8	12520001	12560000
8	12560001	12600000
8	12600001	12640000
8	12640001	12680000
8	12680001	12720000
8	12720001	12760000
8	12760001	12800000
8	12800001	12840000
8	12840001	12880000
8	12880001	12920000
8	12920001	12960000
8	12960001	13000000
8	13000001	13040000
8	13040001	13080000
8	13080001	13120000
8	13120001	13160000
8	13160001	13200000
8	13200001	13240000
8	13240001	13280000
8	13280001	13320000
8	13320001	13360000
8	13360001	13400000
8	13400001	13440000
8	13440001	13480000
8	13480001	13520000
8	13520001	13560000
8	13560001	13600000
8	13600001	13640000
8	13640001	13680000
8	13680001	13720000
8	13720001	13760000
8	13760001	13800000
8	13800001	13840000
8	13840001	13880000
8	13880001	13920000
8	13920001	13960000
8	13960001	14000000
8	14000001	14040000
8	14040001	14080000
8	14080001	14120000
8	14120001	14160000
8	14160001	14200000
8	14200001	14240000
8	14240001	14280000
8	14280001	14320000
8	14320001	14360000
8	14360001	14400000
8	14400001	14440000
8	14440001	14480000
8	14480001	14520000
8	14520001	14560000
8	14560001	14600000
8	14600001	14640000
8	14640001	14680000
8	14680001	14720000
8	14720001	14760000
8	14760001	14800000
8	14800001	14840000
8	14840001	14880000
8	14880001	14920000
8	14920001	14960000
8	14960001	15000000
8	15000001	15040000
8	15040001	15080000
8	15080001	15120000
8	15120001	15160000
8	15160001	15200000
8	15200001	15240000
8	15240001	15280000
8	15280001	15320000
8	15320001	15360000
8	15360001	15400000
8	15400001	15440000
8	15440001	15480000
8	15480001	15520000
8	15520001	15560000
8	15560001	15600000
8	15600001	15640000
8	15640001	15680000
8	15680001	15720000
8	15720001	15760000
8	15760001	15800000
8	15800001	15840000
8	15840001	15880000
8	15880001	15920000
8	15920001	15960000
8	15960001	16000000
8	16000001	16040000
8	16040001	16080000
8	16080001	16120000
8	16120001	16160000
8	16160001	16200000
8	16200001	16240000
8	16240001	16280000
8	16280001	16320000
8	16320001	16360000
8	16360001	16400000
8	16400001	16440000
8	16440001	16480000
8	16480001	16520000
8	16520001	16560000
8	16560001	16600000
8	16600001	16640000
8	16640001	16680000
8	16680001	16720000
8	16720001	16760000
8	16760001	16800000
8	16800001	16840000
8	16840001	16880000
8	16880001	16920000
8	16920001	16960000
8	16960001	17000000
8	17000001	17040000
8	17040001	17080000
8	17080001	17120000
8	17120001	17160000
8	17160001	17200000
8	17200001	17240000
8	17240001	17280000
8	17280001	17320000
8	17320001	17360000
8	17360001	17400000
8	17400001	17440000
8	17440001	17480000
8	17480001	17520000
8	17520001	17560000
8	17560001	17600000
8	17600001	17640000
8	17640001	17680000
8	17680001	17720000
8	17720001	17760000
8	17760001	17800000
8	17800001	17840000
8	17840001	17880000
8	17880001	17920000
8	17920001	17960000
8	17960001	18000000
8	18000001	18040000
8	18040001	18080000
8	18080001	18120000
8	18120001	18160000
8	18160001	18200000
8	18200001	18240000
8	18240001	18280000
8	18280001	18320000
8	18320001	18360000
8	18360001	18400000
8	18400001	18440000
8	18440001	18480000
8	18480001	18520000
8	18520001	18560000
8	18560001	18600000
8	18600001	18640000
8	18640001	18680000
8	18680001	18720000
8	18720001	18760000
8	18760001	18800000
8	18800001	18840000
8	18840001	18880000
8	18880001	18920000
8	18920001	18960000
8	18960001	19000000
8	19000001	19040000
8	19040001	19080000
8	19080001	19120000
8	19120001	19160000
8	19160001	19200000
8	19200001	19240000
8	19240001	19280000
8	19280001	19320000
8	19320001	19360000
8	19360001	19400000
8	19400001	19440000
8	19440001	19480000
8	19480001	19520000
8	19520001	19560000
8	19560001	19600000
8	19600001	19640000
8	19640001	19680000
8	19680001	19720000
8	19720001	19760000
8	19760001	19800000
8	19800001	19840000
8	19840001	19880000
8	19880001	19920000
8	19920001	19960000
8	19960001	20000000
8	20000001	20040000
8	20040001	20080000
8	20080001	20120000
8	20120001	20160000
8	20160001	20200000
8	20200001	20240000
8	20240001	20280000
8	20280001	20320000
8	20320001	20360000
8	20360001	20400000
8	20400001	20440000
8	20440001	20480000
8	20480001	20520000
8	20520001	20560000
8	20560001	20600000
8	20600001	20640000
8	20640001	20680000
8	20680001	20720000
8	20720001	20760000
8	20760001	20800000
8	20800001	20840000
8	20840001	20880000
8	20880001	20920000
8	20920001	20960000
8	20960001	21000000
8	21000001	21040000
8	21040001	21080000
8	21080001	21120000
8	21120001	21160000
8	21160001	21200000
8	21200001	21240000
8	21240001	21280000
8	21280001	21320000
8	21320001	21360000
8	21360001	21400000
8	21400001	21440000
8	21440001	21480000
8	21480001	21520000
8	21520001	21560000
8	21560001	21600000
8	21600001	21640000
8	21640001	21680000
8	21680001	21720000
8	21720001	21760000
8	21760001	21800000
8	21800001	21840000
8	21840001	21880000
8	21880001	21920000
8	21920001	21960000
8	21960001	22000000
8	22000001	22040000
8	22040001	22080000
8	22080001	22120000
8	22120001	22160000
8	22160001	22200000
8	22200001	22240000
8	22240001	22280000
8	22280001	22320000
8	22320001	22360000
8	22360001	22400000
8	22400001	22440000
8	22440001	22480000
8	22480001	22520000
8	22520001	22560000
8	22560001	22600000
8	22600001	22640000
8	22640001	22680000
8	22680001	22720000
8	22720001	22760000
8	22760001	22800000
8	22800001	22840000
8	22840001	22880000
8	22880001	22920000
8	22920001	22960000
8	22960001	23000000
8	23000001	23040000
8	23040001	23080000
8	23080001	23120000
8	23120001	23160000
8	23160001	23200000
8	23200001	23240000
8	23240001	23280000
8	23280001	23320000
8	23320001	23360000
8	23360001	23400000
8	23400001	23440000
8	23440001	23480000
8	23480001	23520000
8	23520001	23560000
8	23560001	23600000
8	23600001	23640000
8	23640001	23680000
8	23680001	23720000
8	23720001	23760000
8	23760001	23800000
8	23800001	23840000
8	23840001	23880000
8	23880001	23920000
8	23920001	23960000
8	23960001	24000000
8	24000001	24040000
8	24040001	24080000
8	24080001	24120000
8	24120001	24160000
8	24160001	24200000
8	24200001	24240000
8	24240001	24280000
8	24280001	24320000
8	24320001	24360000
8	24360001	24400000
8	24400001	24440000
8	24440001	24480000
8	24480001	24520000
8	24520001	24560000
8	24560001	24600000
8	24600001	24640000
8	24640001	24680000
8	24680001	24720000
8	24720001	24760000
8	24760001	24800000
8	24800001	24840000
8	24840001	24880000
8	24880001	24920000
8	24920001	24960000
8	24960001	25000000
8	25000001	25040000
8	25040001	25080000
8	25080001	25120000
8	25120001	25160000
8	25160001	25200000
8	25200001	25240000
8	25240001	25280000
8	25280001	25320000
8	25320001	25360000
8	25360001	25400000
8	25400001	25440000
8	25440001	25480000
8	25480001	25520000
8	25520001	25560000
8	25560001	25600000
8	25600001	25640000
8	25640001	25680000
8	25680001	25720000
8	25720001	25760000
8	25760001	25800000
8	25800001	25840000
8	25840001	25880000
8	25880001	25920000
8	25920001	25960000
8	25960001	26000000
8	26000001	26040000
8	26040001	26080000
8	26080001	26120000
8	26120001	26160000
8	26160001	26200000
8	26200001	26240000
8	26240001	26280000
8	26280001	26320000
8	26320001	26360000
8	26360001	26400000
8	26400001	26440000
8	26440001	26480000
8	26480001	26520000
8	26520001	26560000
8	26560001	26600000
8	26600001	26640000
8	26640001	26680000
8	26680001	26720000
8	26720001	26760000
8	26760001	26800000
8	26800001	26840000
8	26840001	26880000
8	26880001	26920000
8	26920001	26960000
8	26960001	27000000
8	27000001	27040000
8	27040001	27080000
8	27080001	27120000
8	27120001	27160000
8	27160001	27200000
8	27200001	27240000
8	27240001	27280000
8	27280001	27320000
8	27320001	27360000
8	27360001	27400000
8	27400001	27440000
8	27440001	27480000
8	27480001	27520000
8	27520001	27560000
8	27560001	27600000
8	27600001	27640000
8	27640001	27680000
8	27680001	27720000
8	27720001	27760000
8	27760001	27800000
8	27800001	27840000
8	27840001	27880000
8	27880001	27920000
8	27920001	27960000
8	27960001	28000000
8	28000001	28040000
8	28040001	28080000
8	28080001	28120000
8	28120001	28160000
8	28160001	28200000
8	28200001	28240000
8	28240001	28280000
8	28280001	28320000
8	28320001	28360000
8	28360001	28400000
8	28400001	28440000
8	28440001	28480000
8	28480001	28520000
8	28520001	28560000
8	28560001	28600000
8	28600001	28640000
8	28640001	28680000
8	28680001	28720000
8	28720001	28760000
8	28760001	28800000
8	28800001	28840000
8	28840001	28880000
8	28880001	28920000
8	28920001	28960000
8	28960001	29000000
8	29000001	29040000
8	29040001	29080000
8	29080001	29120000
8	29120001	29160000
8	29160001	29200000
8	29200001	29240000
8	29240001	29280000
8	29280001	29320000
8	29320001	29360000
8	29360001	29400000
8	29400001	29440000
8	29440001	29480000
8	29480001	29520000
8	29520001	29560000
8	29560001	29600000
8	29600001	29640000
8	29640001	29680000
8	29680001	29720000
8	29720001	29760000
8	29760001	29800000
8	29800001	29840000
8	29840001	29880000
8	29880001	29920000
8	29920001	29960000
8	29960001	30000000
8	30000001	30040000
8	30040001	30080000
8	30080001	30120000
8	30120001	30160000
8	30160001	30200000
8	30200001	30240000
8	30240001	30280000
8	30280001	30320000
8	30320001	30360000
8	30360001	30400000
8	30400001	30440000
8	30440001	30480000
8	30480001	30520000
8	30520001	30560000
8	30560001	30600000
8	30600001	30640000
8	30640001	30680000
8	30680001	30720000
8	30720001	30760000
8	30760001	30800000
8	30800001	30840000
8	30840001	30880000
8	30880001	30920000
8	30920001	30960000
8	30960001	31000000
8	31000001	31040000
8	31040001	31080000
8	31080001	31120000
8	31120001	31160000
8	31160001	31200000
8	31200001	31240000
8	31240001	31280000
8	31280001	31320000
8	31320001	31360000
8	31360001	31400000
8	31400001	31440000
8	31440001	31480000
8	31480001	31520000
8	31520001	31560000
8	31560001	31600000
8	31600001	31640000
8	31640001	31680000
8	31680001	31720000
8	31720001	31760000
8	31760001	31800000
8	31800001	31840000
8	31840001	31880000
8	31880001	31920000
8	31920001	31960000
8	31960001	32000000
8	32000001	32040000
8	32040001	32080000
8	32080001	32120000
8	32120001	32160000
8	32160001	32200000
8	32200001	32240000
8	32240001	32280000
8	32280001	32320000
8	32320001	32360000
8	32360001	32400000
8	32400001	32440000
8	32440001	32480000
8	32480001	32520000
8	32520001	32560000
8	32560001	32600000
8	32600001	32640000
8	32640001	32680000
8	32680001	32720000
8	32720001	32760000
8	32760001	32800000
8	32800001	32840000
8	32840001	32880000
8	32880001	32920000
8	32920001	32960000
8	32960001	33000000
8	33000001	33040000
8	33040001	33080000
8	33080001	33120000
8	33120001	33160000
8	33160001	33200000
8	33200001	33240000
8	33240001	33280000
8	33280001	33320000
8	33320001	33360000
8	33360001	33400000
8	33400001	33440000
8	33440001	33480000
8	33480001	33520000
8	33520001	33560000
8	33560001	33600000
8	33600001	33640000
8	33640001	33680000
8	33680001	33720000
8	33720001	33760000
8	33760001	33800000
8	33800001	33840000
8	33840001	33880000
8	33880001	33920000
8	33920001	33960000
8	33960001	34000000
8	34000001	34040000
8	34040001	34080000
8	34080001	34120000
8	34120001	34160000
8	34160001	34200000
8	34200001	34240000
8	34240001	34280000
8	34280001	34320000
8	34320001	34360000
8	34360001	34400000
8	34400001	34440000
8	34440001	34480000
8	34480001	34520000
8	34520001	34560000
8	34560001	34600000
8	34600001	34640000
8	34640001	34680000
8	34680001	34720000
8	34720001	34760000
8	34760001	34800000
8	34800001	34840000
8	34840001	34880000
8	34880001	34920000
8	34920001	34960000
8	34960001	35000000
8	35000001	35040000
8	35040001	35080000
8	35080001	35120000
8	35120001	35160000
8	35160001	35200000
8	35200001	35240000
8	35240001	35280000
8	35280001	35320000
8	35320001	35360000
8	35360001	35400000
8	35400001	35440000
8	35440001	35480000
8	35480001	35520000
8	35520001	35560000
8	35560001	35600000
8	35600001	35640000
8	35640001	35680000
8	35680001	35720000
8	35720001	35760000
8	35760001	35800000
8	35800001	35840000
8	35840001	35880000
8	35880001	35920000
8	35920001	35960000
8	35960001	36000000
8	36000001	36040000
8	36040001	36080000
8	36080001	36120000
8	36120001	36160000
8	36160001	36200000
8	36200001	36240000
8	36240001	36280000
8	36280001	36320000
8	36320001	36360000
8	36360001	36400000
8	36400001	36440000
8	36440001	36480000
8	36480001	36520000
8	36520001	36560000
8	36560001	36600000
8	36600001	36640000
8	36640001	36680000
8	36680001	36720000
8	36720001	36760000
8	36760001	36800000
8	36800001	36840000
8	36840001	36880000
8	36880001	36920000
8	36920001	36960000
8	36960001	37000000
8	37000001	37040000
8	37040001	37080000
8	37080001	37120000
8	37120001	37160000
8	37160001	37200000
8	37200001	37240000
8	37240001	37280000
8	37280001	37320000
8	37320001	37360000
8	37360001	37400000
8	37400001	37440000
8	37440001	37480000
8	37480001	37520000
8	37520001	37560000
8	37560001	37600000
8	37600001	37640000
8	37640001	37680000
8	37680001	37720000
8	37720001	37760000
8	37760001	37800000
8	37800001	37840000
8	37840001	37880000
8	37880001	37920000
8	37920001	37960000
8	37960001	38000000
8	38000001	38040000
8	38040001	38080000
8	38080001	38120000
8	38120001	38160000
8	38160001	38200000
8	38200001	38240000
8	38240001	38280000
8	38280001	38320000
8	38320001	38360000
8	38360001	38400000
8	38400001	38440000
8	38440001	38480000
8	38480001	38520000
8	38520001	38560000
8	38560001	38600000
8	38600001	38640000
8	38640001	38680000
8	38680001	38720000
8	38720001	38760000
8	38760001	38800000
8	38800001	38840000
8	38840001	38880000
8	38880001	38920000
8	38920001	38960000
8	38960001	39000000
8	39000001	39040000
8	39040001	39080000
8	39080001	39120000
8	39120001	39160000
8	39160001	39200000
8	39200001	39240000
8	39240001	39280000
8	39280001	39320000
8	39320001	39360000
8	39360001	39400000
8	39400001	39440000
8	39440001	39480000
8	39480001	39520000
8	39520001	39560000
8	39560001	39600000
8	39600001	39640000
8	39640001	39680000
8	39680001	39720000
8	39720001	39760000
8	39760001	39800000
8	39800001	39840000
8	39840001	39880000
8	39880001	39920000
8	39920001	39960000
8	39960001	40000000
8	40000001	40040000
8	40040001	40080000
8	40080001	40120000
8	40120001	40160000
8	40160001	40200000
8	40200001	40240000
8	40240001	40280000
8	40280001	40320000
8	40320001	40360000
8	40360001	40400000
8	40400001	40440000
8	40440001	40480000
8	40480001	40520000
8	40520001	40560000
8	40560001	40600000
8	40600001	40640000
8	40640001	40680000
8	40680001	40720000
8	40720001	40760000
8	40760001	40800000
8	40800001	40840000
8	40840001	40880000
8	40880001	40920000
8	40920001	40960000
8	40960001	41000000
8	41000001	41040000
8	41040001	41080000
8	41080001	41120000
8	41120001	41160000
8	41160001	41200000
8	41200001	41240000
8	41240001	41280000
8	41280001	41320000
8	41320001	41360000
8	41360001	41400000
8	41400001	41440000
8	41440001	41480000
8	41480001	41520000
8	41520001	41560000
8	41560001	41600000
8	41600001	41640000
8	41640001	41680000
8	41680001	41720000
8	41720001	41760000
8	41760001	41800000
8	41800001	41840000
8	41840001	41880000
8	41880001	41920000
8	41920001	41960000
8	41960001	42000000
8	42000001	42040000
8	42040001	42080000
8	42080001	42120000
8	42120001	42160000
8	42160001	42200000
8	42200001	42240000
8	42240001	42280000
8	42280001	42320000
8	42320001	42360000
8	42360001	42400000
8	42400001	42440000
8	42440001	42480000
8	42480001	42520000
8	42520001	42560000
8	42560001	42600000
8	42600001	42640000
8	42640001	42680000
8	42680001	42720000
8	42720001	42760000
8	42760001	42800000
8	42800001	42840000
8	42840001	42880000
8	42880001	42920000
8	42920001	42960000
8	42960001	43000000
8	43000001	43040000
8	43040001	43080000
8	43080001	43120000
8	43120001	43160000
8	43160001	43200000
8	43200001	43240000
8	43240001	43280000
8	43280001	43320000
8	43320001	43360000
8	43360001	43400000
8	43400001	43440000
8	43440001	43480000
8	43480001	43520000
8	43520001	43560000
8	43560001	43600000
8	43600001	43640000
8	43640001	43680000
8	43680001	43720000
8	43720001	43760000
8	43760001	43800000
8	43800001	43840000
8	43840001	43880000
8	43880001	43920000
8	43920001	43960000
8	43960001	44000000
8	44000001	44040000
8	44040001	44080000
8	44080001	44120000
8	44120001	44160000
8	44160001	44200000
8	44200001	44240000
8	44240001	44280000
8	44280001	44320000
8	44320001	44360000
8	44360001	44400000
8	44400001	44440000
8	44440001	44480000
8	44480001	44520000
8	44520001	44560000
8	44560001	44600000
8	44600001	44640000
8	44640001	44680000
8	44680001	44720000
8	44720001	44760000
8	44760001	44800000
8	44800001	44840000
8	44840001	44880000
8	44880001	44920000
8	44920001	44960000
8	44960001	45000000
8	45000001	45040000
8	45040001	45080000
8	45080001	45120000
8	45120001	45160000
8	45160001	45200000
8	45200001	45240000
8	45240001	45280000
8	45280001	45320000
8	45320001	45360000
8	45360001	45400000
8	45400001	45440000
8	45440001	45480000
8	45480001	45520000
8	45520001	45560000
8	45560001	45600000
8	45600001	45640000
8	45640001	45680000
8	45680001	45720000
8	45720001	45760000
8	45760001	45800000
8	45800001	45840000
8	45840001	45880000
8	45880001	45920000
8	45920001	45960000
8	45960001	46000000
8	46000001	46040000
8	46040001	46080000
8	46080001	46120000
8	46120001	46160000
8	46160001	46200000
8	46200001	46240000
8	46240001	46280000
8	46280001	46320000
8	46320001	46360000
8	46360001	46400000
8	46400001	46440000
8	46440001	46480000
8	46480001	46520000
8	46520001	46560000
8	46560001	46600000
8	46600001	46640000
8	46640001	46680000
8	46680001	46720000
8	46720001	46760000
8	46760001	46800000
8	46800001	46840000
8	46840001	46880000
8	46880001	46920000
8	46920001	46960000
8	46960001	47000000
8	47000001	47040000
8	47040001	47080000
8	47080001	47120000
8	47120001	47160000
8	47160001	47200000
8	47200001	47240000
8	47240001	47280000
8	47280001	47320000
8	47320001	47360000
8	47360001	47400000
8	47400001	47440000
8	47440001	47480000
8	47480001	47520000
8	47520001	47560000
8	47560001	47600000
8	47600001	47640000
8	47640001	47680000
8	47680001	47720000
8	47720001	47760000
8	47760001	47800000
8	47800001	47840000
8	47840001	47880000
8	47880001	47920000
8	47920001	47960000
8	47960001	48000000
8	48000001	48040000
8	48040001	48080000
8	48080001	48120000
8	48120001	48160000
8	48160001	48200000
8	48200001	48240000
8	48240001	48280000
8	48280001	48320000
8	48320001	48360000
8	48360001	48400000
8	48400001	48440000
8	48440001	48480000
8	48480001	48520000
8	48520001	48560000
8	48560001	48600000
8	48600001	48640000
8	48640001	48680000
8	48680001	48720000
8	48720001	48760000
8	48760001	48800000
8	48800001	48840000
8	48840001	48880000
8	48880001	48920000
8	48920001	48960000
8	48960001	49000000
8	49000001	49040000
8	49040001	49080000
8	49080001	49120000
8	49120001	49160000
8	49160001	49200000
8	49200001	49240000
8	49240001	49280000
8	49280001	49320000
8	49320001	49360000
8	49360001	49400000
8	49400001	49440000
8	49440001	49480000
8	49480001	49520000
8	49520001	49560000
8	49560001	49600000
8	49600001	49640000
8	49640001	49680000
8	49680001	49720000
8	49720001	49760000
8	49760001	49800000
8	49800001	49840000
8	49840001	49880000
8	49880001	49920000
8	49920001	49960000
8	49960001	50000000
8	50000001	50040000
8	50040001	50080000
8	50080001	50120000
8	50120001	50160000
8	50160001	50200000
8	50200001	50240000
8	50240001	50280000
8	50280001	50320000
8	50320001	50360000
8	50360001	50400000
8	50400001	50440000
8	50440001	50480000
8	50480001	50520000
8	50520001	50560000
8	50560001	50600000
8	50600001	50640000
8	50640001	50680000
8	50680001	50720000
8	50720001	50760000
8	50760001	50800000
8	50800001	50840000
8	50840001	50880000
8	50880001	50920000
8	50920001	50960000
8	50960001	51000000
8	51000001	51040000
8	51040001	51080000
8	51080001	51120000
8	51120001	51160000
8	51160001	51200000
8	51200001	51240000
8	51240001	51280000
8	51280001	51320000
8	51320001	51360000
8	51360001	51400000
8	51400001	51440000
8	51440001	51480000
8	51480001	51520000
8	51520001	51560000
8	51560001	51600000
8	51600001	51640000
8	51640001	51680000
8	51680001	51720000
8	51720001	51760000
8	51760001	51800000
8	51800001	51840000
8	51840001	51880000
8	51880001	51920000
8	51920001	51960000
8	51960001	52000000
8	52000001	52040000
8	52040001	52080000
8	52080001	52120000
8	52120001	52160000
8	52160001	52200000
8	52200001	52240000
8	52240001	52280000
8	52280001	52320000
8	52320001	52360000
8	52360001	52400000
8	52400001	52440000
8	52440001	52480000
8	52480001	52520000
8	52520001	52560000
8	52560001	52600000
8	52600001	52640000
8	52640001	52680000
8	52680001	52720000
8	52720001	52760000
8	52760001	52800000
8	52800001	52840000
8	52840001	52880000
8	52880001	52920000
8	52920001	52960000
8	52960001	53000000
8	53000001	53040000
8	53040001	53080000
8	53080001	53120000
8	53120001	53160000
8	53160001	53200000
8	53200001	53240000
8	53240001	53280000
8	53280001	53320000
8	53320001	53360000
8	53360001	53400000
8	53400001	53440000
8	53440001	53480000
8	53480001	53520000
8	53520001	53560000
8	53560001	53600000
8	53600001	53640000
8	53640001	53680000
8	53680001	53720000
8	53720001	53760000
8	53760001	53800000
8	53800001	53840000
8	53840001	53880000
8	53880001	53920000
8	53920001	53960000
8	53960001	54000000
8	54000001	54040000
8	54040001	54080000
8	54080001	54120000
8	54120001	54160000
8	54160001	54200000
8	54200001	54240000
8	54240001	54280000
8	54280001	54320000
8	54320001	54360000
8	54360001	54400000
8	54400001	54440000
8	54440001	54480000
8	54480001	54520000
8	54520001	54560000
8	54560001	54600000
8	54600001	54640000
8	54640001	54680000
8	54680001	54720000
8	54720001	54760000
8	54760001	54800000
8	54800001	54840000
8	54840001	54880000
8	54880001	54920000
8	54920001	54960000
8	54960001	55000000
8	55000001	55040000
8	55040001	55080000
8	55080001	55120000
8	55120001	55160000
8	55160001	55200000
8	55200001	55240000
8	55240001	55280000
8	55280001	55320000
8	55320001	55360000
8	55360001	55400000
8	55400001	55440000
8	55440001	55480000
8	55480001	55520000
8	55520001	55560000
8	55560001	55600000
8	55600001	55640000
8	55640001	55680000
8	55680001	55720000
8	55720001	55760000
8	55760001	55800000
8	55800001	55840000
8	55840001	55880000
8	55880001	55920000
8	55920001	55960000
8	55960001	56000000
8	56000001	56040000
8	56040001	56080000
8	56080001	56120000
8	56120001	56160000
8	56160001	56200000
8	56200001	56240000
8	56240001	56280000
8	56280001	56320000
8	56320001	56360000
8	56360001	56400000
8	56400001	56440000
8	56440001	56480000
8	56480001	56520000
8	56520001	56560000
8	56560001	56600000
8	56600001	56640000
8	56640001	56680000
8	56680001	56720000
8	56720001	56760000
8	56760001	56800000
8	56800001	56840000
8	56840001	56880000
8	56880001	56920000
8	56920001	56960000
8	56960001	57000000
8	57000001	57040000
8	57040001	57080000
8	57080001	57120000
8	57120001	57160000
8	57160001	57200000
8	57200001	57240000
8	57240001	57280000
8	57280001	57320000
8	57320001	57360000
8	57360001	57400000
8	57400001	57440000
8	57440001	57480000
8	57480001	57520000
8	57520001	57560000
8	57560001	57600000
8	57600001	57640000
8	57640001	57680000
8	57680001	57720000
8	57720001	57760000
8	57760001	57800000
8	57800001	57840000
8	57840001	57880000
8	57880001	57920000
8	57920001	57960000
8	57960001	58000000
8	58000001	58040000
8	58040001	58080000
8	58080001	58120000
8	58120001	58160000
8	58160001	58200000
8	58200001	58240000
8	58240001	58280000
8	58280001	58320000
8	58320001	58360000
8	58360001	58400000
8	58400001	58440000
8	58440001	58480000
8	58480001	58520000
8	58520001	58560000
8	58560001	58600000
8	58600001	58640000
8	58640001	58680000
8	58680001	58720000
8	58720001	58760000
8	58760001	58800000
8	58800001	58840000
8	58840001	58880000
8	58880001	58920000
8	58920001	58960000
8	58960001	59000000
8	59000001	59040000
8	59040001	59080000
8	59080001	59120000
8	59120001	59160000
8	59160001	59200000
8	59200001	59240000
8	59240001	59280000
8	59280001	59320000
8	59320001	59360000
8	59360001	59400000
8	59400001	59440000
8	59440001	59480000
8	59480001	59520000
8	59520001	59560000
8	59560001	59600000
8	59600001	59640000
8	59640001	59680000
8	59680001	59720000
8	59720001	59760000
8	59760001	59800000
8	59800001	59840000
8	59840001	59880000
8	59880001	59920000
8	59920001	59960000
8	59960001	60000000
8	60000001	60040000
8	60040001	60080000
8	60080001	60120000
8	60120001	60160000
8	60160001	60200000
8	60200001	60240000
8	60240001	60280000
8	60280001	60320000
8	60320001	60360000
8	60360001	60400000
8	60400001	60440000
8	60440001	60480000
8	60480001	60520000
8	60520001	60560000
8	60560001	60600000
8	60600001	60640000
8	60640001	60680000
8	60680001	60720000
8	60720001	60760000
8	60760001	60800000
8	60800001	60840000
8	60840001	60880000
8	60880001	60920000
8	60920001	60960000
8	60960001	61000000
8	61000001	61040000
8	61040001	61080000
8	61080001	61120000
8	61120001	61160000
8	61160001	61200000
8	61200001	61240000
8	61240001	61280000
8	61280001	61320000
8	61320001	61360000
8	61360001	61400000
8	61400001	61440000
8	61440001	61480000
8	61480001	61520000
8	61520001	61560000
8	61560001	61600000
8	61600001	61640000
8	61640001	61680000
8	61680001	61720000
8	61720001	61760000
8	61760001	61800000
8	61800001	61840000
8	61840001	61880000
8	61880001	61920000
8	61920001	61960000
8	61960001	62000000
8	62000001	62040000
8	62040001	62080000
8	62080001	62120000
8	62120001	62160000
8	62160001	62200000
8	62200001	62240000
8	62240001	62280000
8	62280001	62320000
8	62320001	62360000
8	62360001	62400000
8	62400001	62440000
8	62440001	62480000
8	62480001	62520000
8	62520001	62560000
8	62560001	62600000
8	62600001	62640000
8	62640001	62680000
8	62680001	62720000
8	62720001	62760000
8	62760001	62800000
8	62800001	62840000
8	62840001	62880000
8	62880001	62920000
8	62920001	62960000
8	62960001	63000000
8	63000001	63040000
8	63040001	63080000
8	63080001	63120000
8	63120001	63160000
8	63160001	63200000
8	63200001	63240000
8	63240001	63280000
8	63280001	63320000
8	63320001	63360000
8	63360001	63400000
8	63400001	63440000
8	63440001	63480000
8	63480001	63520000
8	63520001	63560000
8	63560001	63600000
8	63600001	63640000
8	63640001	63680000
8	63680001	63720000
8	63720001	63760000
8	63760001	63800000
8	63800001	63840000
8	63840001	63880000
8	63880001	63920000
8	63920001	63960000
8	63960001	64000000
8	64000001	64040000
8	64040001	64080000
8	64080001	64120000
8	64120001	64160000
8	64160001	64200000
8	64200001	64240000
8	64240001	64280000
8	64280001	64320000
8	64320001	64360000
8	64360001	64400000
8	64400001	64440000
8	64440001	64480000
8	64480001	64520000
8	64520001	64560000
8	64560001	64600000
8	64600001	64640000
8	64640001	64680000
8	64680001	64720000
8	64720001	64760000
8	64760001	64800000
8	64800001	64840000
8	64840001	64880000
8	64880001	64920000
8	64920001	64960000
8	64960001	65000000
8	65000001	65040000
8	65040001	65080000
8	65080001	65120000
8	65120001	65160000
8	65160001	65200000
8	65200001	65240000
8	65240001	65280000
8	65280001	65320000
8	65320001	65360000
8	65360001	65400000
8	65400001	65440000
8	65440001	65480000
8	65480001	65520000
8	65520001	65560000
8	65560001	65600000
8	65600001	65640000
8	65640001	65680000
8	65680001	65720000
8	65720001	65760000
8	65760001	65800000
8	65800001	65840000
8	65840001	65880000
8	65880001	65920000
8	65920001	65960000
8	65960001	66000000
8	66000001	66040000
8	66040001	66080000
8	66080001	66120000
8	66120001	66160000
8	66160001	66200000
8	66200001	66240000
8	66240001	66280000
8	66280001	66320000
8	66320001	66360000
8	66360001	66400000
8	66400001	66440000
8	66440001	66480000
8	66480001	66520000
8	66520001	66560000
8	66560001	66600000
8	66600001	66640000
8	66640001	66680000
8	66680001	66720000
8	66720001	66760000
8	66760001	66800000
8	66800001	66840000
8	66840001	66880000
8	66880001	66920000
8	66920001	66960000
8	66960001	67000000
8	67000001	67040000
8	67040001	67080000
8	67080001	67120000
8	67120001	67160000
8	67160001	67200000
8	67200001	67240000
8	67240001	67280000
8	67280001	67320000
8	67320001	67360000
8	67360001	67400000
8	67400001	67440000
8	67440001	67480000
8	67480001	67520000
8	67520001	67560000
8	67560001	67600000
8	67600001	67640000
8	67640001	67680000
8	67680001	67720000
8	67720001	67760000
8	67760001	67800000
8	67800001	67840000
8	67840001	67880000
8	67880001	67920000
8	67920001	67960000
8	67960001	68000000
8	68000001	68040000
8	68040001	68080000
8	68080001	68120000
8	68120001	68160000
8	68160001	68200000
8	68200001	68240000
8	68240001	68280000
8	68280001	68320000
8	68320001	68360000
8	68360001	68400000
8	68400001	68440000
8	68440001	68480000
8	68480001	68520000
8	68520001	68560000
8	68560001	68600000
8	68600001	68640000
8	68640001	68680000
8	68680001	68720000
8	68720001	68760000
8	68760001	68800000
8	68800001	68840000
8	68840001	68880000
8	68880001	68920000
8	68920001	68960000
8	68960001	69000000
8	69000001	69040000
8	69040001	69080000
8	69080001	69120000
8	69120001	69160000
8	69160001	69200000
8	69200001	69240000
8	69240001	69280000
8	69280001	69320000
8	69320001	69360000
8	69360001	69400000
8	69400001	69440000
8	69440001	69480000
8	69480001	69520000
8	69520001	69560000
8	69560001	69600000
8	69600001	69640000
8	69640001	69680000
8	69680001	69720000
8	69720001	69760000
8	69760001	69800000
8	69800001	69840000
8	69840001	69880000
8	69880001	69920000
8	69920001	69960000
8	69960001	70000000
8	70000001	70040000
8	70040001	70080000
8	70080001	70120000
8	70120001	70160000
8	70160001	70200000
8	70200001	70240000
8	70240001	70280000
8	70280001	70320000
8	70320001	70360000
8	70360001	70400000
8	70400001	70440000
8	70440001	70480000
8	70480001	70520000
8	70520001	70560000
8	70560001	70600000
8	70600001	70640000
8	70640001	70680000
8	70680001	70720000
8	70720001	70760000
8	70760001	70800000
8	70800001	70840000
8	70840001	70880000
8	70880001	70920000
8	70920001	70960000
8	70960001	71000000
8	71000001	71040000
8	71040001	71080000
8	71080001	71120000
8	71120001	71160000
8	71160001	71200000
8	71200001	71240000
8	71240001	71280000
8	71280001	71320000
8	71320001	71360000
8	71360001	71400000
8	71400001	71440000
8	71440001	71480000
8	71480001	71520000
8	71520001	71560000
8	71560001	71600000
8	71600001	71640000
8	71640001	71680000
8	71680001	71720000
8	71720001	71760000
8	71760001	71800000
8	71800001	71840000
8	71840001	71880000
8	71880001	71920000
8	71920001	71960000
8	71960001	72000000
8	72000001	72040000
8	72040001	72080000
8	72080001	72120000
8	72120001	72160000
8	72160001	72200000
8	72200001	72240000
8	72240001	72280000
8	72280001	72320000
8	72320001	72360000
8	72360001	72400000
8	72400001	72440000
8	72440001	72480000
8	72480001	72520000
8	72520001	72560000
8	72560001	72600000
8	72600001	72640000
8	72640001	72680000
8	72680001	72720000
8	72720001	72760000
8	72760001	72800000
8	72800001	72840000
8	72840001	72880000
8	72880001	72920000
8	72920001	72960000
8	72960001	73000000
8	73000001	73040000
8	73040001	73080000
8	73080001	73120000
8	73120001	73160000
8	73160001	73200000
8	73200001	73240000
8	73240001	73280000
8	73280001	73320000
8	73320001	73360000
8	73360001	73400000
8	73400001	73440000
8	73440001	73480000
8	73480001	73520000
8	73520001	73560000
8	73560001	73600000
8	73600001	73640000
8	73640001	73680000
8	73680001	73720000
8	73720001	73760000
8	73760001	73800000
8	73800001	73840000
8	73840001	73880000
8	73880001	73920000
8	73920001	73960000
8	73960001	74000000
8	74000001	74040000
8	74040001	74080000
8	74080001	74120000
8	74120001	74160000
8	74160001	74200000
8	74200001	74240000
8	74240001	74280000
8	74280001	74320000
8	74320001	74360000
8	74360001	74400000
8	74400001	74440000
8	74440001	74480000
8	74480001	74520000
8	74520001	74560000
8	74560001	74600000
8	74600001	74640000
8	74640001	74680000
8	74680001	74720000
8	74720001	74760000
8	74760001	74800000
8	74800001	74840000
8	74840001	74880000
8	74880001	74920000
8	74920001	74960000
8	74960001	75000000
8	75000001	75040000
8	75040001	75080000
8	75080001	75120000
8	75120001	75160000
8	75160001	75200000
8	75200001	75240000
8	75240001	75280000
8	75280001	75320000
8	75320001	75360000
8	75360001	75400000
8	75400001	75440000
8	75440001	75480000
8	75480001	75520000
8	75520001	75560000
8	75560001	75600000
8	75600001	75640000
8	75640001	75680000
8	75680001	75720000
8	75720001	75760000
8	75760001	75800000
8	75800001	75840000
8	75840001	75880000
8	75880001	75920000
8	75920001	75960000
8	75960001	76000000
8	76000001	76040000
8	76040001	76080000
8	76080001	76120000
8	76120001	76160000
8	76160001	76200000
8	76200001	76240000
8	76240001	76280000
8	76280001	76320000
8	76320001	76360000
8	76360001	76400000
8	76400001	76440000
8	76440001	76480000
8	76480001	76520000
8	76520001	76560000
8	76560001	76600000
8	76600001	76640000
8	76640001	76680000
8	76680001	76720000
8	76720001	76760000
8	76760001	76800000
8	76800001	76840000
8	76840001	76880000
8	76880001	76920000
8	76920001	76960000
8	76960001	77000000
8	77000001	77040000
8	77040001	77080000
8	77080001	77120000
8	77120001	77160000
8	77160001	77200000
8	77200001	77240000
8	77240001	77280000
8	77280001	77320000
8	77320001	77360000
8	77360001	77400000
8	77400001	77440000
8	77440001	77480000
8	77480001	77520000
8	77520001	77560000
8	77560001	77600000
8	77600001	77640000
8	77640001	77680000
8	77680001	77720000
8	77720001	77760000
8	77760001	77800000
8	77800001	77840000
8	77840001	77880000
8	77880001	77920000
8	77920001	77960000
8	77960001	78000000
8	78000001	78040000
8	78040001	78080000
8	78080001	78120000
8	78120001	78160000
8	78160001	78200000
8	78200001	78240000
8	78240001	78280000
8	78280001	78320000
8	78320001	78360000
8	78360001	78400000
8	78400001	78440000
8	78440001	78480000
8	78480001	78520000
8	78520001	78560000
8	78560001	78600000
8	78600001	78640000
8	78640001	78680000
8	78680001	78720000
8	78720001	78760000
8	78760001	78800000
8	78800001	78840000
8	78840001	78880000
8	78880001	78920000
8	78920001	78960000
8	78960001	79000000
8	79000001	79040000
8	79040001	79080000
8	79080001	79120000
8	79120001	79160000
8	79160001	79200000
8	79200001	79240000
8	79240001	79280000
8	79280001	79320000
8	79320001	79360000
8	79360001	79400000
8	79400001	79440000
8	79440001	79480000
8	79480001	79520000
8	79520001	79560000
8	79560001	79600000
8	79600001	79640000
8	79640001	79680000
8	79680001	79720000
8	79720001	79760000
8	79760001	79800000
8	79800001	79840000
8	79840001	79880000
8	79880001	79920000
8	79920001	79960000
8	79960001	80000000
8	80000001	80040000
8	80040001	80080000
8	80080001	80120000
8	80120001	80160000
8	80160001	80200000
8	80200001	80240000
8	80240001	80280000
8	80280001	80320000
8	80320001	80360000
8	80360001	80400000
8	80400001	80440000
8	80440001	80480000
8	80480001	80520000
8	80520001	80560000
8	80560001	80600000
8	80600001	80640000
8	80640001	80680000
8	80680001	80720000
8	80720001	80760000
8	80760001	80800000
8	80800001	80840000
8	80840001	80880000
8	80880001	80920000
8	80920001	80960000
8	80960001	81000000
8	81000001	81040000
8	81040001	81080000
8	81080001	81120000
8	81120001	81160000
8	81160001	81200000
8	81200001	81240000
8	81240001	81280000
8	81280001	81320000
8	81320001	81360000
8	81360001	81400000
8	81400001	81440000
8	81440001	81480000
8	81480001	81520000
8	81520001	81560000
8	81560001	81600000
8	81600001	81640000
8	81640001	81680000
8	81680001	81720000
8	81720001	81760000
8	81760001	81800000
8	81800001	81840000
8	81840001	81880000
8	81880001	81920000
8	81920001	81960000
8	81960001	82000000
8	82000001	82040000
8	82040001	82080000
8	82080001	82120000
8	82120001	82160000
8	82160001	82200000
8	82200001	82240000
8	82240001	82280000
8	82280001	82320000
8	82320001	82360000
8	82360001	82400000
8	82400001	82440000
8	82440001	82480000
8	82480001	82520000
8	82520001	82560000
8	82560001	82600000
8	82600001	82640000
8	82640001	82680000
8	82680001	82720000
8	82720001	82760000
8	82760001	82800000
8	82800001	82840000
8	82840001	82880000
8	82880001	82920000
8	82920001	82960000
8	82960001	83000000
8	83000001	83040000
8	83040001	83080000
8	83080001	83120000
8	83120001	83160000
8	83160001	83200000
8	83200001	83240000
8	83240001	83280000
8	83280001	83320000
8	83320001	83360000
8	83360001	83400000
8	83400001	83440000
8	83440001	83480000
8	83480001	83520000
8	83520001	83560000
8	83560001	83600000
8	83600001	83640000
8	83640001	83680000
8	83680001	83720000
8	83720001	83760000
8	83760001	83800000
8	83800001	83840000
8	83840001	83880000
8	83880001	83920000
8	83920001	83960000
8	83960001	84000000
8	84000001	84040000
8	84040001	84080000
8	84080001	84120000
8	84120001	84160000
8	84160001	84200000
8	84200001	84240000
8	84240001	84280000
8	84280001	84320000
8	84320001	84360000
8	84360001	84400000
8	84400001	84440000
8	84440001	84480000
8	84480001	84520000
8	84520001	84560000
8	84560001	84600000
8	84600001	84640000
8	84640001	84680000
8	84680001	84720000
8	84720001	84760000
8	84760001	84800000
8	84800001	84840000
8	84840001	84880000
8	84880001	84920000
8	84920001	84960000
8	84960001	85000000
8	85000001	85040000
8	85040001	85080000
8	85080001	85120000
8	85120001	85160000
8	85160001	85200000
8	85200001	85240000
8	85240001	85280000
8	85280001	85320000
8	85320001	85360000
8	85360001	85400000
8	85400001	85440000
8	85440001	85480000
8	85480001	85520000
8	85520001	85560000
8	85560001	85600000
8	85600001	85640000
8	85640001	85680000
8	85680001	85720000
8	85720001	85760000
8	85760001	85800000
8	85800001	85840000
8	85840001	85880000
8	85880001	85920000
8	85920001	85960000
8	85960001	86000000
8	86000001	86040000
8	86040001	86080000
8	86080001	86120000
8	86120001	86160000
8	86160001	86200000
8	86200001	86240000
8	86240001	86280000
8	86280001	86320000
8	86320001	86360000
8	86360001	86400000
8	86400001	86440000
8	86440001	86480000
8	86480001	86520000
8	86520001	86560000
8	86560001	86600000
8	86600001	86640000
8	86640001	86680000
8	86680001	86720000
8	86720001	86760000
8	86760001	86800000
8	86800001	86840000
8	86840001	86880000
8	86880001	86920000
8	86920001	86960000
8	86960001	87000000
8	87000001	87040000
8	87040001	87080000
8	87080001	87120000
8	87120001	87160000
8	87160001	87200000
8	87200001	87240000
8	87240001	87280000
8	87280001	87320000
8	87320001	87360000
8	87360001	87400000
8	87400001	87440000
8	87440001	87480000
8	87480001	87520000
8	87520001	87560000
8	87560001	87600000
8	87600001	87640000
8	87640001	87680000
8	87680001	87720000
8	87720001	87760000
8	87760001	87800000
8	87800001	87840000
8	87840001	87880000
8	87880001	87920000
8	87920001	87960000
8	87960001	88000000
8	88000001	88040000
8	88040001	88080000
8	88080001	88120000
8	88120001	88160000
8	88160001	88200000
8	88200001	88240000
8	88240001	88280000
8	88280001	88320000
8	88320001	88360000
8	88360001	88400000
8	88400001	88440000
8	88440001	88480000
8	88480001	88520000
8	88520001	88560000
8	88560001	88600000
8	88600001	88640000
8	88640001	88680000
8	88680001	88720000
8	88720001	88760000
8	88760001	88800000
8	88800001	88840000
8	88840001	88880000
8	88880001	88920000
8	88920001	88960000
8	88960001	89000000
8	89000001	89040000
8	89040001	89080000
8	89080001	89120000
8	89120001	89160000
8	89160001	89200000
8	89200001	89240000
8	89240001	89280000
8	89280001	89320000
8	89320001	89360000
8	89360001	89400000
8	89400001	89440000
8	89440001	89480000
8	89480001	89520000
8	89520001	89560000
8	89560001	89600000
8	89600001	89640000
8	89640001	89680000
8	89680001	89720000
8	89720001	89760000
8	89760001	89800000
8	89800001	89840000
8	89840001	89880000
8	89880001	89920000
8	89920001	89960000
8	89960001	90000000
8	90000001	90040000
8	90040001	90080000
8	90080001	90120000
8	90120001	90160000
8	90160001	90200000
8	90200001	90240000
8	90240001	90280000
8	90280001	90320000
8	90320001	90360000
8	90360001	90400000
8	90400001	90440000
8	90440001	90480000
8	90480001	90520000
8	90520001	90560000
8	90560001	90600000
8	90600001	90640000
8	90640001	90680000
8	90680001	90720000
8	90720001	90760000
8	90760001	90800000
8	90800001	90840000
8	90840001	90880000
8	90880001	90920000
8	90920001	90960000
8	90960001	91000000
8	91000001	91040000
8	91040001	91080000
8	91080001	91120000
8	91120001	91160000
8	91160001	91200000
8	91200001	91240000
8	91240001	91280000
8	91280001	91320000
8	91320001	91360000
8	91360001	91400000
8	91400001	91440000
8	91440001	91480000
8	91480001	91520000
8	91520001	91560000
8	91560001	91600000
8	91600001	91640000
8	91640001	91680000
8	91680001	91720000
8	91720001	91760000
8	91760001	91800000
8	91800001	91840000
8	91840001	91880000
8	91880001	91920000
8	91920001	91960000
8	91960001	92000000
8	92000001	92040000
8	92040001	92080000
8	92080001	92120000
8	92120001	92160000
8	92160001	92200000
8	92200001	92240000
8	92240001	92280000
8	92280001	92320000
8	92320001	92360000
8	92360001	92400000
8	92400001	92440000
8	92440001	92480000
8	92480001	92520000
8	92520001	92560000
8	92560001	92600000
8	92600001	92640000
8	92640001	92680000
8	92680001	92720000
8	92720001	92760000
8	92760001	92800000
8	92800001	92840000
8	92840001	92880000
8	92880001	92920000
8	92920001	92960000
8	92960001	93000000
8	93000001	93040000
8	93040001	93080000
8	93080001	93120000
8	93120001	93160000
8	93160001	93200000
8	93200001	93240000
8	93240001	93280000
8	93280001	93320000
8	93320001	93360000
8	93360001	93400000
8	93400001	93440000
8	93440001	93480000
8	93480001	93520000
8	93520001	93560000
8	93560001	93600000
8	93600001	93640000
8	93640001	93680000
8	93680001	93720000
8	93720001	93760000
8	93760001	93800000
8	93800001	93840000
8	93840001	93880000
8	93880001	93920000
8	93920001	93960000
8	93960001	94000000
8	94000001	94040000
8	94040001	94080000
8	94080001	94120000
8	94120001	94160000
8	94160001	94200000
8	94200001	94240000
8	94240001	94280000
8	94280001	94320000
8	94320001	94360000
8	94360001	94400000
8	94400001	94440000
8	94440001	94480000
8	94480001	94520000
8	94520001	94560000
8	94560001	94600000
8	94600001	94640000
8	94640001	94680000
8	94680001	94720000
8	94720001	94760000
8	94760001	94800000
8	94800001	94840000
8	94840001	94880000
8	94880001	94920000
8	94920001	94960000
8	94960001	95000000
8	95000001	95040000
8	95040001	95080000
8	95080001	95120000
8	95120001	95160000
8	95160001	95200000
8	95200001	95240000
8	95240001	95280000
8	95280001	95320000
8	95320001	95360000
8	95360001	95400000
8	95400001	95440000
8	95440001	95480000
8	95480001	95520000
8	95520001	95560000
8	95560001	95600000
8	95600001	95640000
8	95640001	95680000
8	95680001	95720000
8	95720001	95760000
8	95760001	95800000
8	95800001	95840000
8	95840001	95880000
8	95880001	95920000
8	95920001	95960000
8	95960001	96000000
8	96000001	96040000
8	96040001	96080000
8	96080001	96120000
8	96120001	96160000
8	96160001	96200000
8	96200001	96240000
8	96240001	96280000
8	96280001	96320000
8	96320001	96360000
8	96360001	96400000
8	96400001	96440000
8	96440001	96480000
8	96480001	96520000
8	96520001	96560000
8	96560001	96600000
8	96600001	96640000
8	96640001	96680000
8	96680001	96720000
8	96720001	96760000
8	96760001	96800000
8	96800001	96840000
8	96840001	96880000
8	96880001	96920000
8	96920001	96960000
8	96960001	97000000
8	97000001	97040000
8	97040001	97080000
8	97080001	97120000
8	97120001	97160000
8	97160001	97200000
8	97200001	97240000
8	97240001	97280000
8	97280001	97320000
8	97320001	97360000
8	97360001	97400000
8	97400001	97440000
8	97440001	97480000
8	97480001	97520000
8	97520001	97560000
8	97560001	97600000
8	97600001	97640000
8	97640001	97680000
8	97680001	97720000
8	97720001	97760000
8	97760001	97800000
8	97800001	97840000
8	97840001	97880000
8	97880001	97920000
8	97920001	97960000
8	97960001	98000000
8	98000001	98040000
8	98040001	98080000
8	98080001	98120000
8	98120001	98160000
8	98160001	98200000
8	98200001	98240000
8	98240001	98280000
8	98280001	98320000
8	98320001	98360000
8	98360001	98400000
8	98400001	98440000
8	98440001	98480000
8	98480001	98520000
8	98520001	98560000
8	98560001	98600000
8	98600001	98640000
8	98640001	98680000
8	98680001	98720000
8	98720001	98760000
8	98760001	98800000
8	98800001	98840000
8	98840001	98880000
8	98880001	98920000
8	98920001	98960000
8	98960001	99000000
8	99000001	99040000
8	99040001	99080000
8	99080001	99120000
8	99120001	99160000
8	99160001	99200000
8	99200001	99240000
8	99240001	99280000
8	99280001	99320000
8	99320001	99360000
8	99360001	99400000
8	99400001	99440000
8	99440001	99480000
8	99480001	99520000
8	99520001	99560000
8	99560001	99600000
8	99600001	99640000
8	99640001	99680000
8	99680001	99720000
8	99720001	99760000
8	99760001	99800000
8	99800001	99840000
8	99840001	99880000
8	99880001	99920000
8	99920001	99960000
8	99960001	100000000
8	100000001	100040000
8	100040001	100080000
8	100080001	100120000
8	100120001	100160000
8	100160001	100200000
8	100200001	100240000
8	100240001	100280000
8	100280001	100320000
8	100320001	100360000
8	100360001	100400000
8	100400001	100440000
8	100440001	100480000
8	100480001	100520000
8	100520001	100560000
8	100560001	100600000
8	100600001	100640000
8	100640001	100680000
8	100680001	100720000
8	100720001	100760000
8	100760001	100800000
8	100800001	100840000
8	100840001	100880000
8	100880001	100920000
8	100920001	100960000
8	100960001	101000000
8	101000001	101040000
8	101040001	101080000
8	101080001	101120000
8	101120001	101160000
8	101160001	101200000
8	101200001	101240000
8	101240001	101280000
8	101280001	101320000
8	101320001	101360000
8	101360001	101400000
8	101400001	101440000
8	101440001	101480000
8	101480001	101520000
8	101520001	101560000
8	101560001	101600000
8	101600001	101640000
8	101640001	101680000
8	101680001	101720000
8	101720001	101760000
8	101760001	101800000
8	101800001	101840000
8	101840001	101880000
8	101880001	101920000
8	101920001	101960000
8	101960001	102000000
8	102000001	102040000
8	102040001	102080000
8	102080001	102120000
8	102120001	102160000
8	102160001	102200000
8	102200001	102240000
8	102240001	102280000
8	102280001	102320000
8	102320001	102360000
8	102360001	102400000
8	102400001	102440000
8	102440001	102480000
8	102480001	102520000
8	102520001	102560000
8	102560001	102600000
8	102600001	102640000
8	102640001	102680000
8	102680001	102720000
8	102720001	102760000
8	102760001	102800000
8	102800001	102840000
8	102840001	102880000
8	102880001	102920000
8	102920001	102960000
8	102960001	103000000
8	103000001	103040000
8	103040001	103080000
8	103080001	103120000
8	103120001	103160000
8	103160001	103200000
8	103200001	103240000
8	103240001	103280000
8	103280001	103320000
8	103320001	103360000
8	103360001	103400000
8	103400001	103440000
8	103440001	103480000
8	103480001	103520000
8	103520001	103560000
8	103560001	103600000
8	103600001	103640000
8	103640001	103680000
8	103680001	103720000
8	103720001	103760000
8	103760001	103800000
8	103800001	103840000
8	103840001	103880000
8	103880001	103920000
8	103920001	103960000
8	103960001	104000000
8	104000001	104040000
8	104040001	104080000
8	104080001	104120000
8	104120001	104160000
8	104160001	104200000
8	104200001	104240000
8	104240001	104280000
8	104280001	104320000
8	104320001	104360000
8	104360001	104400000
8	104400001	104440000
8	104440001	104480000
8	104480001	104520000
8	104520001	104560000
8	104560001	104600000
8	104600001	104640000
8	104640001	104680000
8	104680001	104720000
8	104720001	104760000
8	104760001	104800000
8	104800001	104840000
8	104840001	104880000
8	104880001	104920000
8	104920001	104960000
8	104960001	105000000
8	105000001	105040000
8	105040001	105080000
8	105080001	105120000
8	105120001	105160000
8	105160001	105200000
8	105200001	105240000
8	105240001	105280000
8	105280001	105320000
8	105320001	105360000
8	105360001	105400000
8	105400001	105440000
8	105440001	105480000
8	105480001	105520000
8	105520001	105560000
8	105560001	105600000
8	105600001	105640000
8	105640001	105680000
8	105680001	105720000
8	105720001	105760000
8	105760001	105800000
8	105800001	105840000
8	105840001	105880000
8	105880001	105920000
8	105920001	105960000
8	105960001	106000000
8	106000001	106040000
8	106040001	106080000
8	106080001	106120000
8	106120001	106160000
8	106160001	106200000
8	106200001	106240000
8	106240001	106280000
8	106280001	106320000
8	106320001	106360000
8	106360001	106400000
8	106400001	106440000
8	106440001	106480000
8	106480001	106520000
8	106520001	106560000
8	106560001	106600000
8	106600001	106640000
8	106640001	106680000
8	106680001	106720000
8	106720001	106760000
8	106760001	106800000
8	106800001	106840000
8	106840001	106880000
8	106880001	106920000
8	106920001	106960000
8	106960001	107000000
8	107000001	107040000
8	107040001	107080000
8	107080001	107120000
8	107120001	107160000
8	107160001	107200000
8	107200001	107240000
8	107240001	107280000
8	107280001	107320000
8	107320001	107360000
8	107360001	107400000
8	107400001	107440000
8	107440001	107480000
8	107480001	107520000
8	107520001	107560000
8	107560001	107600000
8	107600001	107640000
8	107640001	107680000
8	107680001	107720000
8	107720001	107760000
8	107760001	107800000
8	107800001	107840000
8	107840001	107880000
8	107880001	107920000
8	107920001	107960000
8	107960001	108000000
8	108000001	108040000
8	108040001	108080000
8	108080001	108120000
8	108120001	108160000
8	108160001	108200000
8	108200001	108240000
8	108240001	108280000
8	108280001	108320000
8	108320001	108360000
8	108360001	108400000
8	108400001	108440000
8	108440001	108480000
8	108480001	108520000
8	108520001	108560000
8	108560001	108600000
8	108600001	108640000
8	108640001	108680000
8	108680001	108720000
8	108720001	108760000
8	108760001	108800000
8	108800001	108840000
8	108840001	108880000
8	108880001	108920000
8	108920001	108960000
8	108960001	109000000
8	109000001	109040000
8	109040001	109080000
8	109080001	109120000
8	109120001	109160000
8	109160001	109200000
8	109200001	109240000
8	109240001	109280000
8	109280001	109320000
8	109320001	109360000
8	109360001	109400000
8	109400001	109440000
8	109440001	109480000
8	109480001	109520000
8	109520001	109560000
8	109560001	109600000
8	109600001	109640000
8	109640001	109680000
8	109680001	109720000
8	109720001	109760000
8	109760001	109800000
8	109800001	109840000
8	109840001	109880000
8	109880001	109920000
8	109920001	109960000
8	109960001	110000000
8	110000001	110040000
8	110040001	110080000
8	110080001	110120000
8	110120001	110160000
8	110160001	110200000
8	110200001	110240000
8	110240001	110280000
8	110280001	110320000
8	110320001	110360000
8	110360001	110400000
8	110400001	110440000
8	110440001	110480000
8	110480001	110520000
8	110520001	110560000
8	110560001	110600000
8	110600001	110640000
8	110640001	110680000
8	110680001	110720000
8	110720001	110760000
8	110760001	110800000
8	110800001	110840000
8	110840001	110880000
8	110880001	110920000
8	110920001	110960000
8	110960001	111000000
8	111000001	111040000
8	111040001	111080000
8	111080001	111120000
8	111120001	111160000
8	111160001	111200000
8	111200001	111240000
8	111240001	111280000
8	111280001	111320000
8	111320001	111360000
8	111360001	111400000
8	111400001	111440000
8	111440001	111480000
8	111480001	111520000
8	111520001	111560000
8	111560001	111600000
8	111600001	111640000
8	111640001	111680000
8	111680001	111720000
8	111720001	111760000
8	111760001	111800000
8	111800001	111840000
8	111840001	111880000
8	111880001	111920000
8	111920001	111960000
8	111960001	112000000
8	112000001	112040000
8	112040001	112080000
8	112080001	112120000
8	112120001	112160000
8	112160001	112200000
8	112200001	112240000
8	112240001	112280000
8	112280001	112320000
8	112320001	112360000
8	112360001	112400000
8	112400001	112440000
8	112440001	112480000
8	112480001	112520000
8	112520001	112560000
8	112560001	112600000
8	112600001	112640000
8	112640001	112680000
8	112680001	112720000
8	112720001	112760000
8	112760001	112800000
8	112800001	112840000
8	112840001	112880000
8	112880001	112920000
8	112920001	112960000
8	112960001	113000000
8	113000001	113040000
8	113040001	113080000
8	113080001	113120000
8	113120001	113160000
8	113160001	113200000
8	113200001	113240000
8	113240001	113280000
8	113280001	113320000
8	113320001	113360000
8	113360001	113400000
8	113400001	113440000
8	113440001	113480000
8	113480001	113520000
8	113520001	113560000
8	113560001	113600000
8	113600001	113640000
8	113640001	113680000
8	113680001	113720000
8	113720001	113760000
8	113760001	113800000
8	113800001	113840000
8	113840001	113880000
8	113880001	113920000
8	113920001	113960000
8	113960001	114000000
8	114000001	114040000
8	114040001	114080000
8	114080001	114120000
8	114120001	114160000
8	114160001	114200000
8	114200001	114240000
8	114240001	114280000
8	114280001	114320000
8	114320001	114360000
8	114360001	114400000
8	114400001	114440000
8	114440001	114480000
8	114480001	114520000
8	114520001	114560000
8	114560001	114600000
8	114600001	114640000
8	114640001	114680000
8	114680001	114720000
8	114720001	114760000
8	114760001	114800000
8	114800001	114840000
8	114840001	114880000
8	114880001	114920000
8	114920001	114960000
8	114960001	115000000
8	115000001	115040000
8	115040001	115080000
8	115080001	115120000
8	115120001	115160000
8	115160001	115200000
8	115200001	115240000
8	115240001	115280000
8	115280001	115320000
8	115320001	115360000
8	115360001	115400000
8	115400001	115440000
8	115440001	115480000
8	115480001	115520000
8	115520001	115560000
8	115560001	115600000
8	115600001	115640000
8	115640001	115680000
8	115680001	115720000
8	115720001	115760000
8	115760001	115800000
8	115800001	115840000
8	115840001	115880000
8	115880001	115920000
8	115920001	115960000
8	115960001	116000000
8	116000001	116040000
8	116040001	116080000
8	116080001	116120000
8	116120001	116160000
8	116160001	116200000
8	116200001	116240000
8	116240001	116280000
8	116280001	116320000
8	116320001	116360000
8	116360001	116400000
8	116400001	116440000
8	116440001	116480000
8	116480001	116520000
8	116520001	116560000
8	116560001	116600000
8	116600001	116640000
8	116640001	116680000
8	116680001	116720000
8	116720001	116760000
8	116760001	116800000
8	116800001	116840000
8	116840001	116880000
8	116880001	116920000
8	116920001	116960000
8	116960001	117000000
8	117000001	117040000
8	117040001	117080000
8	117080001	117120000
8	117120001	117160000
8	117160001	117200000
8	117200001	117240000
8	117240001	117280000
8	117280001	117320000
8	117320001	117360000
8	117360001	117400000
8	117400001	117440000
8	117440001	117480000
8	117480001	117520000
8	117520001	117560000
8	117560001	117600000
8	117600001	117640000
8	117640001	117680000
8	117680001	117720000
8	117720001	117760000
8	117760001	117800000
8	117800001	117840000
8	117840001	117880000
8	117880001	117920000
8	117920001	117960000
8	117960001	118000000
8	118000001	118040000
8	118040001	118080000
8	118080001	118120000
8	118120001	118160000
8	118160001	118200000
8	118200001	118240000
8	118240001	118280000
8	118280001	118320000
8	118320001	118360000
8	118360001	118400000
8	118400001	118440000
8	118440001	118480000
8	118480001	118520000
8	118520001	118560000
8	118560001	118600000
8	118600001	118640000
8	118640001	118680000
8	118680001	118720000
8	118720001	118760000
8	118760001	118800000
8	118800001	118840000
8	118840001	118880000
8	118880001	118920000
8	118920001	118960000
8	118960001	119000000
8	119000001	119040000
8	119040001	119080000
8	119080001	119120000
8	119120001	119160000
8	119160001	119200000
8	119200001	119240000
8	119240001	119280000
8	119280001	119320000
8	119320001	119360000
8	119360001	119400000
8	119400001	119440000
8	119440001	119480000
8	119480001	119520000
8	119520001	119560000
8	119560001	119600000
8	119600001	119640000
8	119640001	119680000
8	119680001	119720000
8	119720001	119760000
8	119760001	119800000
8	119800001	119840000
8	119840001	119880000
8	119880001	119920000
8	119920001	119960000
8	119960001	120000000
8	120000001	120040000
8	120040001	120080000
8	120080001	120120000
8	120120001	120160000
8	120160001	120200000
8	120200001	120240000
8	120240001	120280000
8	120280001	120320000
8	120320001	120360000
8	120360001	120400000
8	120400001	120440000
8	120440001	120480000
8	120480001	120520000
8	120520001	120560000
8	120560001	120600000
8	120600001	120640000
8	120640001	120680000
8	120680001	120720000
8	120720001	120760000
8	120760001	120800000
8	120800001	120840000
8	120840001	120880000
8	120880001	120920000
8	120920001	120960000
8	120960001	121000000
8	121000001	121040000
8	121040001	121080000
8	121080001	121120000
8	121120001	121160000
8	121160001	121200000
8	121200001	121240000
8	121240001	121280000
8	121280001	121320000
8	121320001	121360000
8	121360001	121400000
8	121400001	121440000
8	121440001	121480000
8	121480001	121520000
8	121520001	121560000
8	121560001	121600000
8	121600001	121640000
8	121640001	121680000
8	121680001	121720000
8	121720001	121760000
8	121760001	121800000
8	121800001	121840000
8	121840001	121880000
8	121880001	121920000
8	121920001	121960000
8	121960001	122000000
8	122000001	122040000
8	122040001	122080000
8	122080001	122120000
8	122120001	122160000
8	122160001	122200000
8	122200001	122240000
8	122240001	122280000
8	122280001	122320000
8	122320001	122360000
8	122360001	122400000
8	122400001	122440000
8	122440001	122480000
8	122480001	122520000
8	122520001	122560000
8	122560001	122600000
8	122600001	122640000
8	122640001	122680000
8	122680001	122720000
8	122720001	122760000
8	122760001	122800000
8	122800001	122840000
8	122840001	122880000
8	122880001	122920000
8	122920001	122960000
8	122960001	123000000
8	123000001	123040000
8	123040001	123080000
8	123080001	123120000
8	123120001	123160000
8	123160001	123200000
8	123200001	123240000
8	123240001	123280000
8	123280001	123320000
8	123320001	123360000
8	123360001	123400000
8	123400001	123440000
8	123440001	123480000
8	123480001	123520000
8	123520001	123560000
8	123560001	123600000
8	123600001	123640000
8	123640001	123680000
8	123680001	123720000
8	123720001	123760000
8	123760001	123800000
8	123800001	123840000
8	123840001	123880000
8	123880001	123920000
8	123920001	123960000
8	123960001	124000000
8	124000001	124040000
8	124040001	124080000
8	124080001	124120000
8	124120001	124160000
8	124160001	124200000
8	124200001	124240000
8	124240001	124280000
8	124280001	124320000
8	124320001	124360000
8	124360001	124400000
8	124400001	124440000
8	124440001	124480000
8	124480001	124520000
8	124520001	124560000
8	124560001	124600000
8	124600001	124640000
8	124640001	124680000
8	124680001	124720000
8	124720001	124760000
8	124760001	124800000
8	124800001	124840000
8	124840001	124880000
8	124880001	124920000
8	124920001	124960000
8	124960001	125000000
8	125000001	125040000
8	125040001	125080000
8	125080001	125120000
8	125120001	125160000
8	125160001	125200000
8	125200001	125240000
8	125240001	125280000
8	125280001	125320000
8	125320001	125360000
8	125360001	125400000
8	125400001	125440000
8	125440001	125480000
8	125480001	125520000
8	125520001	125560000
8	125560001	125600000
8	125600001	125640000
8	125640001	125680000
8	125680001	125720000
8	125720001	125760000
8	125760001	125800000
8	125800001	125840000
8	125840001	125880000
8	125880001	125920000
8	125920001	125960000
8	125960001	126000000
8	126000001	126040000
8	126040001	126080000
8	126080001	126120000
8	126120001	126160000
8	126160001	126200000
8	126200001	126240000
8	126240001	126280000
8	126280001	126320000
8	126320001	126360000
8	126360001	126400000
8	126400001	126440000
8	126440001	126480000
8	126480001	126520000
8	126520001	126560000
8	126560001	126600000
8	126600001	126640000
8	126640001	126680000
8	126680001	126720000
8	126720001	126760000
8	126760001	126800000
8	126800001	126840000
8	126840001	126880000
8	126880001	126920000
8	126920001	126960000
8	126960001	127000000
8	127000001	127040000
8	127040001	127080000
8	127080001	127120000
8	127120001	127160000
8	127160001	127200000
8	127200001	127240000
8	127240001	127280000
8	127280001	127320000
8	127320001	127360000
8	127360001	127400000
8	127400001	127440000
8	127440001	127480000
8	127480001	127520000
8	127520001	127560000
8	127560001	127600000
8	127600001	127640000
8	127640001	127680000
8	127680001	127720000
8	127720001	127760000
8	127760001	127800000
8	127800001	127840000
8	127840001	127880000
8	127880001	127920000
8	127920001	127960000
8	127960001	128000000
8	128000001	128040000
8	128040001	128080000
8	128080001	128120000
8	128120001	128160000
8	128160001	128200000
8	128200001	128240000
8	128240001	128280000
8	128280001	128320000
8	128320001	128360000
8	128360001	128400000
8	128400001	128440000
8	128440001	128480000
8	128480001	128520000
8	128520001	128560000
8	128560001	128600000
8	128600001	128640000
8	128640001	128680000
8	128680001	128720000
8	128720001	128760000
8	128760001	128800000
8	128800001	128840000
8	128840001	128880000
8	128880001	128920000
8	128920001	128960000
8	128960001	129000000
8	129000001	129040000
8	129040001	129080000
8	129080001	129120000
8	129120001	129160000
8	129160001	129200000
8	129200001	129240000
8	129240001	129280000
8	129280001	129320000
8	129320001	129360000
8	129360001	129400000
8	129400001	129440000
8	129440001	129480000
8	129480001	129520000
8	129520001	129560000
8	129560001	129600000
8	129600001	129640000
8	129640001	129680000
8	129680001	129720000
8	129720001	129760000
8	129760001	129800000
8	129800001	129840000
8	129840001	129880000
8	129880001	129920000
8	129920001	129960000
8	129960001	130000000
8	130000001	130040000
8	130040001	130080000
8	130080001	130120000
8	130120001	130160000
8	130160001	130200000
8	130200001	130240000
8	130240001	130280000
8	130280001	130320000
8	130320001	130360000
8	130360001	130400000
8	130400001	130440000
8	130440001	130480000
8	130480001	130520000
8	130520001	130560000
8	130560001	130600000
8	130600001	130640000
8	130640001	130680000
8	130680001	130720000
8	130720001	130760000
8	130760001	130800000
8	130800001	130840000
8	130840001	130880000
8	130880001	130920000
8	130920001	130960000
8	130960001	131000000
8	131000001	131040000
8	131040001	131080000
8	131080001	131120000
8	131120001	131160000
8	131160001	131200000
8	131200001	131240000
8	131240001	131280000
8	131280001	131320000
8	131320001	131360000
8	131360001	131400000
8	131400001	131440000
8	131440001	131480000
8	131480001	131520000
8	131520001	131560000
8	131560001	131600000
8	131600001	131640000
8	131640001	131680000
8	131680001	131720000
8	131720001	131760000
8	131760001	131800000
8	131800001	131840000
8	131840001	131880000
8	131880001	131920000
8	131920001	131960000
8	131960001	132000000
8	132000001	132040000
8	132040001	132080000
8	132080001	132120000
8	132120001	132160000
8	132160001	132200000
8	132200001	132240000
8	132240001	132280000
8	132280001	132320000
8	132320001	132360000
8	132360001	132400000
8	132400001	132440000
8	132440001	132480000
8	132480001	132520000
8	132520001	132560000
8	132560001	132600000
8	132600001	132640000
8	132640001	132680000
8	132680001	132720000
8	132720001	132760000
8	132760001	132800000
8	132800001	132840000
8	132840001	132880000
8	132880001	132920000
8	132920001	132960000
8	132960001	133000000
8	133000001	133040000
8	133040001	133080000
8	133080001	133120000
8	133120001	133160000
8	133160001	133200000
8	133200001	133240000
8	133240001	133280000
8	133280001	133320000
8	133320001	133360000
8	133360001	133400000
8	133400001	133440000
8	133440001	133480000
8	133480001	133520000
8	133520001	133560000
8	133560001	133600000
8	133600001	133640000
8	133640001	133680000
8	133680001	133720000
8	133720001	133760000
8	133760001	133800000
8	133800001	133840000
8	133840001	133880000
8	133880001	133920000
8	133920001	133960000
8	133960001	134000000
8	134000001	134040000
8	134040001	134080000
8	134080001	134120000
8	134120001	134160000
8	134160001	134200000
8	134200001	134240000
8	134240001	134280000
8	134280001	134320000
8	134320001	134360000
8	134360001	134400000
8	134400001	134440000
8	134440001	134480000
8	134480001	134520000
8	134520001	134560000
8	134560001	134600000
8	134600001	134640000
8	134640001	134680000
8	134680001	134720000
8	134720001	134760000
8	134760001	134800000
8	134800001	134840000
8	134840001	134880000
8	134880001	134920000
8	134920001	134960000
8	134960001	135000000
8	135000001	135040000
8	135040001	135080000
8	135080001	135120000
8	135120001	135160000
8	135160001	135200000
8	135200001	135240000
8	135240001	135280000
8	135280001	135320000
8	135320001	135360000
8	135360001	135400000
8	135400001	135440000
8	135440001	135480000
8	135480001	135520000
8	135520001	135560000
8	135560001	135600000
8	135600001	135640000
8	135640001	135680000
8	135680001	135720000
8	135720001	135760000
8	135760001	135800000
8	135800001	135840000
8	135840001	135880000
8	135880001	135920000
8	135920001	135960000
8	135960001	136000000
8	136000001	136040000
8	136040001	136080000
8	136080001	136120000
8	136120001	136160000
8	136160001	136200000
8	136200001	136240000
8	136240001	136280000
8	136280001	136320000
8	136320001	136360000
8	136360001	136400000
8	136400001	136440000
8	136440001	136480000
8	136480001	136520000
8	136520001	136560000
8	136560001	136600000
8	136600001	136640000
8	136640001	136680000
8	136680001	136720000
8	136720001	136760000
8	136760001	136800000
8	136800001	136840000
8	136840001	136880000
8	136880001	136920000
8	136920001	136960000
8	136960001	137000000
8	137000001	137040000
8	137040001	137080000
8	137080001	137120000
8	137120001	137160000
8	137160001	137200000
8	137200001	137240000
8	137240001	137280000
8	137280001	137320000
8	137320001	137360000
8	137360001	137400000
8	137400001	137440000
8	137440001	137480000
8	137480001	137520000
8	137520001	137560000
8	137560001	137600000
8	137600001	137640000
8	137640001	137680000
8	137680001	137720000
8	137720001	137760000
8	137760001	137800000
8	137800001	137840000
8	137840001	137880000
8	137880001	137920000
8	137920001	137960000
8	137960001	138000000
8	138000001	138040000
8	138040001	138080000
8	138080001	138120000
8	138120001	138160000
8	138160001	138200000
8	138200001	138240000
8	138240001	138280000
8	138280001	138320000
8	138320001	138360000
8	138360001	138400000
8	138400001	138440000
8	138440001	138480000
8	138480001	138520000
8	138520001	138560000
8	138560001	138600000
8	138600001	138640000
8	138640001	138680000
8	138680001	138720000
8	138720001	138760000
8	138760001	138800000
8	138800001	138840000
8	138840001	138880000
8	138880001	138920000
8	138920001	138960000
8	138960001	139000000
8	139000001	139040000
8	139040001	139080000
8	139080001	139120000
8	139120001	139160000
8	139160001	139200000
8	139200001	139240000
8	139240001	139280000
8	139280001	139320000
8	139320001	139360000
8	139360001	139400000
8	139400001	139440000
8	139440001	139480000
8	139480001	139520000
8	139520001	139560000
8	139560001	139600000
8	139600001	139640000
8	139640001	139680000
8	139680001	139720000
8	139720001	139760000
8	139760001	139800000
8	139800001	139840000
8	139840001	139880000
8	139880001	139920000
8	139920001	139960000
8	139960001	140000000
8	140000001	140040000
8	140040001	140080000
8	140080001	140120000
8	140120001	140160000
8	140160001	140200000
8	140200001	140240000
8	140240001	140280000
8	140280001	140320000
8	140320001	140360000
8	140360001	140400000
8	140400001	140440000
8	140440001	140480000
8	140480001	140520000
8	140520001	140560000
8	140560001	140600000
8	140600001	140640000
8	140640001	140680000
8	140680001	140720000
8	140720001	140760000
8	140760001	140800000
8	140800001	140840000
8	140840001	140880000
8	140880001	140920000
8	140920001	140960000
8	140960001	141000000
8	141000001	141040000
8	141040001	141080000
8	141080001	141120000
8	141120001	141160000
8	141160001	141200000
8	141200001	141213431
